287.4998166852298,418.54717497469363,210.05867397320756,531.8037822131572,274.14246088839576,226.42673152035934,657.4104043855305,116.18770546252689,110.17384216584847,337.79780887782755,966.8169428556222,154.33833603896102,361.57118867243867,609.288356843166,49.060460901729556,772.584137571501,343.27711488266925,438.7546564556679,224.49421974850546,313.96910954785955,511.61866597688027,279.24052845781296,1873.4518102551037,415.97877216698646,1032.0468863272622,174.58229568248225,75.19246031746032,441.4942062831348,601.0529236107807,1141.7189627179423,128.15296286425018,354.9966382260779,279.24361076753934,547.5145482890125,40.93273809523809,582.7345520352663,524.3257453855668,1076.354539095697,145.6934763905562,24.195238095238096,346.44827599483847,44.64512471655328,114.49773809523809,29.94185606060606,372.8519167010238,34.73793650793651,44.4977818147461,34.799095349095346,18.987373737373737,228.47910311910312,30.38174603174603,161.51769684019683,48.598214285714285,50.913411753590324,27.760027472527472,56.520905483405485,12.030753968253968,15.757876984126984,99.94289442039442,21.53718820861678,200.17253205128205,124.74755462791177,9.746200396825397,28.893831168831166,121.07179799056664,7.326256613756614,1.9794207317073171,15.49547619047619,29.10154761904762,23.318993506493506,4.936111111111111,105.25932745825602,4.305555555555555,140.71115457294027,209.73488378024092,25.274772727272726,41.26941137566138,91.44679041532186,6.553174603174603,128.77315476190475,40.162103174603175,2.381666666666667,11.044642857142856,3.609090909090909,178.1499975949976,36.766666666666666,214.91936611008038,214.8973750455893,110.12006562881562,14.415555555555555,45.048483684774006,221.80563681027965,141.52358214536787,26.715575396825397,20.007023809523808,10.47797619047619,11.50215934858792,119.31990763865764,5.833333333333333,18.13767857142857,275.31286916786917,97.82155612244897,130.9195202020202,194.98097222222222,31.165437802937802,35.32525510204081,2.173611111111111,5.819444444444445,233.62482295482295,30.675595238095237,25.450177798392083,8.172501803751803,29.152261904761904,25.233759791795507,3.190909090909091,15.689520202020201,9.016666666666667,19.13095238095238,169.0930361373405,18.995833333333334,7.291666666666667,17.26718820861678,23.371031746031747,1.0047619047619047,23.199669312169313,208.05915293040292,22.947738095238094,3.333333333333333,4.583333333333333,20.586411736411737,19.081941391941392,6.742346938775509,4.753138528138528,15.588095238095239,1.4930555555555556,1.99,42.9781746031746,74.00873015873016,5.756102231102231,51.49583333333333,32.35674036281179,23.207539682539682,49.156462948815886,314.52479875283444,1.4119047619047618,2.2,11.983730158730157,12.014657287157286,9.13125,0.9642857142857143,32.14365079365079,1.55,1.3988095238095237,20.2515873015873,8.998015873015873,24.8219246031746,9.617063492063492,53.021230158730155,0.1339285714285714,48.21332621082621,1.1056547619047619,41.638690476190476,9.557372191300763,0.8142857142857143,4.173611111111111,43.45939720332577,15.00595238095238,10.303273809523809,2.8172619047619047,2.7380952380952377,0.0,29.740891053391053,0.0,1.6875,6.231977513227513,2.030952380952381,4.15,162.91091063698207,60.43154761904762,12.380079365079364,3.386904761904762,0.0,1.25,5.416666666666667,4.053571428571429,35.830059523809524,1.5674603174603172,30.325595238095236,1.0525,6.492063492063492,21.875,0.0,4.03125,0.45634920634920634,0.3571428571428571,1.0416666666666665,52.454325396825396,6.027097505668934,10.555555555555555,9.752896825396824
67.7468037890832,278.4836711711712,26.13888888888889,122.11904761904762,309.0987237237237,166.78472222222223,65.59623015873015,108.57638888888889,10.125,62.013888888888886,28.412725225225223,31.645833333333332,95.36805555555556,24.23611111111111,112.05753968253968,105.25,321.5173611111111,418.30113937466876,39.95833333333333,80.5,352.9503968253968,90.00450450450451,257.4841403903904,55.201388888888886,171.27879665379666,168.49166666666667,178.35963642213642,68.0,88.46602852852853,812.3452649077649,283.57118725868725,29.541666666666664,33.95833333333333,327.06133633633635,17.291666666666668,114.60714285714286,38.98611111111111,20.25,25.27777777777778,0.15625,37.320945945945944,11.11111111111111,117.68253968253968,19.916666666666664,59.875,7.333333333333333,121.4375,19.166666666666664,80.02222222222223,9.270833333333332,17.59722222222222,43.270833333333336,21.857142857142858,22.916666666666664,53.22708333333333,3.125,88.50347222222221,51.82539682539682,29.600694444444443,31.833333333333332,20.757936507936506,63.70238095238095,25.76539039039039,9.666666666666666,14.027777777777777,2.5,7.166666666666666,29.059523809523807,8.333333333333332,9.166666666666666,6.25,7.666666666666666,184.61111111111111,20.980555555555554,10.541666666666666,1.9791666666666665,12.5,4.791666666666666,5.0,6.458333333333333,13.972222222222221,0.625,13.027777777777779,23.680555555555554,21.11111111111111,23.77927927927928,12.333333333333332,3.958333333333333,13.583333333333332,15.833333333333332,1.25,23.4375,5.833333333333333,30.59722222222222,9.083333333333334,4.375,6.666666666666666,16.680555555555554,5.666666666666666,9.166666666666666,34.625,26.194444444444443,15.591269841269842,27.52777777777778,5.0,4.583333333333333,5.75,3.333333333333333,8.833333333333334,8.506944444444445,16.25,27.208333333333332,4.875,8.75,6.666666666666666,13.633333333333333,6.708333333333333,62.785714285714285,9.166666666666666,4.166666666666666,8.645833333333332,8.625,5.416666666666666,0.8333333333333333,26.723723723723722,3.9166666666666665,8.75,4.375,12.041666666666666,7.375,5.291666666666667,13.69047619047619,21.25,3.75,19.458333333333332,2.5,5.416666666666666,9.583333333333334,1.875,6.5,0.75,9.895833333333332,7.0625,1.0,0.0,0.0,0.0,4.375,8.862612612612613,0.0,10.0,0.3645833333333333,0.0,2.5,0.0,5.0,4.583333333333333,0.0,0.0,7.9226190476190474,0.0,5.416666666666666,4.166666666666666,0.625,0.0,3.333333333333333,4.583333333333333,2.5,0.0,5.833333333333333,3.75,0.0,0.0,0.0,0.0,0.0,1.25,3.0555555555555554,1.25,2.7083333333333335,7.5,0.0,0.75,0.0,3.75,0.0,2.0,0.0,1.25,0.0,1.25,0.8333333333333333,1.25,5.0,5.0,0.0,0.0,1.25,0.0,0.0
242.20786130336825,311.6718410334326,108.13886124240601,314.8023944115242,511.86508107030687,141.82264593020162,204.56646874950445,207.1929816798514,134.20194686266115,127.95294025004846,476.3033480267955,35.450015262515265,192.64822816072817,200.53156924493132,393.0070959949743,304.17413836163837,515.5193930928406,549.3289572006489,157.49282727854157,250.57978248603249,431.53814303862265,250.4370294245421,1146.0098972304618,246.29811088188188,377.9593931809627,254.6010775359754,205.87439296814296,177.93908505515648,230.53931336520623,2012.904317525853,162.5974163947578,23.527354829078966,80.0106930767645,268.0047420062301,24.957188644688642,76.49102633477634,99.8687899402185,378.1310214123434,69.69916492237921,1.5972222222222223,134.49707841761412,49.79408884766028,94.2267766955267,65.56161454286455,56.79320927088784,2.8827838827838828,66.67193967668038,21.8462475024975,75.83566908237961,95.42766955266954,69.37152777777777,86.65994294448241,267.7383671898769,124.97643248656351,8.208409645909645,21.655122655122653,8.75,18.13998950396009,62.874642514348395,34.667008983080414,28.323412698412696,25.599569081711937,21.106646825396826,3.8272907647907646,100.33984501195322,30.84875541125541,11.943881321930101,3.5506854256854257,2.46031746031746,11.169823232323232,5.306051587301587,8.361549165120593,7.909356725146199,13.678713151927438,47.26524123635468,40.8313492063492,2.2023809523809526,18.402229921819472,89.6113513864515,63.34860625485626,22.451253607503606,3.058712121212121,2.5892857142857144,10.862062937062937,66.68154761904762,35.98778305028305,40.1840490858348,147.2001887001887,38.202497665732956,5.977678571428571,25.41499763677183,98.26147959183673,52.019563274027554,14.505952380952381,19.382530663780663,19.5690386002886,2.13265306122449,68.2252886002886,27.734154734154732,2.8522727272727275,38.30402236652237,19.73371568907283,25.66360028860029,35.781302031302026,6.64341418385536,34.31287102621689,0.9593531468531469,25.88098244348244,73.50946275946275,14.774801587301587,20.88793547722119,16.547619047619047,2.306547619047619,9.481292517006803,2.3214285714285716,3.172138047138047,10.9375,34.448502886002885,25.206554195626687,2.8125,7.109126984126984,12.964002267573695,5.629442195231668,6.023809523809524,6.171950598421186,38.36643217893218,5.629464285714286,5.437823614294203,1.1231060606060606,15.138167388167387,3.3571428571428568,0.2040816326530612,0.0,3.5446428571428568,0.7291666666666666,4.311011904761904,4.670634920634921,8.458333333333332,9.946518759018758,0.5952380952380951,2.5138068385248835,31.558531746031747,38.236041736041734,57.140172327672325,0.0,5.166666666666666,12.60218253968254,6.080357142857142,1.0277777777777777,3.5218253968253967,7.779761904761904,13.107767232767232,0.8571428571428571,0.5,11.959325396825397,12.96031746031746,10.29374098124098,12.313457375957375,7.253246753246753,3.2837301587301586,0.3970588235294118,8.771657509157508,7.618131031581492,19.75960012210012,14.618975795446383,2.986667102738531,5.560657596371882,1.064664502164502,46.32774725274725,4.998015873015873,3.7777777777777777,16.518127705627705,0.0,0.0,4.5,7.845238095238095,0.41666666666666663,3.3432539682539684,48.654621998371994,2.875,3.5863095238095237,3.333333333333333,0.0,0.5,4.300595238095237,1.0,2.970238095238095,4.309523809523809,1.4583333333333333,17.4643759018759,17.320283882783883,2.609126984126984,0.0,0.7777777777777778,0.8333333333333333,0.0,15.068938006438007,3.970238095238095,9.019841269841269,1.4772727272727273
63.141865079365076,235.84848484848484,14.979166666666666,67.51458333333333,56.827083333333334,58.676785714285714,18.595833333333335,100.68472222222222,16.229166666666664,49.80555555555556,39.86954365079365,6.75,147.11875,26.775694444444444,25.701388888888886,69.94444444444444,215.91438492063492,160.859126984127,23.12847222222222,26.520833333333332,190.3986111111111,142.17222222222222,121.15714285714286,65.53690476190476,180.08353174603175,41.26190476190476,25.356646825396826,126.36944444444444,109.97638888888889,546.3578581871345,114.29166666666667,19.006944444444443,62.81289682539683,281.9300595238095,59.45337301587301,37.03415404040404,10.368055555555555,38.37083333333333,47.912562656641605,11.749999999999998,3.4000000000000004,5.733333333333333,31.291666666666664,3.3402777777777777,21.26190476190476,12.1875,32.375,12.083333333333332,35.763888888888886,11.333333333333334,9.924999999999999,13.316666666666666,8.868055555555555,26.208333333333332,94.26699561403508,88.30902777777777,72.09722222222221,12.07638888888889,6.006944444444445,12.020833333333332,6.708333333333333,7.166666666666667,36.9375,5.559027777777778,1.7708333333333333,28.354166666666664,0.6666666666666666,4.604166666666666,4.94047619047619,4.6875,0.6458333333333333,5.677083333333334,21.072916666666668,17.583333333333332,4.822916666666666,3.625,9.229166666666666,2.083333333333333,0.3125,2.6666666666666665,0.9375,22.78154761904762,8.1875,32.760416666666664,1.4583333333333335,0.9722222222222222,3.958333333333333,3.6160714285714284,2.583333333333333,12.73611111111111,3.833333333333333,1.4583333333333333,2.1875,3.875,2.4166666666666665,104.79444444444444,9.581349206349206,2.208333333333333,2.5,3.5,17.36111111111111,6.95,3.625,12.666666666666666,0.16666666666666666,7.625,1.1458333333333333,0.0,17.614583333333332,70.02430555555556,3.4375,1.0,21.364583333333332,5.020833333333333,0.25,12.5,11.23263888888889,30.0,0.0,0.9375,1.5416666666666665,6.263888888888888,0.1388888888888889,1.25,1.6666666666666665,0.75,2.2916666666666665,12.791666666666666,14.660416666666666,4.395833333333333,4.9375,0.8125,247.84407894736842,5.1875,25.6875,23.226608187134502,0.5833333333333333,2.3194444444444446,1.7291666666666665,1.0416666666666665,0.7916666666666666,12.629166666666666,8.4375,4.8125,5.944444444444445,0.8333333333333333,2.5,16.625,0.0,1.25,0.16666666666666666,0.3125,2.5,0.625,16.96527777777778,0.15625,0.0,3.333333333333333,2.708333333333333,2.083333333333333,4.166666666666667,0.0,4.791666666666666,0.0,0.5625,2.083333333333333,5.520833333333333,0.0,0.0,19.493055555555554,7.646825396825396,2.2777777777777777,7.083333333333333,2.0625,0.41666666666666663,3.125,0.0,0.0,1.25,0.9895833333333333,4.25,16.25,27.558333333333334,3.9791666666666665,0.4166666666666667,1.71875,0.2777777777777778,0.625,1.75,3.958333333333333,1.0416666666666665,14.145833333333332,14.041666666666666,0.0,1.4583333333333333,31.458333333333332,0.0,0.0,0.0,0.0
11.098299576240752,9.462797619047619,4.444444444444445,4.5,91.06810897435896,10.825885225885227,6.7559523809523805,3.4318181818181817,1.6666666666666665,1.7410714285714284,11.69326923076923,0.6675824175824177,3.2403846153846154,1.3479885057471264,3.6385233918128654,5.000763125763125,14.364370748299319,16.04375,2.5,2.9166666666666665,37.33902208902209,2.841024340770791,8.560325091575091,13.333333333333334,4.317460317460317,0.2272727272727273,3.1944444444444446,4.0625,6.738782051282051,110.82064040190974,5.889005602240896,4.129310344827586,5.945741758241758,17.435515873015873,8.877747252747252,4.5,2.25,5.535714285714286,1.6517857142857142,2.708333333333333,5.119047619047619,0.75,3.9556623931623935,0.125,3.4472539015606243,0.0,0.0,3.1486013986013988,3.601190476190476,0.75,0.0,0.0,5.369047619047619,0.0,2.8695054945054945,0.5,1.8660714285714284,0.0,7.813865546218487,0.625,0.41666666666666663,0.16666666666666666,0.0,2.25,0.0,0.0,0.40178571428571425,0.0,0.0,0.0,0.0,0.20833333333333331,0.0,0.0,0.0,0.0,0.3991596638655462,1.6666666666666665,0.0,0.0,0.41666666666666663,0.5681818181818182,0.25,0.0,0.24872448979591835,2.272727272727273,0.8035714285714285,4.3,1.3235294117647058,0.20089285714285712,0.25,0.0,0.0,0.0,0.0,0.25,2.5,1.8494897959183672,0.0,0.0,0.0,0.0,0.0,0.0,0.0,0.5555555555555556,0.0,8.226495726495726,0.0,0.0,0.0,0.0,0.0,0.0,0.0,1.0,0.0,0.0,0.0,0.0,0.0,0.0,0.0,0.7638888888888888,0.0,0.0,0.0,1.3235294117647058,0.0,0.0,0.0,0.28846153846153844,2.4107142857142856,0.0,0.0,0.0,0.0,0.0,0.0,0.0,0.0,0.0,0.0,0.0,0.0,1.125,0.0,0.0,0.0,0.0,0.0,0.0,2.86875,0.375,0.0,0.0,0.25,0.0,0.0,0.0,0.5734265734265734,0.0,0.0,0.0,0.0,0.0,0.0,0.0,2.5,0.0,0.20833333333333331,0.0,1.25,2.1428571428571423,0.0,0.0,0.2777777777777778,0.0,0.0,0.0,0.0,0.0,0.2777777777777778,0.0,0.0,0.0,0.0,0.0,0.0,0.0,0.0,0.0,0.0,0.0,0.0,6.428571428571428,0.0,0.0,0.0,0.0
247.0705559601521,91.80584272002181,61.878763649286036,108.10341047841048,337.2446373071373,151.72141053391053,96.00143298059965,85.12003968253968,10.583333333333332,51.56901010818921,100.3624574016365,2.26007326007326,125.48970705220705,122.80879401569057,79.80013083930994,54.33775946275946,267.53283167022505,592.1263945518657,47.113756613756614,99.4805996472663,220.88260582010582,100.12383981805888,299.8222128578311,149.68755305152362,174.82705026455025,105.69445800142762,113.10515873015872,79.71949578199578,158.26451673326673,550.7299171626397,259.24100294987585,58.740603904397005,139.1809371184371,134.82429453262787,42.09867216117216,27.930555555555554,44.24404761904762,75.07059651817715,54.988756613756614,28.93215811965812,86.78312183459242,28.5334145021645,84.4455266955267,56.43849206349206,156.18203843308885,7.881944444444445,0.8333333333333333,18.160409035409035,22.77245670995671,5.190476190476191,0.625,64.97023809523809,103.62291153835271,33.91468253968254,6.022893772893773,31.501984126984127,37.370039682539684,1.6274928774928774,108.04265873015872,77.31926406926407,29.830128205128204,10.666666666666666,0.0,16.734126984126984,37.9755907960199,2.206349206349206,26.091908091908092,11.222222222222221,10.532828282828284,0.4613095238095237,2.0476190476190474,19.942189754689753,10.493055555555555,5.138888888888888,36.201479076479075,10.734036796536797,7.74468954248366,8.78990464344942,3.5256410256410255,0.2777777777777778,20.942099567099568,3.8819444444444446,6.0,15.833333333333332,10.622874149659863,13.842803030303031,15.528679653679653,53.83823121323121,8.537581699346404,9.832341269841269,0.7027649769585254,18.375679059502588,61.158114761055934,20.90674603174603,10.166666666666666,0.625,4.969336219336219,28.782879818594104,6.666666666666666,0.41666666666666663,17.31953463203463,15.180555555555555,1.75,27.112103174603174,22.12797619047619,8.944444444444445,11.069444444444445,12.59920634920635,8.125,6.111111111111111,23.90277777777778,1.8055555555555556,3.476190476190476,6.317550505050505,5.160714285714286,8.828042328042327,27.767857142857142,1.4406565656565657,1.1318407960199004,9.705627705627705,5.0,0.0,2.333333333333333,4.322916666666666,8.317279942279942,20.10708041958042,1.9791666666666665,2.7320261437908497,23.22008547008547,15.0,0.8333333333333333,9.942918192918192,3.1428571428571423,3.5416666666666665,8.121475746475747,0.625,11.901289682539682,15.13888888888889,1.5625,8.854166666666666,22.697420634920633,8.94047619047619,0.0,8.895833333333334,1.3333333333333333,43.675595238095234,0.3125,4.230248917748917,10.216269841269842,1.75,0.625,0.0,12.098214285714285,3.208333333333333,2.5,11.848214285714285,0.9196428571428571,3.9310897435897436,2.0,0.0,0.3076923076923077,7.385760073260073,0.0,1.2916666666666665,0.9166666666666666,2.0238095238095237,0.625,1.2599206349206349,3.5,0.0,0.20833333333333331,7.750686813186813,81.57142857142857,48.50694444444444,5.607142857142857,1.4583333333333333,0.5555555555555556,1.1111111111111112,2.5,2.5694444444444446,0.8333333333333333,0.0,7.638888888888889,0.2777777777777778,0.3571428571428571,0.0,1.0714285714285712,2.1785714285714284,0.0,4.968253968253968,0.0,1.9563492063492063,0.0,0.3571428571428571,0.0,5.7142857142857135,0.0,0.0,3.2720588235294117,0.5555555555555556
33.04728349673203,101.46479786553316,24.86846405228758,62.909216464363524,116.3485644257703,60.955555555555556,24.704481792717086,52.106384220354805,13.333333333333332,23.61519607843137,13.394607843137255,7.5,18.372607376283845,29.409593837535013,11.977591036414566,9.473039215686274,162.24112978524744,156.48217203548086,29.173961251167132,45.458333333333336,117.04651027077497,90.28059056956116,162.21148908281262,72.0125466853408,70.70261437908496,57.05257936507936,24.753501400560225,39.80643090569561,22.855392156862745,212.23499592297966,61.33455882352941,18.05065359477124,39.93939659197012,102.9345821661998,4.791666666666667,28.958333333333332,28.958333333333332,23.730392156862745,16.227167182662537,18.16421568627451,16.700757575757574,3.125,21.52485994397759,0.0,5.625,4.791666666666667,7.361111111111111,3.333333333333333,17.202380952380953,5.948529411764706,3.625,12.027777777777777,13.056547619047619,17.357142857142858,33.178884711779446,2.5,35.951388888888886,8.525641025641026,11.197537348272641,14.508578431372548,6.458333333333333,12.8125,19.270833333333332,5.76797385620915,8.75,20.833333333333332,1.25,16.90972222222222,6.323529411764706,1.4583333333333333,4.730392156862745,4.166666666666666,19.0625,4.355392156862745,9.166666666666666,9.5,1.4583333333333333,1.6666666666666665,3.7916666666666665,2.5,4.125,0.0,7.0,37.32142857142857,8.708333333333332,2.9166666666666665,0.29411764705882354,14.976190476190474,0.0,7.791666666666666,0.0,7.25,3.333333333333333,2.083333333333333,1.6666666666666665,8.125,6.125,5.0,0.625,2.8472222222222223,4.166666666666666,3.958333333333333,6.666666666666667,9.970238095238095,3.2434640522875813,0.0,2.083333333333333,1.1458333333333333,6.958333333333333,0.19230769230769232,0.2777777777777778,1.25,1.0416666666666665,5.398809523809524,6.875,0.0,2.0833333333333335,29.375,5.416666666666666,0.3125,1.8888888888888888,1.25,0.2777777777777778,0.0,4.240196078431373,3.0925925925925926,0.8333333333333333,0.0,12.142857142857142,0.0,3.333333333333333,5.0,14.19078947368421,3.653617216117216,6.25,0.8771929824561403,0.5,0.0,0.0,0.0,2.5,2.5,6.249999999999999,1.125,1.25,7.5,0.0,0.20833333333333331,1.25,0.8333333333333333,5.0,0.0,1.56875,1.6666666666666665,0.0,0.14705882352941177,0.8333333333333333,0.0,2.5,2.083333333333333,7.083333333333333,2.5,4.791666666666666,0.0,1.25,0.8333333333333333,0.0,0.20833333333333331,0.0,0.16666666666666666,0.8333333333333333,0.2777777777777778,1.2916666666666665,1.25,0.0,2.5,0.0,3.9166666666666665,0.0,0.0,5.0,0.0,0.0,0.0,0.0,3.75,1.2152777777777777,3.125,0.0,0.5,0.0,0.0,5.208333333333333,0.0,1.25,0.0,0.0,0.0,0.0,0.0
29.639297385620914,29.22192513368984,1.7156862745098038,4.914425770308123,61.79231442577031,3.1,0.3735294117647059,6.747058823529412,0.75,6.670751633986928,6.007703081232493,0.3571428571428571,8.634313725490195,0.8718954248366013,10.614495798319327,12.098039215686274,39.285574229691875,56.978758169934636,0.22058823529411764,2.75,35.665756302521004,82.1109477124183,48.89485294117647,10.671078431372548,14.205392156862745,9.333333333333334,10.9109477124183,9.16813725490196,17.87205882352941,125.63882469654529,84.14822595704949,9.897875816993464,14.965686274509803,26.91176470588235,4.916666666666666,4.262878787878788,3.5416666666666665,3.4280112044817925,8.645588235294117,3.935049019607843,4.94375,0.0,3.2034313725490198,1.4583333333333333,3.270833333333333,0.8333333333333333,3.5,2.5,4.625,4.240196078431373,5.895833333333333,4.475,0.75,2.5,18.642857142857142,2.4166666666666665,29.166666666666664,4.333333333333333,0.9068627450980391,1.6782212885154062,0.0,0.625,1.5238095238095237,0.9901960784313725,0.0,6.125,3.125,0.5833333333333333,0.0,1.6666666666666665,0.2303921568627451,8.333333333333334,0.0,0.7720588235294118,0.0,0.0,0.25,0.0,0.3571428571428571,1.7857142857142856,0.10416666666666666,2.5875,0.0,2.458333333333333,0.0,0.0,1.9607843137254901,2.5,0.0,0.16666666666666666,0.41666666666666663,0.0,0.0,0.41666666666666663,0.0,4.358333333333333,0.875,0.0,0.0,0.125,0.0,0.0,0.5,0.0,0.0,0.0,6.208333333333333,0.0,0.5,3.625,0.0,0.0,0.5,0.0,4.375,0.0,3.5833333333333335,3.1041666666666665,0.0,0.0,0.0,0.75,0.0,0.0,0.0,0.0,0.0,2.5416666666666665,0.1,0.5,0.0,0.0,42.05833333333333,0.0,10.083333333333332,7.416666666666666,0.0,0.0,0.0,0.0,0.0,3.0166666666666666,1.625,0.5,1.4166666666666667,13.648809523809524,0.0,0.625,0.0,0.0,0.0,0.3125,6.0,0.0,0.9166666666666666,0.14705882352941177,0.0,0.0,0.0,0.0,0.5,0.0,0.0,0.0,0.0,0.0,0.0,0.0,0.0,0.25,0.0,0.5,10.488095238095237,0.0,0.0,0.0,0.0,0.0,0.0,0.0,0.0,0.0,2.5151960784313725,0.5,0.0,0.0,0.0,0.0,0.0,2.75,0.0,0.0,6.25,0.0,11.916666666666666,0.9583333333333333,0.0,0.0,0.0,0.0
1.0714285714285714,29.735119047619044,48.13690476190476,34.81547619047619,338.3991702741702,92.50892857142857,119.61706349206348,76.72916666666666,2.4999999999999996,12.277777777777777,1.607142857142857,21.116071428571427,84.6845238095238,0.8124999999999999,3.2291666666666665,69.00297619047619,303.8093711843712,140.34310134310132,43.410714285714285,23.08035714285714,122.49999999999999,106.39294733044733,343.8981054787506,45.53968253968254,60.67857142857142,49.03205128205128,33.150793650793645,173.64880952380952,63.24999999999999,503.2169898873527,78.52380952380952,35.300595238095234,0.31249999999999994,72.41071428571428,1.7499999999999998,0.0,0.0,0.0,1.2499999999999998,0.3571428571428571,41.841269841269835,44.357142857142854,98.0188492063492,1.0714285714285714,0.0,0.0,24.95238095238095,0.8333333333333333,29.13690476190476,0.0,77.87003968253967,37.40178571428571,10.841117216117215,0.6249999999999999,0.0,10.374999999999998,3.541666666666666,29.336309523809522,0.0,0.0,0.0,0.0,59.041666666666664,0.0,0.0,17.654761904761905,0.0,0.0,0.0,0.0,9.320436507936506,0.0,0.8333333333333333,0.0,37.49801587301587,44.44940476190476,0.0,0.0,0.0,27.692841880341877,52.666666666666664,7.187499999999999,11.999999999999998,0.0,0.0,0.0,0.0,0.0,142.4003427128427,0.0,9.230990783410137,36.125,0.0,0.0,0.41666666666666663,8.277777777777777,0.0,14.226190476190474,31.681547619047617,0.0,0.0,0.41666666666666663,0.0,0.0,1.2499999999999998,0.0,0.0,5.654761904761904,0.0,9.375,3.7797619047619047,0.0,14.999999999999998,0.0,0.0,0.31249999999999994,28.937499999999996,0.5,0.0,0.41666666666666663,5.398809523809523,5.333333333333333,0.0,0.8333333333333333,0.0,0.0,0.5,7.94642857142857,0.0,4.586309523809524,0.0,0.0,0.0,0.0,0.0,2.8571428571428568,0.0,0.0,14.833333333333332,0.0,0.0,0.0,0.0,0.0,1.125,4.166666666666666,14.345238095238095,0.41666666666666663,0.0,17.05425824175824,0.0,34.5,0.0,0.0,82.22916666666666,0.0,8.291666666666666,0.0,6.121031746031746,0.0,0.0,0.0,0.5,3.1249999999999996,11.148809523809522,0.0,0.0,11.386904761904761,0.0,0.5,4.0,8.857142857142856,0.0,0.0,0.0,0.0,7.031784188034187,0.0,1.857142857142857,0.0,0.0,18.0,0.0,2.4999999999999996,0.0,0.0,0.0,0.0,0.0,20.680555555555554,3.4999999999999996,4.999999999999999,0.0,2.944444444444444,0.0,0.0,5.058531746031746,2.125,13.291666666666666,30.979166666666664
31.776953094670702,222.37346447511612,50.02654853777784,71.77746675593313,156.28554186826244,272.8433759867583,60.366376095892896,247.3969262705082,22.45063858876884,56.95952958297747,87.89692347993018,0.44934640522875813,64.15914130803836,43.49131598001309,14.816330636732305,119.97123932906496,198.61391633767934,312.9354385071532,112.99086942469295,11.01453081232493,440.62954113463564,239.99117721519923,551.5480344410491,199.0393115579565,304.26856310706097,192.91895264098403,133.60548461808966,69.38074707155589,97.72920115015702,455.85406867480896,144.01830348489463,155.89175832036054,22.470720106224306,112.77848639455782,7.268707482993197,17.705707282913163,95.16786032594855,16.556622649059623,46.550641089769236,82.08338107970461,46.616254193985284,11.722603814252974,14.136467086834733,3.553221288515406,52.68866465583902,3.6274801587301586,0.0,2.5248891223155927,5.9904761904761905,14.072656107897703,22.395958383353342,34.316201480592234,2.575221755368814,131.37707166199812,11.876992463652126,5.448511904761904,19.417223707664885,0.6440826330532212,11.909547152194211,20.744047619047617,5.711734693877551,9.77923669467787,3.721813725490196,0.41666666666666663,17.94704959098067,0.6527777777777778,1.443452380952381,11.608134920634921,18.63702981192477,19.47828297985861,0.0,15.140114379084967,0.30092592592592593,25.246673669467786,20.319502801120446,46.09991496598639,21.21875,33.2281678614458,2.5416666666666665,4.526785714285714,3.5486819727891152,0.3826530612244897,17.49831599306389,5.34375,17.50267607042817,1.3794642857142856,6.7120098039215685,53.836098541980896,28.537087789661317,5.833333333333333,3.9023401027077496,16.856801053754836,5.7559523809523805,2.657563025210084,7.255026328713303,0.0,10.47706582633053,3.5511204481792715,4.1187641723356005,3.943014705882353,16.960596738695475,9.194415266106443,22.095238095238095,17.199193780076133,6.681747699079632,18.07833133253301,3.452380952380952,2.5595238095238093,24.166691676670666,11.0,6.711309523809523,9.246148459383752,1.6666666666666665,1.3095238095238093,0.7828282828282829,11.706022408963586,0.6176470588235294,7.713861302096595,16.335880123193554,0.13095238095238093,9.375,0.29411764705882354,4.795021645021645,13.809523809523808,7.904761904761904,7.320728291316526,0.20833333333333331,0.0,11.40143557422969,5.558189942643724,1.3505102040816328,0.5,2.8380102040816326,17.480998168498168,10.363010355657414,0.0,27.491946778711483,10.603747938569366,0.0,8.00297619047619,2.711784713885554,3.0,0.3571428571428571,26.635185134659924,3.075,15.863970588235293,10.184523809523808,7.501488095238095,3.614583333333333,4.7895408163265305,12.908876050420167,0.0,73.10434173669468,20.29861111111111,0.0,6.363095238095238,2.4999999999999996,6.993697478991597,0.0,2.5623249299719886,0.0,2.653186274509804,0.0,0.0,0.0,5.93009817563389,0.6071428571428571,0.6249999999999999,0.0,0.0,0.0,0.7344028520499108,15.466736694677872,3.4313725490196076,2.344047619047619,1.8839285714285714,18.85037348272642,0.6838235294117647,0.0,0.5,0.2647058823529412,0.0,0.0,0.0,2.3749999999999996,3.2553688141923436,0.19345238095238093,5.634103641456583,0.5,0.0,0.0,2.5,6.450842837134854,0.5,0.17857142857142855,0.0,0.0,0.0,0.0,2.4950396825396823
34.62797619047619,198.05902777777777,5.104166666666667,38.11309523809524,180.58177437641723,35.83730158730159,41.65892857142857,29.73611111111111,7.048611111111111,13.040674603174603,122.91765873015872,9.00297619047619,84.38144841269842,12.992063492063492,27.118055555555554,41.27210884353742,209.1955357142857,260.28472222222223,21.44097222222222,17.3015873015873,212.14625850340136,97.54662698412699,52.90625,180.82440476190476,132.31071428571428,39.64087301587301,60.291666666666664,97.06944444444444,60.3125,488.5252976190476,111.62103174603175,6.180555555555555,5.887896825396825,106.11592970521542,11.76388888888889,13.333333333333332,13.2390873015873,16.425595238095237,31.833333333333332,0.7291666666666666,6.1726190476190474,15.416666666666666,110.13333333333333,1.25,41.03174603174603,1.875,17.974537037037038,4.819444444444445,43.67916666666667,13.0,0.5,0.0,0.0,4.0476190476190474,33.625,10.680555555555555,24.506944444444443,2.8402777777777777,14.020833333333334,34.4375,1.1458333333333333,8.333333333333334,8.18452380952381,2.96875,1.6666666666666665,9.375,0.3333333333333333,1.25,0.6696428571428571,2.1875,0.625,0.0,19.84375,4.166666666666666,4.2559523809523805,0.3125,2.395833333333333,0.11904761904761904,0.625,0.8333333333333333,0.0,1.4107142857142856,6.458333333333333,18.145833333333332,0.0,0.6944444444444444,1.4583333333333333,1.6666666666666665,3.9285714285714284,4.166666666666666,0.625,9.583333333333334,0.3571428571428571,8.261904761904761,0.0,33.635912698412696,2.1507936507936507,0.8333333333333333,0.0,0.5555555555555556,6.567460317460317,0.0,0.625,2.8125,2.5,2.9166666666666665,0.8333333333333333,0.0,0.8854166666666666,9.42361111111111,2.5,5.0,2.5,1.8749999999999998,0.6666666666666666,8.333333333333334,2.8715277777777777,0.0,0.0,0.0,1.4583333333333333,1.986111111111111,1.25,0.0,2.5,0.0,0.0,2.6666666666666665,6.5625,2.395833333333333,0.0,0.3125,244.19494047619048,1.25,1.25,13.152777777777777,3.095238095238095,1.25,2.8125,1.4880952380952381,0.0,1.3958333333333333,4.017857142857142,0.0,1.5972222222222223,0.0,1.6071428571428572,0.0,0.0,0.0,1.25,0.0,0.6666666666666666,0.0,2.708333333333333,1.25,0.0,1.6666666666666665,1.25,0.0,0.0,0.0,1.4583333333333333,0.0,0.0,0.0,0.0,0.0,0.0,3.194444444444444,5.0,0.0,3.75,3.0,1.6666666666666665,1.6666666666666665,0.0,0.0,0.0,0.0,1.9166666666666665,5.416666666666667,5.6875,1.1458333333333333,0.0,3.75,0.0,0.0,0.625,0.0,0.0,0.3125,18.541666666666668,0.625,4.416666666666666,3.9166666666666665,0.11904761904761904,0.0,0.0,0.0
2.2521973466003318,10.637075041459369,0.34048507462686567,4.916666666666666,18.074404761904763,2.3541666666666665,6.25,11.8125,2.708333333333333,2.807213930348259,5.223880597014926,0.625,39.533354377104374,0.632183908045977,1.2953091684434965,11.38888888888889,13.609297263681592,23.91662436118726,1.25,3.333333333333333,30.64896214896215,21.42780172413793,34.302083333333336,22.395833333333332,10.0,28.948839983754695,11.181834795321636,4.6875,12.6875,50.39404387376841,3.7116500829187395,3.8536535303776684,27.551136363636363,5.441468253968253,3.0853174603174605,1.1111111111111112,20.0,0.16666666666666666,0.0,4.166666666666667,0.0,1.3690476190476188,1.875,26.63248556998557,0.4340277777777778,0.625,4.305555555555555,1.25,0.0,0.0,1.875,2.0,0.3125,0.0,8.125,5.0,15.11111111111111,1.0,2.7205882352941173,1.0416666666666665,0.0,0.0,2.5,1.875,7.307213930348258,0.0,0.0,0.5,1.9444444444444444,0.0,1.2857142857142856,0.0,1.7666666666666668,1.369047619047619,0.0,0.0,2.5,2.5559701492537314,0.8333333333333333,0.0,0.0,0.8333333333333333,0.0,0.8333333333333333,0.0,0.0,0.8333333333333333,0.0,0.0,0.41666666666666663,0.0,0.0,0.0,9.42022792022792,0.0,0.41666666666666663,0.9722222222222222,0.0,0.0,0.0,2.3055555555555554,0.0,0.0,0.0,55.895502645502646,0.0,0.625,0.0,0.0,0.3125,0.0,0.0,0.0,0.0,0.0,0.0,0.0,0.625,0.22388059701492538,0.0,2.5,0.0,0.0,0.0,0.0,0.16666666666666666,0.20833333333333331,0.0,5.0,0.0,1.25,0.0,2.125,0.0,0.0,1.4583333333333333,0.0,0.0,0.0,0.41666666666666663,0.0,0.0,0.0,0.0,0.0,0.5,0.625,0.0,0.41666666666666663,0.0,0.0,0.5,1.251984126984127,0.0,0.625,0.0,0.0,0.0,0.0,2.5,0.0,4.5740740740740735,0.0,1.0,0.0,2.7222222222222223,0.0,0.0,0.0,0.0,0.20833333333333331,0.0,0.0,0.0,0.0,0.0,0.0,0.0,0.0,0.0,0.0,0.8333333333333333,0.41666666666666663,0.0,0.0,0.8333333333333333,0.0,0.0,0.3125,0.0,0.0,0.0,0.0,0.0,0.0,0.0,0.0,0.0,0.0,0.0
72.06392390289449,79.86318277310924,20.763888888888886,18.12962962962963,105.47579365079365,15.768849206349206,9.544584500466852,34.59595959595959,1.6944444444444444,6.546218487394958,15.27876984126984,8.455882352941176,113.77337361712361,4.766666666666667,12.826648841354723,25.226686507936506,168.33991930105375,56.00228758169934,6.3125,15.430555555555555,116.27817505207211,58.83814192343604,229.8956874416433,72.95486111111111,97.26580404889228,45.15625,26.942708333333332,8.82638888888889,27.859885620915033,282.494201702753,98.67751517273575,19.248015873015873,73.8471797810033,121.61051162889397,2.871965452847806,11.826388888888888,13.850081699346404,27.39670868347339,10.803179824561402,39.23692810457516,5.125,3.5937499999999996,15.967436974789916,14.618326118326118,2.7636054421768708,5.0,17.393790849673202,0.0,2.4124649859943976,6.208333333333333,2.3333333333333335,9.666666666666666,3.75,0.10416666666666666,34.417477517322716,5.0,35.48875413801884,12.5,14.673027544351074,22.625,0.125,0.2777777777777778,9.854166666666666,5.0,0.7152777777777778,2.625,2.068452380952381,3.322420634920635,2.4166666666666665,2.9166666666666665,2.0,1.5347222222222223,1.3731481481481482,0.0,1.4583333333333333,11.5,14.504551820728292,1.8055555555555554,0.75,2.5,0.625,1.0,0.8333333333333333,7.595238095238095,4.721938775510204,0.8333333333333333,2.886904761904762,18.645833333333332,0.25,15.554446778711483,0.0,0.20833333333333331,6.666666666666666,4.71011396011396,0.0,10.0,3.2777777777777777,0.8971088435374149,1.25,2.604166666666667,13.61111111111111,2.5,0.0,10.791666666666666,31.942849361967006,0.8333333333333333,3.088235294117647,0.0,0.7142857142857142,0.0,0.0,0.16865079365079366,0.8333333333333333,16.186274509803923,2.3055555555555554,1.0416666666666667,0.0,0.0,2.9166666666666665,0.9375,0.625,0.625,0.8333333333333333,5.148809523809524,3.25,1.6481481481481481,2.4497549019607843,0.0,28.085084033613445,1.875,2.9166666666666665,0.8333333333333333,1.588345864661654,4.857142857142858,26.479166666666664,10.180921052631579,0.0,0.0,0.0,4.791666666666666,4.354166666666666,0.5,0.0,1.75,3.3333333333333335,7.996794871794871,0.41666666666666663,0.0,1.25,0.0,0.0,0.0,12.549089635854342,0.8333333333333333,0.0,1.1764705882352942,0.0,3.833333333333333,0.0,0.8333333333333334,2.9166666666666665,4.578703703703703,0.8333333333333333,1.0,0.0,1.7182539682539681,0.8333333333333333,0.41666666666666663,0.1875,0.0,0.0,0.0,38.99894957983193,0.0,0.0,0.0,0.0,1.0049019607843137,1.3125,0.0,0.0,4.375,0.8333333333333333,0.0,0.0,2.083333333333333,3.3125,0.625,0.0,3.5416666666666665,0.5168845315904139,0.0,0.0,0.0,0.0,1.4285714285714284,3.625,3.6904761904761902,0.0,0.0
225.46567082893762,423.17395425762896,132.83787959278504,277.5287096362114,266.2554914112109,144.31245998736193,204.50928630543126,239.11348813262677,41.14329839830669,182.17093967384935,316.91577188956387,32.65386671335201,120.90381574852162,315.76316150075496,52.55575971958325,387.48605875683603,346.39311571093083,506.5588457400904,158.9458087881617,56.771579909741675,335.54094761695217,535.3835365143543,880.7656795359476,447.75257822573474,649.4696222578646,331.5790396714241,197.15190431901095,258.2432518285092,217.27177326486148,720.6251858727131,159.7253873771731,370.1495138755026,205.38908880218753,296.314410222666,37.78367346938775,179.07431956115778,210.4028525804261,171.8939401591526,83.65681164132319,226.32251029199557,137.87199225523543,55.95228601541626,65.62365042229013,19.739192343604106,189.3220067193544,27.28686507936508,28.869495020230314,37.31222572362278,17.912954260651627,160.48483285738538,70.32307241078249,67.35268915899692,55.8627915181224,106.8941611493082,45.038258081010184,92.99593593135259,54.64432092281357,20.651957088390912,19.4134156162465,44.02906746031746,99.22449987402368,79.40124883286647,16.77123366013072,11.829563492063492,43.064684272698976,21.238888888888887,11.707740514905149,23.713353174603174,112.23480706171357,33.2813617871391,7.80760582010582,34.93754901960784,18.096230158730158,62.957944548189644,72.44681355875683,21.18393424036281,18.72959656084656,56.64226257169534,15.465123456790124,21.645992063492063,21.56203231292517,1.2416326530612245,45.01449329731892,10.368181818181817,85.42505035347472,32.12238756613757,68.65958939889087,57.14644607843137,70.54994238604533,21.862222222222222,33.45260986114876,55.088376350540216,52.583636363636366,11.663742997198879,67.82668384020275,37.508134920634916,35.5063842203548,39.69021942110177,7.028061224489795,20.688097572362278,71.12123566093103,45.28241064944496,32.48288930976431,102.05485877684407,24.017036536836954,29.756460917700412,9.995535714285714,8.329365079365079,108.33224117424747,38.251488095238095,42.544642857142854,9.037762605042017,26.10220238095238,7.638888888888888,4.038888888888889,20.777240896358542,10.795658263305322,29.993100207254617,51.03960317460317,4.852380952380952,27.02496693121693,12.11311391223156,20.812301587301587,9.473412698412698,31.941865079365076,122.3218899782135,6.227195767195767,0.8333333333333333,11.27748599439776,29.10592264683651,10.191632653061225,12.69047619047619,15.22540970933828,20.13419481752815,2.3733660130718954,1.8745833333333333,23.373249299719888,23.957056534735106,1.2915849673202615,22.539219576719578,11.442668289538037,52.03138227513227,18.889166666666668,144.85508337678505,7.974404761904761,15.402415966386554,27.560416666666665,27.163869047619045,19.04732142857143,6.9812925170068025,40.151692343604104,0.7763888888888889,18.90143557422969,6.793055555555555,27.6032848324515,11.43204365079365,1.25,15.730462184873948,2.2916666666666665,12.419477124183006,1.0416666666666665,28.359302054154995,11.979166666666666,1.5304487179487178,11.261904761904761,19.588068310657597,10.443287037037036,4.752777777777777,0.2777777777777778,1.9791666666666665,0.0,6.533223516679399,16.03444989106754,8.375350140056021,21.197619047619046,4.014682539682539,9.207288748832866,16.28005135387488,1.5277777777777777,2.825277777777778,5.13874299719888,3.9821428571428568,2.1875,0.8333333333333333,9.61111111111111,20.51783380018674,11.852843915343916,24.493499066293182,4.01,2.100694444444444,1.7372685185185186,0.0,6.272634053621448,2.7281746031746033,6.465773809523808,1.875,3.88,8.008333333333333,2.1205357142857144,16.911785714285713
18.273809523809522,80.18844696969697,10.565092893217892,18.03422619047619,63.3912037037037,45.62456409331409,29.554112554112553,62.30357142857142,4.645833333333333,23.547619047619047,40.36896494708994,3.038690476190476,16.682057525807526,3.674107142857143,29.730459355459356,25.020585317460316,78.35031288156289,70.39523266085766,61.16746447996448,41.433118964368965,89.24859804547305,47.570531898656895,62.87847222222222,23.370535714285715,82.93959137709138,18.310515873015873,31.807291666666664,47.912247474747474,60.18678799270904,112.86621796819165,13.913512413512413,2.520833333333333,10.25,83.92347236097235,8.1875,64.9625496031746,12.160065628815628,6.001488095238095,7.104166666666666,0.625,11.830357142857142,9.291666666666666,65.13932942057941,17.56547619047619,7.70734126984127,2.75,13.90625,4.885416666666667,3.4226190476190474,1.0416666666666665,37.33661477411477,16.110119047619047,8.598048941798941,10.260416666666666,1.0416666666666665,0.35096153846153844,0.46875,4.0853174603174605,12.753573972323972,0.8333333333333333,5.5,0.5072115384615384,2.6041666666666665,1.9166666666666665,2.739583333333333,9.726934523809524,4.793154761904762,7.4752886002886,8.976190476190476,0.3333333333333333,6.887040043290043,1.6666666666666665,2.4166666666666665,2.0277777777777777,8.395566239316238,0.4583333333333333,6.875,2.5,0.7291666666666666,13.228670634920634,10.25,1.9345238095238093,4.375,6.553571428571429,0.3125,4.866071428571429,0.0,0.0,1.9072420634920635,0.5803571428571428,4.955357142857142,10.674603174603174,22.728498931623932,0.0,14.026289682539682,8.312094155844155,0.20833333333333331,8.761904761904761,6.260416666666666,0.15625,0.41666666666666663,27.408399470899468,0.5654761904761905,4.583333333333333,2.4261363636363638,3.793154761904762,0.125,10.21329365079365,3.318452380952381,1.3189102564102564,0.5902777777777778,0.0,2.0649038461538463,1.3958333333333333,0.41666666666666663,4.799450549450549,2.2083333333333335,14.734444953194952,2.3125,0.41666666666666663,1.7708333333333333,9.390625,2.3229166666666665,0.15625,0.0,4.409722222222222,2.5625,0.5691964285714286,0.78125,0.0,2.1527777777777777,1.84375,0.0,7.25,1.875,9.252480158730158,1.25,0.20833333333333331,1.4523809523809523,0.625,0.3125,4.419642857142857,4.888888888888889,0.0,0.125,0.0,0.125,0.0,0.3333333333333333,1.748015873015873,2.0833333333333335,0.7986111111111112,0.0,0.0,2.833333333333333,0.0,1.1805555555555556,1.1507936507936507,6.722718253968254,0.0,0.15625,1.09375,4.722222222222222,12.459821428571429,0.9375,0.0,1.9318181818181819,0.0,3.4745718462823723,0.8939393939393939,4.248511904761904,0.10416666666666666,0.0,0.0,0.49107142857142855,3.601851851851852,0.75,0.875,1.3601190476190474,0.0,0.3125,0.20833333333333331,0.0,0.8333333333333333,3.2765151515151514,0.0,0.625,0.0,0.0,0.0,0.42857142857142855,1.25,0.0,1.8452380952380951,0.20833333333333331,0.0,0.3571428571428571,0.2272727272727273,4.479166666666667,0.625
5.96078431372549,16.436755952380953,7.078373015873016,54.10481572521046,31.4375,32.37698412698413,19.503121878121878,26.74652777777778,3.833333333333333,24.350694444444443,36.29689754689755,2.8571428571428568,29.53075396825397,5.089285714285714,32.8515873015873,20.089556277056275,28.756148182957393,50.02546065046065,16.658887987012985,43.43816137566137,48.5713141025641,49.72038378288378,61.24068775427471,24.077397486772487,40.482142857142854,22.10741341991342,69.50297619047619,21.102182539682538,20.25674603174603,164.45585773991976,30.17649191086691,5.5625,14.976190476190474,19.86600378787879,3.75,11.472537878787879,29.45427489177489,21.50061603942652,11.604020979020978,0.20833333333333331,8.458333333333334,1.6666666666666665,13.555555555555555,4.504599567099567,11.0625,0.9821428571428571,5.476190476190476,3.59375,0.0,5.0,0.576923076923077,11.838458319930844,63.9945620147826,1.4806547619047619,11.8125,12.005208333333332,0.0,2.5,17.59424603174603,1.346153846153846,17.229166666666668,4.738839285714286,2.4166666666666665,0.0,7.969246031746032,1.0171957671957672,8.125,3.1746031746031744,1.2946428571428572,0.17857142857142855,0.41666666666666663,2.083333333333333,0.9375,1.9047619047619047,6.333333333333333,2.5,2.4999999999999996,0.625,2.517857142857143,2.321428571428571,0.0,0.3125,0.0,0.0,4.166666666666666,0.9027777777777777,0.0,9.291666666666666,2.6818181818181817,0.8333333333333333,2.2222222222222223,0.0,3.702380952380952,0.625,12.96540959040959,5.53125,0.0,1.5694444444444444,2.4375,1.25,13.794642857142858,5.5,9.290178571428571,0.9166666666666666,1.1458333333333333,0.5952380952380951,0.3571428571428571,1.4772727272727273,0.0,0.0,5.357142857142857,1.7819940476190474,0.0,0.0,1.25,0.0,9.222222222222221,0.0,0.9375,0.0,0.0,0.0,0.0,0.0,0.0,2.5,0.0,0.0,0.0,1.5,0.9090909090909092,0.0,0.0,0.0,0.0,0.0,0.0,1.8333333333333333,1.0476190476190474,0.0,1.5625,2.5,0.41666666666666663,6.185897435897436,0.0,0.0,1.875,0.8333333333333333,0.41666666666666663,0.1875,0.0,0.8125,0.0,0.0,0.0,0.0,0.0,0.3571428571428571,0.30000000000000004,1.6666666666666665,0.0,5.0,0.7337454212454212,0.0,2.5,0.0,0.0,2.784090909090909,6.309523809523809,0.0,0.0,1.3598484848484849,0.0,0.0,0.0,0.0,0.25,0.8333333333333333,5.179398148148148,0.703125,0.0,0.3571428571428571,0.0,0.0,0.0,1.25,0.0,0.25,0.0,0.0,0.0,0.0,0.19230769230769232,0.8928571428571428,0.0,0.0,0.3125,2.083333333333333,2.9017857142857144,1.8125
191.62399128649128,81.56682900432901,45.263888888888886,59.020833333333336,217.22573884448883,41.375541125541126,101.19037698412698,71.93097041847042,41.03125,6.722132034632034,24.603785103785103,15.980082417582418,66.88423382173382,6.583333333333333,68.93226911976912,64.43010114885115,245.8492192331478,181.35203823953825,57.6125,19.20138888888889,235.25820013320012,71.61948051948052,197.63711982461982,89.07174422799423,119.08169492544492,107.8375,58.43189033189033,46.69761904761905,47.198412698412696,315.0001015324545,52.75611471861472,219.34136904761905,143.9411421911422,135.86895743145743,18.565247252747252,76.41825396825396,18.56845238095238,63.81547619047619,131.74713203463205,33.482142857142854,36.41798941798942,8.236607142857142,20.416666666666668,11.830357142857142,21.097930839002267,6.283333333333333,7.0,50.799358974358974,28.32999639249639,44.70595238095238,17.345238095238095,17.699404761904763,33.71212121212121,4.680555555555555,80.48717324342324,10.654761904761905,25.294859307359307,4.895833333333333,35.29303221288515,41.03084415584416,4.0625,3.0,12.395833333333334,7.141423160173161,36.52840909090909,1.835227272727273,5.66765873015873,13.07638888888889,14.322916666666666,3.604166666666667,1.25,16.979166666666668,1.1416666666666666,1.5416666666666667,18.78125,6.895833333333333,14.027777777777779,1.9500000000000002,1.9791666666666665,1.25,0.0,0.7348484848484849,0.41666666666666663,22.944155844155844,3.2487244897959187,0.625,1.6369047619047619,28.854166666666668,16.832440476190477,21.7428841991342,5.0,3.0113636363636362,9.291666666666666,3.5,0.3125,5.833333333333334,5.840773809523809,2.6828231292517004,5.0,1.7708333333333333,5.428571428571429,2.5,1.25,5.366071428571428,5.089285714285714,0.625,7.270833333333333,1.7666666666666666,1.875,0.0,52.70238095238095,6.898809523809524,7.828192640692641,11.395833333333334,10.785714285714285,43.34126984126984,1.4583333333333333,1.2310606060606062,1.25,8.898809523809524,17.125,0.7142857142857142,10.208333333333334,9.42013888888889,4.238095238095238,1.9791666666666665,2.5,1.25,81.52777777777777,0.0,0.3125,5.955128205128205,3.8690476190476186,16.942261904761907,20.973214285714285,3.125,1.7291666666666667,0.0,5.25,0.41666666666666663,22.4375,2.0,0.0,0.0,1.5833333333333333,69.92639652014653,4.916666666666667,8.811011904761905,5.393939393939394,0.0,0.41666666666666663,0.0,8.397402597402596,2.0833333333333335,6.25,6.895833333333334,2.1904761904761902,0.41666666666666663,2.5,0.0,8.346153846153847,0.20833333333333331,0.0,0.41666666666666663,2.5,0.0,0.0,0.0,0.0,0.0,0.0,0.0,25.31547619047619,7.354166666666667,6.946428571428571,0.0,0.0,0.0,0.0,1.875,0.0,5.0,3.8541666666666665,0.2777777777777778,7.0,0.0,11.904761904761905,0.7714285714285715,0.0,1.5863095238095237,0.41666666666666663,0.2777777777777778,0.0,0.0,0.0,6.428571428571428,0.0,3.3333333333333335,0.0,0.0
99.93668300653594,173.36125700280112,19.0714683600713,68.67847416744476,262.52459733893556,101.47916666666667,5.959150326797386,48.86461251167133,1.25,24.19015522875817,30.494266456582633,0.29411764705882354,51.03553921568627,17.120098039215687,29.131127450980394,14.530112044817928,149.1185807656396,181.82598039215685,17.892156862745097,22.5,91.2796743697479,119.64174836601308,103.94046160130719,90.95506535947712,23.523794934640524,31.62797619047619,17.342086834733895,81.56372549019608,24.852941176470587,747.2992782340209,111.2094421101774,97.46813725490196,45.40651260504202,53.75266981792717,0.0,1.6666666666666665,6.224571078431373,10.300245098039216,3.808823529411765,17.03186274509804,24.359375,1.71875,33.2328431372549,3.75,9.114583333333332,1.25,0.5228758169934641,0.0,2.111344537815126,3.436274509803922,0.0,10.708333333333334,0.0,1.1458333333333333,0.32563025210084034,0.0,52.0735294117647,0.0,14.142156862745097,43.96200980392157,0.41666666666666663,3.28125,2.5,3.6029411764705883,3.2291666666666665,0.0,2.5,0.0,8.602941176470589,11.822916666666666,2.2058823529411766,0.0,0.0,2.8308823529411766,1.5,0.8333333333333334,1.924019607843137,0.0,0.0,0.0,1.5624999999999998,0.0,2.9166666666666665,5.0,4.083333333333333,2.5625,8.682598039215685,6.666666666666666,8.895833333333334,8.406862745098039,0.0,2.5,0.0,3.411458333333333,1.25,0.0,1.4583333333333335,0.0,0.0,0.0,1.0416666666666665,1.125,1.4583333333333333,1.2797619047619047,1.3860294117647058,1.40625,1.7034313725490193,0.0,0.0,0.0,0.0,1.6666666666666667,0.0,0.9803921568627451,0.0,0.0,0.0,3.3333333333333335,0.0,2.5,0.0,0.0,0.0,0.0,2.3529411764705883,0.0,1.2794117647058822,0.0,2.6470588235294117,0.0,1.25,0.0,11.083333333333332,0.0,8.333333333333334,0.8333333333333333,0.8333333333333334,0.5514705882352942,0.0,1.25,0.0,0.0,0.0,1.25,0.0,1.25,0.0,0.0,1.328125,0.0,0.0,2.5,0.3513071895424837,0.8333333333333334,0.0,4.779411764705882,0.0,0.0,0.0,0.7812499999999999,0.0,0.0,0.0,0.0,0.0,0.0,1.9318181818181819,0.0,0.0,0.0,0.0,0.0,4.208333333333333,2.0,0.0,0.0,0.0,0.0,0.0,0.0,0.0,0.0,1.1029411764705883,0.0,0.0,0.0,0.0,2.5,0.0,0.0,0.0,0.0,7.5,0.0,0.0,0.16666666666666666,0.0,0.0,0.0,0.0
154.21676573426572,396.45796245693305,85.25279241591741,331.26610513024985,789.9965215617001,505.7272270674515,148.46198662448663,351.0639882141054,55.23571428571428,166.74234515484514,160.5501018761592,93.57760642135642,163.19741045991046,32.76491960420532,1249.8398549136048,170.5051864108114,738.1688943224,791.1863607102249,269.19338391992994,202.04296176046176,499.76004784567283,407.11096923909423,589.7925401808466,344.8383326646929,670.9258343183478,140.91864043364043,391.86485736485736,267.85169765419766,217.71474924928873,3440.16714696259,376.7372627372627,54.68526789348218,55.76676587301587,418.0515176027676,61.54960317460317,144.23472603785103,156.6794742063492,69.24392029539088,72.16668747918747,5.208333333333333,170.20650351302137,70.25316098583956,328.4410291097791,212.42362336737335,29.63938492063492,2.15,173.72481684981685,20.03472222222222,198.50440063104537,33.604166666666664,179.17032287157286,252.86676475310404,562.8813322230601,131.8687728937729,62.14745115995116,30.970753205128204,72.76868386243386,134.46642556789615,125.68183869701727,28.02037407037407,27.241468253968254,72.81905767843267,74.34209656084656,3.6873917748917746,28.566901848151847,137.21752194564695,8.84375,21.80647246272246,10.696428571428571,4.239583333333333,76.93224483849484,4.7436868686868685,179.3883597883598,33.33794261294261,52.79463730713731,40.70009920634921,4.754166666666666,9.155393217893216,65.2760989010989,107.43501984126983,52.296190476190475,18.76790404040404,54.06979256854257,42.47534271284271,43.06558641975308,54.39268707482993,20.66488095238095,6.624007936507937,65.63795488708304,4.0051948051948045,53.199750384024576,76.35185966810967,135.28483656885442,7.172569444444444,96.80804181929182,50.16030844155844,5.208333333333333,120.0960200910201,49.365620490620486,8.84375,23.818993506493506,50.21126814543481,13.930837912087911,47.137072649572644,3.0833333333333335,27.215637075342958,2.0,85.6946225071225,37.33002136752137,53.843711843711844,50.8640873015873,5.008680555555555,27.510033716283715,3.444444444444444,6.0,63.0315934065934,138.16636904761904,175.87314833314832,38.74109397546897,3.645833333333333,161.1852994227994,73.22594246031746,4.030837713873428,15.342757936507935,18.079594017094017,7.747023809523809,11.46875,11.471974206349207,2.7604166666666665,19.463383838383837,5.0625,1.9479166666666665,16.465367965367964,11.345248917748917,13.5,49.00775613275613,22.459615384615383,12.487499999999999,17.363095238095237,0.1388888888888889,6.758745421245421,64.11904761904762,40.92718253968254,4.0625,3.601785714285714,0.25297619047619047,54.65882034632035,1.7083333333333333,1.6614583333333333,52.29365079365079,11.180059523809524,16.01068376068376,0.625,3.169642857142857,101.51289682539682,10.409920634920635,85.8045634920635,3.440972222222222,52.97190656565656,4.037857142857143,9.90625,6.488392857142857,20.43860075110075,48.45851648351648,35.26581057831058,3.3779761904761902,2.9890744176458464,12.00441919191919,262.68662280701756,29.156530969030968,14.958829365079364,17.0625,0.0,1.7499999999999998,8.157158119658119,22.20091871091871,16.379662698412698,5.458333333333333,6.71875,1.9709821428571428,4.491402116402116,19.479166666666664,0.0,2.504960317460317,7.285082972582972,10.61190476190476,3.0654761904761902,0.0,0.6025297619047618,14.656593406593405,59.04202741702741,47.68055555555555,4.62797619047619,9.110119047619047,4.875,0.4722222222222222,26.67956349206349,17.65683621933622,34.75248015873016,17.855158730158728
21.210497835497836,64.1875,1.25,30.416666666666664,15.604587542087542,67.6547619047619,2.5,15.032738095238095,0.41666666666666663,7.9017857142857135,2.857142857142857,1.25,12.25,2.7777777777777777,21.09292328042328,16.339285714285715,24.270833333333332,20.208333333333332,10.625,6.333333333333333,35.40327380952381,7.5,31.51388888888889,21.273809523809526,44.351190476190474,6.815476190476191,25.916666666666668,8.746031746031745,6.25,124.28742784992785,11.458333333333332,3.333333333333333,5.979166666666666,14.833333333333332,59.166666666666664,8.833333333333332,6.607142857142858,7.678571428571429,2.9166666666666665,3.0,12.65625,2.5,0.0,8.125,2.5,0.3125,11.25,25.876488095238095,22.095238095238095,1.25,1.875,2.5,17.708333333333332,13.458333333333332,7.25,0.0,3.75,0.9166666666666666,0.0,0.0,2.9166666666666665,0.0,2.083333333333333,0.0,4.375,58.976190476190474,0.41666666666666663,3.333333333333333,0.0,1.875,5.982142857142857,12.083333333333332,6.083333333333333,2.5,0.0,1.0,0.0,7.5,5.625,0.0,1.0,0.0,0.0,0.0,0.625,0.41666666666666663,2.5,0.0,0.0,0.0,0.5,0.0,2.2222222222222223,7.5,29.583333333333332,0.0,0.0,0.0,1.2202380952380951,0.0,0.0,6.160714285714285,0.0,6.1875,0.0,7.625,1.25,2.5,0.0,3.75,0.0,0.8125,0.0,0.0,0.0,0.0,0.0,0.0,2.5,2.5,5.0,2.5,0.0,0.0,5.0,0.0,0.0,2.5,1.25,0.0,0.0,0.0,0.625,0.5,2.083333333333333,0.0,0.0,0.0,0.0,0.9375,0.0,0.0,1.25,0.0,4.166666666666666,0.0,0.0,4.583333333333333,5.0,0.0,0.0,0.0,0.0,0.0,0.0,0.0,0.0,0.0,0.0,0.0,0.8333333333333333,0.0,2.6666666666666665,0.0,0.41666666666666663,0.0,0.0,0.0,1.1805555555555556,2.5,1.25,0.0,2.5,0.15625,2.5,0.8333333333333333,3.333333333333333,0.0,0.0,0.625,0.0,0.0,0.0,0.0,0.0,0.0,0.0,0.0,0.3125,0.0,0.0,0.0,0.0,0.0,0.0,0.625,0.0,0.0,0.0,0.0
106.39760955418849,79.81138768638769,5.826465201465202,19.118055555555554,99.93711171869066,25.396329365079364,17.374639249639248,80.03138528138528,7.8835227272727275,15.413537851037852,8.61111111111111,5.912698412698412,21.23867644700978,15.691558441558442,112.41336463244357,33.51875901875902,128.43165141388826,169.0515873015873,13.134411884411884,16.020833333333332,190.26042395928232,55.47754124689193,105.88848304473304,17.40155714168872,62.92562992562993,21.9781746031746,30.859217171717173,21.376112313612314,6.623015873015873,527.4271680074312,19.95770202020202,3.696428571428571,1.3825757575757576,31.495701058201057,2.5,2.9027777777777777,6.095959595959596,7.5,2.75,1.25,6.190476190476191,25.376373626373628,16.43452380952381,6.673280423280422,6.3842592592592595,0.41666666666666663,11.491702741702742,0.9456145706145705,59.49753993569783,0.6923076923076923,10.955357142857142,2.638888888888889,31.428991147741147,0.7387218045112781,3.548789173789174,0.4886039886039886,40.45833333333333,3.54499666999667,1.1111111111111112,27.89671717171717,0.1388888888888889,0.41666666666666663,27.366402116402117,0.8012820512820513,14.5,4.660501632870054,0.0,3.2738095238095237,0.41666666666666663,0.0,0.0,0.1388888888888889,3.206349206349206,0.0,12.75,0.11363636363636365,0.0,0.0,0.0,4.154491341991342,0.16666666666666666,0.5113636363636364,1.875,4.236111111111111,0.5555555555555556,0.10869565217391304,2.5,0.1388888888888889,1.25,0.0,1.3333333333333333,0.1388888888888889,1.0648148148148149,0.0,4.849206349206349,2.7232142857142856,0.0,0.0,0.2272727272727273,1.25,0.0,0.0,0.20833333333333331,0.0,0.0,2.5555555555555554,0.0,0.2777777777777778,1.5,0.32407407407407407,4.730769230769231,2.1111111111111107,0.0,1.25,0.47619047619047616,15.804473304473305,28.87614468864469,5.34375,0.6818181818181819,0.0,13.055555555555555,0.0,1.7777777777777777,0.19230769230769232,0.0,0.6349206349206349,0.0,1.9166666666666667,0.0,0.1388888888888889,0.0,0.0,1.75,0.0,0.0,0.0,0.0,0.3888888888888889,0.17857142857142855,0.0,0.0,0.0,0.0,2.2222222222222223,0.8333333333333333,0.0,1.7857142857142856,0.0,0.0,0.8035714285714286,0.8333333333333333,0.0,0.0,0.0,6.5476190476190474,0.0,0.3588516746411483,0.0,0.444078947368421,0.0,0.0,0.0,0.7738095238095237,0.0,3.1904761904761902,0.0,0.7777777777777778,0.0,0.7142857142857142,0.0,1.6203703703703705,0.0,3.125,0.25,0.0,1.75,0.0,0.0,0.0,0.0,0.0,1.5833333333333333,0.0,0.0,1.7251984126984126,0.0,0.0,0.0,0.0,0.17857142857142855,2.5,5.087081128747796,0.0,0.0,0.0,0.0,0.2777777777777778,0.0,2.5,0.0
75.16730158730158,168.885,33.63467948717948,104.28910533910533,164.36525992775992,361.80605142664353,118.6639880952381,376.8266883116883,21.151190476190475,74.5320054945055,105.86586538461538,0.41666666666666663,22.53611111111111,2.645833333333333,194.78399877899878,184.78407814407814,213.38230713730712,384.85613095238097,79.89954365079365,147.21154761904762,208.20060828060826,289.9707112332112,104.75320512820512,147.39810545244367,272.0661322461322,91.36893772893772,600.6798305860806,209.0967932067932,45.66984126984127,729.0933436020936,461.2180860805861,59.01890114787174,9.101190476190476,448.73432387057386,0.20833333333333331,55.81611721611721,85.34230644355644,14.464285714285714,115.88791208791208,0.4166666666666667,250.49290704665705,69.54877289377289,135.9062728937729,120.85177045177045,4.111111111111111,3.7249999999999996,17.168040293040292,2.5,21.53876678876679,2.5,123.96716117216117,74.91032051282052,51.15064102564102,151.84498761042877,19.00929487179487,3.5480769230769234,0.0,12.40279304029304,111.15841727716727,1.2202380952380951,1.2000000000000002,55.66712454212454,3.9970238095238093,8.4,7.800595238095238,41.33452380952381,0.3125,12.311011904761905,6.331439393939394,0.625,6.5,0.41666666666666663,0.4,16.805906593406593,25.87811355311355,25.004761904761907,5.641666666666667,0.9375,6.833333333333333,47.348214285714285,14.4925,2.626666666666667,12.678809523809523,8.708333333333334,32.160714285714285,33.512499999999996,6.6,0.625,40.53967032967033,0.8,3.096428571428571,99.55930555555555,15.17326923076923,8.169444444444444,76.02380341880341,2.1517857142857144,0.0,69.81738247863248,2.7777777777777777,0.7083333333333333,11.297619047619047,46.28421245421245,8.555769230769231,23.852014652014653,1.25,51.339512432012434,2.1666666666666665,16.833333333333332,9.021565934065935,7.153846153846153,3.333333333333333,0.625,15.542216117216118,0.9166666666666666,9.25297619047619,2.8653846153846154,4.016666666666667,131.97877289377288,11.140151515151516,0.625,18.216666666666665,25.183531746031747,0.25,0.3125,42.630723443223445,0.0,0.8333333333333333,2.5625,0.0,6.757575757575758,0.625,0.7142857142857142,0.0,2.5933333333333333,3.333333333333333,1.2738095238095237,12.468956043956045,12.5125,40.61904761904762,0.0,2.8275641025641023,11.583333333333332,21.40714285714286,0.0,0.9428571428571428,0.8333333333333334,0.0,0.0,0.0,2.142857142857143,0.8333333333333334,0.8333333333333333,0.3571428571428571,0.17857142857142855,14.708333333333332,13.888690476190476,3.958333333333333,1.0,3.4833333333333334,2.087142857142857,0.6666666666666666,0.6625,4.002525252525253,8.141666666666666,2.861111111111111,3.333333333333333,1.0119047619047619,4.843253968253968,3.7646825396825396,1.25,1.5624999999999998,0.0,0.0,0.0,16.085897435897436,4.307619047619047,7.6119047619047615,0.0,3.0833333333333335,1.3125,0.0,0.0,0.0,0.0,0.8333333333333333,6.3999999999999995,0.9166666666666666,0.0,1.2166666666666668,2.0,0.8333333333333334,1.1458333333333335,0.0,0.0,0.25,0.0,0.3571428571428571,1.7212301587301586,4.680555555555555,0.3571428571428571
2.294642857142857,37.05654761904762,27.703869047619047,24.954166666666666,34.27157952827596,19.629960317460316,18.9265873015873,49.902210884353735,6.607142857142857,61.79166666666666,17.317801741908884,3.9062499999999996,9.310515873015873,23.360756802721088,8.789252645502645,69.95947455322455,60.54259877027734,33.100836663336665,32.30299908424908,13.059523809523808,26.66844787157287,47.54117063492063,54.24267153097798,43.852167277167275,67.82142857142857,12.86111111111111,9.43209670231729,63.59416971916971,11.880150405150404,85.8447740655402,26.031045751633986,51.55839002267573,12.595238095238095,13.706845238095237,8.125,5.270833333333333,28.452380952380953,29.468125960061442,0.1388888888888889,0.0,34.859835600907026,19.26658163265306,22.063988095238095,2.7222222222222223,13.971153846153845,0.5,7.847222222222221,1.8055555555555556,3.522727272727273,8.395833333333332,3.0669642857142856,37.638837353123066,27.57529133448251,16.97481684981685,0.0,4.451923076923077,1.25,9.837962962962962,30.71896258503401,4.340277777777778,15.473214285714285,6.875,0.0,0.2272727272727273,6.166666666666666,2.989583333333333,6.333333333333333,0.0,0.4166666666666667,1.1706349206349207,1.4583333333333333,4.1504329004329,0.2777777777777778,4.138888888888888,7.958333333333333,1.6190476190476188,0.0,4.890422077922078,4.7519841269841265,10.098214285714285,3.020833333333333,0.0,0.25,0.9375,8.134920634920634,7.7227891156462585,9.02876984126984,7.633928571428571,28.599773242630384,0.0,0.6334805427547363,17.520833333333332,15.355725623582765,0.625,8.916666666666666,0.0,1.25,3.9285714285714284,6.666666666666666,0.7291666666666666,17.083874458874458,12.026785714285714,2.886904761904762,10.032738095238095,1.5277777777777777,47.114010989010985,0.0,1.25,5.416666666666666,19.214285714285715,1.9230769230769231,0.0,5.089285714285714,0.41666666666666663,0.5,3.75,7.291666666666666,3.75,0.8333333333333333,1.25,8.571428571428571,3.44760101010101,3.747526283240569,1.0,1.4561965811965811,25.21924603174603,0.0,0.0,0.0,2.9766414141414144,2.5,0.8333333333333333,0.0,1.736111111111111,0.0,0.0,1.7994505494505493,7.083333333333333,2.652972027972028,0.0,6.254960317460317,0.0,6.825396825396825,5.833333333333333,0.0,2.642857142857143,2.4305555555555554,1.8273809523809523,0.0,5.803571428571428,1.5550595238095237,2.5,0.0,0.3125,1.25,0.0,2.5,0.5729166666666666,2.8,1.3888888888888888,0.0,0.0,0.0,0.11904761904761904,2.65625,1.6666666666666665,0.37414965986394555,0.2777777777777778,9.725198412698413,0.0,0.0,2.1136363636363638,0.0,0.0,0.0,0.0,0.0,2.4166666666666665,15.904987373737374,1.6741071428571428,0.3125,0.0,0.0,0.0,0.5,0.5357142857142856,0.0,0.0,0.17857142857142855,0.0,1.25,0.0,1.25,0.17857142857142855,0.0,0.0,0.0,5.303030303030303,1.1086309523809523,1.2499999999999998
92.61709815371196,116.24059446634072,24.072139303482587,21.44047619047619,140.09691558441557,43.166396103896105,15.492713844797178,56.490340909090904,25.00347222222222,20.788221029592297,14.361836650082918,2.2916666666666665,63.57539682539682,10.5625,31.68354639458678,37.527146464646464,70.03607907432534,211.21924034388365,19.072354497354496,7.024360670194003,156.13939995189995,38.494967532467534,137.65097137339785,33.35699254449254,73.96288780663781,66.15487443733711,107.162899477973,13.804365079365079,66.49305555555556,413.2970539318798,95.6591440793866,18.51875,54.511949855699854,47.63478535353535,16.29861111111111,11.661111111111111,17.069444444444443,16.462797619047617,22.2194234006734,13.673115079365079,4.3753306878306875,10.73611111111111,32.55902777777778,1.2222222222222223,23.202380952380953,2.793055555555555,1.6666666666666665,0.5952380952380952,7.773944805194805,30.37390873015873,0.75,13.6875,5.37773569023569,1.284722222222222,3.253814935064935,0.23809523809523808,18.653769841269842,2.3912037037037037,19.576686507936508,96.35213744588744,1.6041666666666667,21.770833333333332,17.395833333333332,6.206475468975468,12.476419983416251,0.11363636363636365,45.28670634920635,4.131944444444445,11.70486111111111,6.979166666666666,0.0,3.020833333333333,0.0,2.8645833333333335,4.614583333333333,0.0,5.069444444444444,6.479000829187396,6.111111111111111,3.5416666666666665,0.8333333333333334,0.16666666666666666,0.6666666666666666,23.778517316017318,1.4618055555555556,10.891203703703704,0.0,4.659722222222222,8.68938492063492,26.849242424242423,0.0,24.6540404040404,6.708333333333333,5.156249999999999,2.2916666666666665,0.0,8.276289682539682,5.194444444444445,2.2916666666666665,1.909722222222222,15.132936507936508,2.363095238095238,3.5825892857142856,14.131944444444445,0.0,8.784722222222221,8.451388888888888,0.15000000000000002,3.315972222222222,0.0,3.7777777777777777,14.035714285714285,0.4166666666666667,11.875,0.0,0.6944444444444444,0.0,1.4678030303030303,3.952114427860696,3.0555555555555554,0.0,0.0,2.5972222222222223,11.127480158730158,3.0937499999999996,5.625,9.166666666666666,1.173611111111111,19.913194444444443,4.583333333333333,0.0,1.1041666666666667,1.1130952380952381,2.5607142857142855,34.726686507936506,0.625,2.052083333333333,3.4374999999999996,5.538194444444444,3.5902777777777777,3.239583333333333,0.0,2.2916666666666665,2.2916666666666665,1.6111111111111112,4.228594322344322,0.0,4.035714285714286,6.701388888888888,0.4166666666666667,0.0,0.5729166666666666,2.0733225108225106,1.527777777777778,0.0,9.166666666666666,0.0,0.0,0.0,0.0,0.0,0.20833333333333331,0.0,0.41666666666666663,0.0,4.010416666666666,0.0,0.0,0.0,0.0,0.0,0.0,33.924165499533146,5.309523809523809,8.862103174603174,0.0,0.0,3.895833333333333,0.0,1.1979166666666665,8.25,0.0,1.5208333333333333,0.2777777777777778,0.0,0.0,0.125,0.9259920634920635,0.0,0.0,0.0,0.2777777777777778,0.0,0.0,0.0,0.0,0.0,0.0,0.0,0.0
362.76408730158727,899.9799182299182,43.40530303030303,66.96825396825396,173.71527777777777,264.7337962962963,46.07539682539682,260.3525132275132,8.625,74.04166666666667,11.833333333333332,49.30555555555556,151.81757054673722,8.3125,188.3174603174603,133.5,443.89219576719574,390.15525793650795,130.8293650793651,249.6441798941799,910.2824074074074,187.1954365079365,426.0704365079365,175.45767195767195,166.71561171561171,258.4586339586339,325.55357142857144,421.3346560846561,329.4394841269841,1506.5420875420875,130.84986772486772,49.23082010582011,4.867424242424242,446.85591029341026,14.333333333333334,24.09722222222222,76.03935185185185,11.625,46.51785714285714,4.166666666666666,78.3478835978836,10.416666666666666,203.37103174603175,113.61111111111111,32.33796296296296,3.833333333333333,39.52020202020202,32.58796296296296,325.8675595238095,3.75,15.458333333333332,28.907738095238095,31.669642857142858,30.990079365079364,306.4328703703704,4.894179894179894,271.58597883597884,27.833333333333332,141.30390211640213,13.125,8.92361111111111,3.888888888888889,175.5737433862434,8.333333333333334,9.0625,144.31679894179894,5.0,24.14351851851852,4.166666666666667,1.25,15.930555555555555,5.694444444444445,293.21342592592595,38.388888888888886,5.916666666666667,4.886363636363637,3.2916666666666665,0.625,85.98719336219337,15.625,8.5,15.354166666666666,1.25,68.79166666666667,32.816358024691354,0.0,1.875,14.444444444444445,27.229166666666664,4.583333333333333,15.583333333333332,25.336309523809526,61.85945767195767,1.875,7.666666666666666,14.747023809523808,2.583333333333333,5.416666666666666,9.745535714285714,5.625,30.055555555555554,5.934413580246913,0.625,9.444444444444445,2.5,4.475198412698412,0.0,4.875,1.4583333333333333,18.26223544973545,7.916666666666666,1.875,8.75,4.375,2.5,5.638888888888888,14.375,27.850694444444443,12.25,3.75,320.97222222222223,5.833333333333333,1.8263888888888888,3.4027777777777777,9.0625,0.8333333333333333,2.083333333333333,1.6666666666666665,3.75,7.361111111111111,2.5,2.75,15.833333333333332,1.75,10.833333333333332,1.875,2.2916666666666665,22.52777777777778,19.458333333333332,1.1111111111111112,2.083333333333333,18.75,3.958333333333333,2.083333333333333,0.5,0.0,9.027777777777777,0.0,2.8125,6.909722222222222,18.72222222222222,6.5,0.0,0.0,3.1111111111111107,0.0,5.347222222222222,0.625,2.708333333333333,6.041666666666666,2.583333333333333,0.0,0.0,18.76388888888889,2.583333333333333,0.625,44.01190476190476,3.125,2.5,2.5,204.3528439153439,3.75,3.333333333333333,3.958333333333333,4.666666666666666,5.0,0.8333333333333333,0.625,3.75,0.0,1.574074074074074,48.69444444444444,0.0,5.861111111111111,19.958333333333332,2.375,0.0,0.625,0.8333333333333333,2.5,7.791666666666666,476.9238315696649,1.25,0.0,1.25,3.101851851851852,1.25,1.875,1.25,1.25
828.8949923096982,2047.339209041196,242.28134726112665,615.7952868436937,1517.7770897772211,969.1075755217912,393.1454306722689,596.1018433500051,107.4657768809278,366.7772185262994,304.8994250768148,179.7859039449113,406.81976540616245,105.38966697790227,671.0907950301332,559.652843637455,2002.84492491441,1929.3107986033845,341.3414366815102,514.3164996767938,1886.3257139033178,892.3910678448055,1743.2349109085803,519.4958792523131,1450.829177284937,782.4319819594505,1546.5482267862783,646.5103758918096,716.6632881250334,4309.631791310846,1135.9089714714714,121.63147106615244,240.87467230481934,1713.387185262849,134.21924603174602,311.1794176003735,262.09951802010625,122.0328839869281,237.3923290149393,41.45731209150327,187.32350318471643,123.5197440087146,386.61435759910023,86.43665382819795,330.29275112822904,79.4141865079365,448.25132275132273,119.21873694116341,525.562754862097,72.1655287114846,143.56481660846157,234.69527602707748,392.7223014118235,212.18064309056956,499.16325474634294,110.35058421516754,402.0670177793339,73.3730140026096,132.4737832633053,204.09623015873015,142.93194614027948,160.1596930438842,357.1917903985919,62.379464285714285,111.46021047307812,236.24454365079364,53.76835317460317,131.3488005050505,72.7885202692188,29.27065826330532,75.567791005291,37.30330882352941,954.9088624338624,107.9122270204378,64.87725506869414,51.938988095238095,47.42361111111111,60.942110177404295,70.82098765432099,100.59722222222221,33.48809523809524,15.04861111111111,82.45395658263305,238.70138888888889,86.75735294117646,67.81099849849849,75.85924856053532,51.60559640522876,83.8219133807369,91.67311507936508,17.890435340802988,98.3719654528478,55.53422619047619,86.45419000933707,104.64746732026144,106.57738095238095,45.98031257957729,122.18951330532212,161.58630952380952,21.097776610644257,147.7943316215375,198.8750590050835,49.666335978835974,176.58228291316527,41.378410328777974,58.16326851253322,41.01736111111111,96.9375,79.35398381574852,138.015873015873,49.59126984126984,47.23176353874883,51.467261904761905,33.419642857142854,14.104166666666666,74.63102240896359,68.11169467787114,311.74956807217836,57.642857142857146,5.381944444444445,154.71718674843675,95.10215336134453,21.5,22.911210317460316,88.03669294294295,22.494008714596948,18.324074074074073,12.4375,85.61274509803921,66.67976066689302,23.73611111111111,18.319444444444443,352.93105158730157,15.2545872337539,66.90111461251166,52.49156746031746,29.699784080298787,58.77777777777778,48.056985294117645,44.80224867724868,14.86401921879863,207.67675264550263,107.66170634920634,17.971774821039528,24.689484126984127,7.4056372549019605,77.7891865079365,22.711309523809522,18.616554054054053,14.324404761904761,47.997169701213814,19.072420634920633,3.9644607843137254,21.14781746031746,34.17449294532628,31.452876984126984,13.92361111111111,7.888538748832866,24.375,22.191789215686274,48.117559523809526,17.876400560224088,111.0,20.05902777777778,37.26190476190476,17.46453373015873,11.626157407407407,14.895833333333334,4.399122807017544,29.0625,27.498015873015873,34.18534080298786,14.75724595393713,5.060836834733894,23.892857142857142,24.180555555555554,3.228845704948646,21.666958450046685,22.714285714285715,14.190972222222221,26.295955882352942,55.13392857142857,12.6875,32.708333333333336,62.888888888888886,5.8843370681605975,7.5092592592592595,17.50811157796452,44.42329545454545,20.711805555555557,16.213789682539684,47.24305555555556,7.334558823529411,29.541666666666664,53.450892857142854,6.416666666666666,3.1845238095238093,0.0,22.708333333333332,2.4107142857142856
22.998015873015873,156.00103715728716,28.61359126984127,159.42338564213563,5.28125,102.52097505668934,273.844246031746,27.590833934583934,62.12218915343915,139.20882936507937,99.49165764790764,73.36715367965368,153.86151695526695,529.5192671085529,0.5208333333333333,275.37709578781005,281.250481000481,23.28406084656085,29.765810578310578,106.1762566137566,404.49021514200086,23.05872715247715,683.653338229231,42.00843253968254,640.8066184807257,71.01415945165945,3.2291666666666665,96.87575387575387,54.61574074074074,329.93046255992687,122.70517676767676,154.996706996707,27.94675925925926,135.7389455782313,23.570436507936506,248.16253587682158,162.4338474025974,116.23223304473305,15.381944444444445,2.0833333333333335,165.11467352092353,2.5,13.189484126984127,1.3660714285714286,220.4029195011338,5.920634920634921,135.50032424585996,3.75,0.2840909090909091,177.71179861804862,1.9097222222222223,15.64616402116402,21.848484848484848,121.06415343915344,3.1666666666666665,5.373376623376623,0.3571428571428571,10.578869047619047,6.724537037037037,0.0,16.530257936507937,66.32638888888889,7.138888888888889,0.8333333333333333,60.698412698412696,5.25,0.15625,0.4464285714285714,5.436507936507937,9.821428571428571,1.4186507936507935,6.988095238095238,1.0416666666666665,21.468584656084655,40.230083573833575,0.20833333333333331,23.369543650793652,17.36843992647564,6.180555555555555,20.200892857142858,11.61111111111111,1.1904761904761905,8.943181818181818,1.25,15.77662037037037,7.916666666666667,21.126984126984127,63.2875566893424,3.577876984126984,3.5416666666666665,9.862103174603174,1.6980820105820105,36.66333435083435,0.0,2.0416666666666665,3.0208333333333335,6.198412698412699,19.654191872941873,2.625,6.228670634920635,46.07458513708514,7.316468253968253,51.71329365079365,23.29861111111111,3.334235209235209,0.0,1.746031746031746,0.2272727272727273,2.0833333333333335,1.5625,2.225378787878788,3.581845238095238,0.9375,5.881628787878788,1.7045454545454546,0.4892676767676768,6.166666666666667,0.0,73.3670634920635,2.375,0.0,12.196428571428571,5.857142857142857,1.25,1.1064814814814814,28.169146825396826,5.654761904761904,2.5932539682539684,0.0,4.375,13.233134920634921,1.25,0.0,6.576569264069264,0.0,0.0,17.070436507936506,18.128968253968253,0.5247252747252747,5.0,13.57638888888889,2.513888888888889,4.925595238095238,95.08297902494331,0.0,0.0,0.0,6.859577922077922,0.0,0.75,4.354166666666667,1.5,0.0,0.20833333333333331,13.225198412698413,29.4890873015873,8.055555555555555,5.759920634920635,0.0,6.857473544973545,38.24007936507937,5.677579365079365,17.94345238095238,0.625,0.0,1.5261243386243386,1.4285714285714284,59.73164682539682,0.5208333333333334,11.645833333333334,0.0,53.1126443001443,0.0,0.0,5.133101851851852,2.5,1.4583333333333333,58.215831787260356,83.69345238095238,6.1398809523809526,0.41666666666666663,2.1875,0.41666666666666663,1.7272727272727273,0.0,0.0,0.0,2.450396825396825,1.25,0.0,0.0,0.0,0.0,0.7242063492063492,0.0,0.0,12.777777777777779,8.055839002267573,13.581709956709958,20.076073232323232
