828.2369249000743,23145.141527752163,3896.0074004062076,805.9767271201438,11484.976250937525,75494.87819925732,38980.7345609054,1950.0396842552236,91485.6566671567,1022.838559878231,24588.907451049894,349.879912698547,2617.7926938687656,207044.72012409064,3360.9696689559596,1320.7137235113548,1309.050742393694,1093.9460146441736,1425.975208629288,6754.464155841676,14559.572503481892,13261.861576481126,59443.70494127417,995.064886840802,84810.14044182721,56113.98892169883,82713.5971491879,52796.531466209744,55872.508306225885,30290.931181899014,2830.080549091692,1852.6823045860147,2092.953400650029,552.8491925182922,123.43852813852814,6123.601931011505,57197.83299265247,7382.045846203957,16615.10029345143,46082.0650427525,12274.869706424606,264337.8889203765,36732.387671271616,3778.059451623268,15226.681743680785,1156.9607943515953,2309.169650021819,4748.790565963036,2430.424724350529,2232.8168763321955,2076.825902579334,4481.680623371113,472.1512735401853,277.84402614379087,9958.295129079612,21386.261065299062,4049.9167574869252,4536.918893366006,3763.2879110288204,1435.3299880708262,2842.117418862002,269.94502164502165,3339.5390025724687,172.5148171534348,1532.3564916221712,13827.445949413233,13858.604982451943,7142.748634873721,14460.021239530384,4619.941292016885,60102.06128086628,104337.8101814853,1683.3677255823156,9321.933926938797,6878.519052738699,2918.246058639998,21577.091970690493,3232.35055019317,3515.4179141522186,15178.594741977004,7467.867380311687,1821.1810524850966,205.27596577399208,2251.393124754522,334.3151738473167,948.0435535542888,9243.24623085607,3600.803456564492,1818.7420297606361,191926.24795941706,2915.8282448814803,18194.121612107498,12110.290029757562,56852.38379685759,4211.349608230757,1421.205437772636,2844.4749501223487,618.2817558585206,11573.934639725632,1241.0611186036185,7174.556392116035,15573.048105855598,33137.7446185855,4138.393527673307,4042.755180270119,43187.715637724126,13893.18222958349,88108.57609963512,6817.923651531289,422238.86695966194,29119.711805113733,38438.689489161516,140692.77429418496,125727.13541137527,15111.08558290343,125562.37395144616,16346.488434204817,152613.9027013264,37646.18079406473,79551.55277518494,175485.04559261267,32239.318557050534,70553.18736189089,23215.24688991086,62785.14057321127,75992.81711005089,157263.19707860678,73913.59104185077,32933.720230374616,35420.66265483057,602822.9638749571,76.58420068915758,20794.031245218954,884.7590024885245,1155.3321636163687,501.829700205536,30947.632226422407,4218.50041409736,1687.2116730989435,156.291163003663,185.2993727786375,300.72992222646633,41.9231746031746,2152.6654934199973,7341.648686696956,8115.8118833946555,726.4989282939283,645.977793753332,6425.338665004864,2319.4234480357595,205.3356105006105,675.3916302806389,2828.702139493756,3303.676992726555,3504.271239289422,39918.94356938639,371.7473984835827,603.3932187439754,235.5066176352383,2436.2998805162556,847.6806213378402,1351.5859654750134,435.1215411927254,27.091991341991342,671.3818010277269,13233.77651556505,9053.760656706554,5560.964642462988,1779.8493049666836,1291.9332246374197,1075.427079455632,28488.09321533032,3505.557650062452,2055.619426488016,13696.532768101766,4244.740360720238,43555.60469125992,114.0463761174968,79.69988352290984,609.0636687168667,2432.7100911079274,829.3193323996265,2734.6115601514966,44.5991391941392,1365.3345584664519,96.57333333333332,180.22253398648135,1074.8913877788877,1932.291284482721,388.63291162941067,3927.6398564653196,121.24561403508771,2849.3593474985078,327.4626839396236,2845.6091488122056,262.94765043178353,918.0699821012321,960.4566660323803,1874.4191443927998,408.0769916855631
151.6,1276.6530134680136,10060.598643505982,1254.161216914589,791.0607142857143,6112.670563815504,1533.5936195001827,678.7405982905983,21670.46553556272,324.3814814814815,7069.213188196918,98.79116666666667,554.0398313492063,26712.862679945778,126.89333333333333,103.70595238095238,493.6810606060606,452.9508333333333,502.3853846153846,6836.640196801069,1755.1271246246247,5654.422226245331,4524.615049611823,129.44444444444446,7116.933148459991,2448.1945012967512,4878.475145571839,6269.44867753206,13041.609536709342,1174.3788059488058,228.5,158.04783950617283,137.14801587301588,87.75,10783.073521557271,400.38888888888886,2760.6485091718223,1049.4841725654226,6323.067709419067,5559.542055662725,976.1517094017094,1915.219038257768,800.076748661312,1141.2911884411885,494.0321643071643,640.361712700382,22.0,485.407722007722,392.60793650793653,106.36666666666666,151.96132478632478,726.6123239260739,198.20960637560637,159.71923076923076,2215.813978978979,636.5342063492063,306.0955710955711,486.4859853109853,643.2831782945736,992.7976154079096,739.0696246246246,196.39654896832317,211.28573573573573,96.5,992.0248015873016,5585.0635640092,532.8098412698413,492.54354497354495,734.4690295815295,1832.1933944658945,4022.6844011393528,1556.644769027269,843.1283689428851,1631.3853968253968,2217.250042711981,345.2708333333333,104.1,519.6843554593554,456.59999999999997,885.60509009009,1673.7265586419753,16.25,58.45833333333333,150.4,324.0472222222222,213.90832855582855,211.14583333333334,362.0827380952381,191.1861111111111,1206.989713064713,1156.6209566709567,1932.442957957958,1607.3193875502009,1387.878416955917,2122.307245567998,106.7030303030303,479.0231961363357,993.338492063492,1275.3594862719863,477.80833333333334,67.48018018018018,753.151507936508,1875.0454646097387,917.4958333333333,241.71153846153845,2130.333467452799,880.0777995642701,8366.831844648368,969.1879761904762,16008.94834773617,9884.434719883071,17107.72142863236,7832.702336732336,29137.470276900476,3201.894718861802,24767.961209453926,357.0503389103389,30515.408052648883,4015.9009507894066,5890.714121888638,11637.792015863355,12422.982174084198,7940.892813492573,3238.4812827405567,5912.124978932085,6265.866136921737,19680.32312968892,4269.9200819550815,3448.0061776841776,3564.092827099062,71256.07955757537,134.925,281.32107142857143,151.6730930930931,430.14771292029354,75.06666666666666,906.5040417890418,319.6928571428571,938.9419444444444,500.6613472784525,156.6,72.4,58.285714285714285,414.12392857142856,799.8978951678952,486.4634126984127,3168.476501317142,38.71886486486486,158.3063492063492,111.66666666666666,11.0,19.0,146.48824786324786,64.7,218.77777777777777,310.25694444444446,205.59,21.933333333333334,263.55765765765767,98.48,165.05166666666668,25.05,610.9373333333333,21.65,479.6397727272727,1387.8628672699456,239.75185185185185,481.08444444444444,237.95138888888889,181.83730158730157,130.9580128205128,82.37777777777778,437.9194444444444,178.91666666666666,1298.609126984127,743.8412698412699,678.5041891891892,7.412,38.16025641025641,73.56,124.63888888888889,21.333333333333332,614.2150900900901,98.64999999999999,292.33148793955246,155.5746336996337,20.02,12.11111111111111,149.5,102.2,74.4326923076923,31.333333333333332,640.6,169.21416433239963,219.175,563.1065079365079,109.985,374.4578378378378,51.583333333333336,78.11619047619047
1074.0117714564244,1294.3099412350587,2797.647165256778,1482.551704223615,6848.956474304221,28935.42448412758,6424.728837732605,781.9574255513813,32132.38668381669,4991.630507335871,8797.953877700293,8801.581107870037,1271.6653088596977,110809.52786793877,330.689748247083,263.7457660468187,272.507648753363,1751.3045356448874,3085.348523977955,5621.7714235434605,5529.513424290386,3097.901106461127,14855.435113819673,486.7832550599105,22994.7485778064,7245.281957857906,18732.075031109704,21074.803349544,16875.66033188054,3449.7602837289546,725.7772795274228,167.7832086400994,374.7739134851994,294.36143018326925,411.88871095530163,899.941596079677,8966.86029916444,3031.6468220345714,12781.207353861215,5062.5340162552575,2456.359730661523,40312.36747705753,5794.125790869877,1581.4271032877296,1601.7810692273563,513.5179870695194,212.6698082010582,671.9480980188804,323.44281117669703,864.154990902817,161.42901136916296,1546.487365836622,322.15297159462074,162.82776840806252,5760.8806971870845,3637.1922667363106,463.24039285164537,3769.3042490657003,677.6845784240994,486.55311522143984,397.9842391055101,117.29593005034182,1082.2110315214297,199.36448798633674,242.81786006522324,1917.7185763038703,7224.153312287367,1306.6433246543393,1752.6974907747247,972.7557336904504,4470.834589139837,8318.44878786998,785.2240741854843,2201.9543633551543,1080.172993934604,691.2120732960256,1263.3917410015877,366.4768769457735,398.29954015276144,2097.3104546631585,1143.0639400648156,243.65461386652564,352.0654425092359,270.8933187924314,544.1444589199316,871.7815698562513,4126.693302589043,509.4399274926861,503.35612958124614,16084.14479343287,882.1303947215005,1707.6608678842094,652.3937363260527,10346.16193451012,601.6711864223349,1375.7939767395098,856.8667348008122,860.7826764096735,2020.8782555378075,174.1988568457686,1888.923694116545,576.9311577439024,2618.3011174618846,1544.4912040428267,1337.8829890249324,6640.434972452392,1668.735030119428,30195.700308273015,3198.9766159657156,123374.58960332446,65357.0806647709,16646.0752561976,29158.98141423879,77480.41143209793,12353.061725202,38122.83276080006,1084.8895843428668,100301.51938631822,8704.147259291327,31733.953759819808,37968.3436617947,19977.168174607796,24236.01226323272,4950.339558695648,15076.726531512733,15080.513719018518,80009.30476668573,21802.618163545052,7997.242902710035,54464.50406237826,374750.9627759626,103.63656355664469,1050.5813613457035,92.63437189172483,169.85006112023353,2171.1263589408886,3657.730161178274,208.57767468909168,780.9120964335809,154.1312044817927,148.37242689361892,536.3886722431955,60.98546856193915,2897.987257943295,988.2699911515869,514.1966340532914,535.4307855472177,232.5956243435599,1362.5160852408458,188.1671447071447,77.3089613623227,1909.0107154055122,1595.8767941019075,1317.5310743431244,2134.6841780732466,2875.586542338845,978.8033724514834,1395.559798727993,199.56546365511883,211.22066149846322,1515.2800113495625,810.6544887383551,886.213175491135,63.019642857142856,1914.3670636372083,1423.4788619925173,1726.9541658131272,1330.5677536067744,1900.2966053233545,1247.4710624395138,195.01019288055824,1881.030613084652,623.4361574585563,266.07703754464205,1358.0181774430146,421.03296626596546,8714.104573174924,423.8354601401153,26.32019621883841,2411.269016708432,223.24932100952438,98.14390756302521,467.2353407476647,109.3850697913198,161.183723893066,75.70495543672014,490.76152248078716,799.6915422290679,109.49023870618669,587.4130491685858,145.1275479428675,1286.1459077068198,669.5422612670458,20.380405035577446,223.77531602384542,2371.248873783797,553.3445704362525,74.20674736721611,241.51375601911315,187.13708465152442
79.48253968253968,66.85178571428571,11828.357258168387,4111.168565862242,749.6087768440709,11875.550970542063,589.2911324786324,1089.5493425147838,11233.741536119946,8232.258679672723,1200.973728123728,10.32,286.8901599702381,14049.906730492456,35.270833333333336,184.23875,207.80897817460317,2153.4867434852727,1293.4508418299536,5560.220622439566,851.5662962962963,727.2844511388566,4909.556132368244,43.68333333333334,2554.1709033613447,852.228811050061,1325.9538886766827,2739.072981671107,3946.470260485658,217.36805555555554,593.9614583333333,50.91893939393939,512.2055555555555,15.666666666666666,638.4992965367965,431.4798611111111,2364.047591195569,3089.6268144437263,5825.095475427351,2504.188702038702,630.1222222222223,2080.256762820513,273.840625,3582.285687052599,72.49166666666666,1290.6040900810658,24.523809523809522,315.41290293040294,295.8955128205128,132.52420634920634,725.1249322493225,1033.0245494864612,308.02129629629627,1414.7178330835259,1024.8689407814409,128.7747222222222,32.725,277.60297619047617,519.681746031746,504.90316697191696,110.18784722222222,1249.655841503268,2585.0384202670966,607.5531750275868,203.10625,15567.871026963867,465.6328854016354,3645.8355438842204,53.891666666666666,229.53675213675214,675.7159243422349,932.9112118437118,54.193333333333335,136.28690476190476,2232.676338752347,33.583333333333336,28.795833333333334,28.835714285714285,174.16547619047617,149.0897222222222,219.46821428571428,7.314814814814815,739.5817129629629,16.880059523809525,620.4995634920634,1601.9666042147853,64.49094291125542,519.9854575163398,229.0242673992674,3075.854515904632,111.18327991452992,198.03720833333333,20.583333333333332,1891.0996856418005,81.15416666666667,135.93194444444444,1222.080377923581,147.47314814814814,32.68888888888889,76.325,27.57222222222222,215.93194444444444,1519.0277663308914,32.71388888888889,4196.37371031746,5341.884165317397,67.35555555555555,11882.541350444457,779.7545238095238,8850.076715607163,2577.0025570104845,9748.874233826904,6191.350909331682,9284.508889397639,1260.2745856676004,19131.209717535872,85.28125,17266.491239202478,1422.8154613519196,4188.280651481881,12412.977617376675,1805.665509423855,1281.86401232293,476.8106962481962,4412.017671133332,5117.573236542023,20172.50470361309,806.5942409442409,718.5846289127539,638.368269969278,52568.84058276833,113.35553266178266,221.66271875416834,106.17958333333334,63.80138888888889,43.94047619047619,606.1541621572871,105.3,261.30555555555554,6612.193289368154,345.322619047619,289.11041666666665,16.02857142857143,375.5078472222222,462.12549019607843,19.947222222222223,30436.222531981944,105.89965277777777,44.05,95.32777777777778,184.459623015873,445.21284722222225,1.0208333333333333,119.875,18.10590277777778,893.3872013199219,90.33011904761905,33.3,2983.2296523053665,46.13055555555556,6.441666666666666,259.71,1532.5363979646086,5.916666666666666,166.33333333333331,91.43333333333332,463.3263888888889,120.46714285714286,55.0,10.39337606837607,97.33333333333333,144.77786706349207,895.8003944312768,25.38095238095238,24.365535714285713,45.06041666666667,209.83311449579833,153.5,25.333333333333332,0.0,84.21111111111111,0.928,39.09074074074074,680.6430555555555,150.39071300563236,2263.0291666666667,39.94642857142857,28.765625,1.3333333333333333,97.83333333333334,25.34722222222222,5.55,8.966666666666667,169.4488782051282,100.82638888888889,9.964285714285714,9.568253968253968,232.20238095238096,13.767857142857142,5.944444444444445
31.403966927070375,441.98246180614086,9225.823602487437,1247.712289354961,2981.838444722009,34365.76501352121,2116.494733147493,567.1814787233602,9830.243887551876,151.57294601949775,3912.2649274550386,151.0248933768092,90.39518696807583,76813.17365033898,419.26523167472243,214.2530429538375,311.80532724226083,239.86255461807082,447.7020202020202,1770.8672690497488,3298.749406117658,514.3255807669768,15885.957071220453,110.2089242175449,5825.990344953552,1992.7652791837972,6387.003593370643,17604.02919067043,10020.283416299106,374.26535980359506,186.9508454122091,75.87169703559155,250.7403422247361,100.13787878787878,118.8894809438927,779.2875577473418,3774.8805593952984,4429.186527811242,3739.1111844508996,2895.3889788002334,1388.2429732959451,11625.726176251506,1069.237395007908,223.33901722723223,549.2910722920258,1256.622024354321,422.35278628192907,706.6013415655043,315.257985670842,73.68181818181819,97.94325188700189,789.4852808139573,223.26458079783637,76.92222222222222,895.8576661708598,2688.407944398582,235.40055320496498,1383.7398452578934,471.2603848384632,1101.401088318297,327.9752846554014,275.3804760835387,3059.504035735796,117.6844595274007,416.22170854279267,1964.119420389394,1514.282106447748,3017.1860919764194,515.68104503798,373.7015023622985,3018.964581640299,2777.982050251375,313.29887955182073,1594.6227502638035,1138.5521280590915,300.25796935520617,458.6226508480572,369.39283678546576,392.15534236160505,77.9215367965368,1010.8419401298241,16.42280701754386,113.98843229776045,161.61918054168055,120.7553690874343,139.42329468776836,558.4616361758459,653.7461487487557,335.7034376542997,8300.978802080186,286.2946479065597,989.3804706411273,49.687148972221564,7997.762162181226,256.9997848781683,405.9239515343618,961.9046852238837,180.21313046199617,437.0679529356152,166.04176942723836,97.59289525691699,212.94072932021385,8074.042252843091,270.57091684320585,800.1420863590995,13997.398955818695,842.1101610084535,11863.843632570792,617.7353746274138,39197.809682620646,9301.496926879583,11130.93168454467,20690.504284360984,24486.35891542732,10275.22255302924,38911.08794083282,1195.0261330800263,53540.337422697354,4883.911571669758,18956.432800904524,25165.156044136074,8169.7520061804835,7422.160321754457,2833.923658537409,9934.172803470683,6573.838810602129,36888.34358492332,5002.712529010911,2695.512095745885,3567.4207303899097,103349.48898467653,26.8502664002664,60.70089490968801,135.14041946615475,248.51574175877502,33.486590038314176,2189.107871827731,232.68984075424237,168.02618289740138,1.0823529411764705,128.80350352262116,702.1177323255282,10.1890756302521,1540.7200214857955,171.55223396973395,630.6386602199461,81.40176357899482,73.02700501253132,48.61882694541231,173.94268016297428,2.4285714285714284,2086.8805364302157,629.4422057212553,62.84477380582115,7337.657352772211,878.9209204060987,56.884740259740255,330.63054353054355,1418.67861598056,352.86592851592854,310.0393884667064,180.16868444089272,6143.863299167306,138.22222222222223,95.3191788887441,372.7516768743042,685.2724301347206,562.9237299296376,428.35964074625065,612.8342958955144,125.93675169460496,116.0750333000333,694.3852794658328,72.40251156889087,825.9232484705964,38.66802134646962,1292.1011060125063,1.857142857142857,1.1818181818181819,331.31078212937734,286.0363770946975,26.70816539782057,195.55488969807854,61.5,661.7065723346142,31.31269841269841,51.76398014266435,2.333333333333333,86.68929379444086,18.80599547511312,219.55954113539252,12.099999999999998,106.330076988063,0.0,166.83047875185096,37.452777777777776,55.143103008103004,137.24621951577834,93.36742803123803,81.43852813852814
504.37271159119473,1684.8545569963517,13103.218448387932,3439.352526179176,8895.256808966567,67707.55544705546,9232.334099820951,1201.3181788601835,25463.341040202245,865.3759227353887,18064.02513903667,918.1496792751085,780.2458254964044,113547.29215805694,1933.2086988096755,246.19759128644253,541.6811056798877,364.6143528715781,747.0557844676779,2024.9936200826792,10936.956471835934,1407.2372310123735,23791.62236422364,164.3991883116883,23738.471683395408,5895.195478079521,20700.933655974248,27000.997878643655,24638.122738979426,1816.6565271070056,706.143701320466,184.05943855462414,804.1240350529849,211.37701465201465,289.88197317388494,1958.6821037711286,10700.73902472448,7367.738198784496,6067.492511261943,4769.615974934938,1052.2998870883514,24650.442094492355,2992.1560696665038,740.3690125288655,2006.872165562172,3071.553459140762,301.246028971029,1125.9956612066853,560.2842862419849,56.1770535020535,82.8487456987457,1845.3972294090668,95.63804855275444,159.44733893557424,3516.831165823909,5040.785838422348,447.70126405003856,2718.8894250490375,646.168266786724,4221.754103433929,1286.3202609350824,370.71136302294195,3726.019249103732,334.4404451795236,856.1980921654717,1440.3459199895965,2595.7538122307005,3050.763195145068,2867.6755152212736,982.8477849849301,7100.361636961441,6578.059435156551,660.1946385640503,1115.5766484076808,896.2703407346389,1427.640312715387,1617.6057075796668,1286.8932737731714,1119.314080637644,187.8839120799835,2239.4729406086853,111.72992719354949,118.14749172396232,204.0629398819875,272.90372495151905,446.3471694971695,4021.0980103821917,518.5877440065052,315.7927109981522,17701.576377476616,545.6934733729981,2140.6182179106895,220.01771247653346,11756.081157889186,674.8339729120976,965.8191133198326,1619.4925780073613,501.76445114728506,2254.366371449263,180.4851760683417,824.976426602498,669.0888990736244,9960.57250005653,1637.3626927107048,1639.3791824052853,18731.702497814662,2919.1514113293592,29724.986437908687,958.5266571268838,93990.07187887648,26315.77309405641,25938.612646802114,42516.45413422941,63797.21840918862,24175.06591603539,53789.751490895906,2082.75082014009,93158.10265596419,13735.984908988592,37041.48058594277,43141.436257593625,13378.558699244417,20489.16478322965,10611.565563845994,16280.63880428728,23512.519640002567,66819.11806353506,14412.541142646729,10166.512359800585,17455.00076308424,229848.59212725662,52.31292735042735,290.57453139893613,553.40733100004,948.6052782103039,190.04911067193675,5411.782577594943,268.7459935595905,530.6753159137063,42.50070028011204,106.50795157663633,1427.7522646189689,28.421008403361345,1220.471059957748,624.0913483037306,932.0115613276281,550.0668498168498,62.67863247863247,216.72966909173215,272.17215393538925,13.18469387755102,7475.958432708086,5182.093015858492,205.59663384001618,5873.532397012403,1549.8508303687142,141.67946815089672,574.7872295143128,1752.7906551522176,1048.2421945701358,1351.1313507317416,1342.9640116470325,5703.536447802427,49.14285714285714,693.2781529460877,1104.6850878469552,1274.1068923255848,1993.6637216544846,798.7083205545745,1647.9179378627907,465.4778396762592,535.3994291422863,619.7335328307702,239.921990710439,3673.540829765227,77.02060208310208,4889.615065813353,2.4285714285714284,21.836904761904762,810.950964741269,453.22504985729347,149.03333333333333,1228.9792015517737,132.79761904761904,519.5575656604603,12.583549783549783,116.17236097236098,56.41666666666666,166.70579217537423,247.1689868349999,388.68382251767923,31.69206349206349,940.5555585005361,34.28146853146853,328.8351862423291,92.92849927849927,204.4252061430633,422.59361905233715,434.619844341518,77.94688235740867
133.40978989401404,877.5120544552997,23617.363742092843,3715.2849209409032,1092.9410154385555,18207.181352596483,8147.085635423037,430.22383719280316,30934.64811997918,2610.820079223826,14930.847634078034,334.11858083646877,245.77034135587735,65871.43230659771,915.1714356506486,1570.8777313203632,1611.5826266181891,11156.898955334113,358.7914058164058,10769.381742857207,5449.439258424076,2488.593746796378,17149.099578949856,158.58795653580137,12027.299880536857,2186.747192103464,4639.906927432662,20892.46884706909,16109.737859472227,2055.4549998008165,319.7001857170187,487.53235385136475,664.0775581152865,102.9703723155929,533.5544277360067,2582.8175901243008,5501.3016947247925,972.3809919998472,11853.464905075802,5416.538445288103,1217.4169915081893,6904.184029955248,813.7076180066152,1443.8227231367723,812.8301277020735,3497.8007257613494,332.24259918343404,1420.8749365109286,758.0241605117484,1373.96566700843,317.92893242722187,378.49406677613575,187.66659931501334,432.89141419725786,2448.1073553729066,885.0553985657943,770.9368031821979,769.7738331322786,1475.0012232990955,5289.78927512644,1228.6591859619214,424.86954113012416,8519.146790952855,147.1261433011433,654.6261408681647,11732.844932766078,2892.39015482812,947.94535881804,185.9770509575441,1008.5358808299484,1148.953386876637,8081.883493805709,50.034285714285716,980.3591440723019,6117.773797451032,89.45612638994992,383.75189314500113,333.31663080932475,5718.109710058528,525.5330879959639,563.2859271382479,1.7543859649122806,69.1972197342887,505.29020562770563,210.14614583333332,305.54493734335836,84.698967091044,120.25208333333333,232.1449843260188,8045.123980046444,352.5233924271463,693.3126259728551,637.8167568647791,4575.407826142185,242.2749995142896,114.05748619196895,3501.40902019567,1183.7252582572562,339.2333216686095,173.92528413182905,109.79365079365078,748.2644561377319,9906.967960033093,2104.9190732982293,2414.5245448391092,28182.85746986369,334.5100329209429,43422.25878143831,6496.500834364175,37079.850415035005,10067.512784088862,26517.611127425193,9637.430934031347,51847.79658362491,13055.059315996647,38959.90583053226,295.75299021706587,43667.956851860494,4284.138063372282,29789.471790319203,21774.122605612443,12323.459836310964,14271.407702293463,5362.701784097754,14175.32991942446,9702.274122685552,43178.246735332636,6392.597398277241,13654.229167285388,3179.828054221267,110188.55820805307,63.86888888888889,374.4726775575285,712.4049249386092,827.6033425877913,60.39224137931034,454.51686772902633,896.5296781813561,335.6797630509884,460.48201017249005,845.7558004860637,1282.310921457928,79.74886877828054,121.42545466229677,356.9579062043756,354.7903691540412,5398.070347648544,56.00341478696741,400.6684523809524,472.276847303351,77.42928571428571,3496.924514340438,96.58473754013681,519.7829365079365,226.0269123835934,2107.6877893066585,162.23511904761904,36.49285714285714,2436.549127693342,704.5561985846971,67.95221674876846,41.06449917898193,11107.642249392047,43.52380952380952,137.24064009661836,467.70019957482526,253.466515351012,328.8808688431284,139.296977124183,148.10858275711217,509.4776214465359,455.9521751653213,644.1010369450356,119.74461655652105,688.2687280439866,143.87651492236338,726.0727122385364,79.61063082750583,0.0,78.96583169152828,204.27207626744334,26.5257183908046,258.9189232551075,74.9875,999.6663456621351,438.54202297702295,14.825,25.0,54.598361790170614,61.954972347913525,327.18701864369433,18.76,40.73229560316675,590.7681892902351,76.6406175274988,129.67857142857142,103.52539682539683,367.56669372294374,215.8952312534209,87.37038497217068
33.30099206349206,29.629365079365076,3927.1245456095844,491.69961538461536,169.27292429792428,5012.754716867958,667.5446805645335,165.725,3116.6924183806964,647.5684533984534,697.3039889032536,122.10666666666667,140.56325263278387,6255.4486036535045,343.99999999999994,86.16357142857143,63.58551587301587,321.2507298257298,255.6353785103785,1357.2939886039885,575.4298577123157,327.80181827431824,1003.1173886291696,43.52083333333333,2570.822155823868,315.31496482353623,121.62369819722761,2326.858569388128,1928.2678008197165,165.16877289377288,64.42638888888888,4.805555555555555,127.07738095238095,14.375510204081632,52.06818181818182,233.9330280830281,816.4623504530017,125.36666666666667,254.6763431013431,263.2566085766086,30.099206349206348,1500.2845044340252,298.6453035060178,994.8002238502238,81.9047619047619,485.959374218971,142.07445887445886,97.12499551102492,77.44442355889724,71.22777777777777,100.7420634920635,168.22069597069594,1.798474945533769,273.7046296296296,139.39102564102564,170.46230158730157,17.479166666666668,98.04444444444444,67.64166666666667,257.99487601214577,34.44600840336134,10.952380952380953,976.664708658716,53.14508547008547,82.7298245614035,1249.690084506137,61.160125588697014,220.55461538461537,57.519841269841265,9.270833333333332,289.16395067745873,686.4632159530479,2.32,20.357142857142854,189.9186376646054,20.95191409897292,165.0021978021978,99.66165674603174,25.318417366946775,20.12238095238095,49.6043956043956,20.476190476190474,81.43172568172568,42.42281746031746,14.527777777777777,45.04514245014245,5.713541666666667,6.555555555555555,9.833333333333332,1084.5903945862165,11.686274509803921,102.21937973137973,43.9793956043956,711.1278716648602,111.54232804232804,22.388888888888886,135.391157736939,4.95,32.54642857142857,14.019423558897243,66.88718820861678,55.69841269841269,551.4392147884795,10.016666666666666,94.66675824175825,2490.2272583868503,259.96428571428567,6725.28121542035,482.7490659340659,5814.28880809375,1220.5851528633987,5027.389195210733,1204.484520136726,6702.348825868425,562.7309407096171,5621.513684229857,31.432598039215684,7346.387330707337,173.61475093533917,1771.5089069700518,3064.728848059158,1143.8076085434172,1671.8738887435316,174.11652236652236,2262.003738161154,1611.478998528561,4971.283976885974,343.32566137566135,959.1950587606838,419.50131285978057,17818.517996203915,30.641666666666666,141.9320634920635,14.450980392156863,6.142857142857142,1.6666666666666665,126.26832664689807,4.238095238095238,33.15693681318681,524.7197598697599,15.333333333333332,19.633333333333333,5.191208791208791,0.0,75.78967356173239,13.759803921568627,4101.766745401271,15.357142857142856,0.0,17.666666666666664,18.138888888888886,264.89980158730157,13.4,7.666666666666666,0.0,352.8288493764577,0.0,11.6,307.9016448801743,159.0,0.0,68.09777777777778,805.0890425305688,3.833333333333333,0.0,75.69297052154194,8.94017094017094,67.01166666666667,91.0,0.0,73.14965277777777,53.89246031746031,30.586894586894587,9.668498168498168,107.49999999999999,15.119047619047617,238.19220779220777,22.333333333333332,5.9,4.466666666666667,0.0,1.072,4.238095238095238,2.3846153846153846,37.62782258064516,48.97126068376068,2.533333333333333,7.0,1.675,9.375,28.25,0.0,0.0,278.5566239316239,0.0,0.0,1.4000000000000001,158.28224206349205,5.5625,0.0
430.78484848484845,101.78186274509804,470.83518772893774,77.24369747899159,4032.683410056719,1908.0116410550233,3135.3065704997284,176.25833333333333,11148.652980699855,1669.0541832894774,8610.032902609826,700.5969367669368,88.08333333333333,85200.176964565,12.2,5.533333333333333,70.69047619047619,1717.8689192232512,2777.1791847041845,11886.33321726476,318.90236915861914,158.4234126984127,17505.5354043968,4716.1593025846705,16797.235701776775,213.85,32391.899057357867,16376.465510184104,9591.939239907319,2089.1831701853885,55.7375,6.0,15.85,2515.5942419182124,33.51428571428571,31.333333333333332,1749.2549077783917,265.40272817460317,13417.062796416545,453.40910364145657,8424.077647189411,206.26785714285714,23.81666666666667,5772.272172565996,89.125,3.9529411764705884,489.54054834054836,334.0363095238095,9.571428571428571,12.03125,26.238095238095237,79.07619047619048,6869.7589405420285,130.69047619047618,172.7293956043956,4525.392484598734,118.75595238095238,372.0684283309283,26.5,21.958333333333332,80.03067226890757,3204.335906862745,86.01785714285714,452.42321428571427,722.8529761904762,311.20209235209234,119.11666666666667,218.93035714285713,2573.5549148074147,35.91547619047619,13.4,169.71964285714284,631.5669124856624,118.79459325396824,8671.601790663712,54.47758537758538,3.9090909090909096,739.1428571428571,24.944444444444443,2384.4759896612927,158.6734126984127,417.24207150873815,6553.436861055611,17.425,57.218831168831166,8532.497790431245,6.777777777777777,188.275,212.8315268065268,392.3880952380952,38.5,33.32142857142857,12.3,222.53333333333333,78.19642857142857,3916.8647588522585,105.80681818181817,927.5859668109667,75.35000000000001,19.0,396.9015996625923,73.5,1746.6403153926683,1319.0788819513818,133.62708333333333,278.1376616847205,8822.784374291286,7740.405442519876,9784.735290516945,126581.10846727956,4728.905891066252,25496.036168016708,23543.42923340548,43675.22294428648,500.7180056871233,25764.85611924125,28.5,25937.808227428333,6360.298401344479,12156.022680277969,8764.253561438562,15403.05187220534,7926.005155650863,8433.655350087458,3416.6648216085837,11018.571529817063,42026.383761819256,2688.1156440781438,4120.70409035409,2125.7156544027866,198677.00382147104,77.0,0.0,19.599999999999998,0.0,3476.505957052207,0.0,16.1875,0.0,12.714285714285714,0.0,0.0,418.0766955266955,79.6026515151515,0.0,0.0,0.0,0.0,1099.8402776838734,0.0,170.43035714285713,954.9676901529842,151.55772005772005,582.4164583349409,770.7244928297011,0.0,179.95,6145.482939691027,27.25,92.58333333333333,211.4017857142857,984.4463564213564,472.6822309226721,142.48880952380952,414.4138888888889,0.0,171.72142857142856,0.0,6220.191109271991,1233.8809418767507,0.0,0.0,0.0,0.0,0.0,0.0,0.0,0.0,59.653174603174605,68.16706349206349,0.0,0.0,0.0,57.939682539682536,0.0,0.0,3483.1874609187107,124.66666666666666,0.0,149.3933802308802,6.111111111111111,137.0222222222222,0.0,19.541666666666664,15.666666666666668,215.94126984126984,1776.2859317969612,0.0,0.0,1616.7382683492976
64.73927109305261,1621.7639262297157,11207.478238983684,5306.26060416192,1338.1107110772489,6585.600769398008,3338.5261293004028,61.32727272727273,58529.79103892642,150.06487050960735,4045.1280574355515,0.9532163742690059,317.9904340396446,43008.7540771178,358.4704974984309,343.4136197136197,419.6382974123064,118.48636363636363,270.87148268398266,234.9754072123267,1790.6351317597746,2442.87106865228,4526.7633652120185,822.4708090572752,8521.792154831384,6995.268049985043,4673.905331824126,35986.57650326951,19985.464584669233,2327.603353314437,597.7855455738915,161.1255772005772,277.57532230841053,71.74761904761905,4.415584415584417,624.1496152315118,6980.198893360991,348.2328540507112,2467.6464562071915,3269.6844579176995,711.7681457431457,14933.19669931072,3504.7042934261367,126.28642921406079,647.7576053518778,1374.0032011407916,646.6797406297406,510.9742175543312,443.4421052631579,19.872294372294373,449.1149892407787,214.51944444444445,62.285714285714285,8.106060606060607,2328.0512265512266,3410.0759743452854,162.49213564213565,1243.8775673400673,764.0186688311688,1801.770707070707,590.043983465365,742.6027777777778,6859.271752757047,21.778095238095236,887.1530033691798,14134.324484499439,3345.7659724288437,695.8472465846846,592.4210689286347,632.4464285714286,6910.434307080477,9985.79005492461,280.79847725374043,1086.6966639180926,1169.6810305435306,928.2566446780733,402.023063973064,132.36825396825395,439.7155788655789,686.841341991342,525.0361111111112,40.59722222222222,0.659919028340081,35.893542568542564,115.6845238095238,2.9595959595959593,1443.9225490518254,81.33802308802308,31.84202456899825,11203.782389772698,344.8548692048692,1062.5349833499833,1349.8858485780172,16516.715063402484,665.0046729196729,51.01785714285714,2174.6722424221325,145.8939393939394,507.65463564213564,134.78974567099567,219.58110639360638,769.2963348740391,9769.314774798853,4675.230594868095,1419.4395354840092,6955.273435704255,2025.891050163287,32206.655188054774,1120.7305819872647,62940.01830397495,6807.758273335244,25649.884489020224,20857.905719711154,31333.361380683305,6000.604993879251,20321.004910469816,570.5127830106401,72578.59573450424,7801.420894335337,14954.863271346017,35082.47142453572,26993.52090280736,29080.45621653568,2298.6066450194626,12935.667059570895,7689.025662557826,81938.99887061797,1855.5230994152046,3330.9494754533926,1816.3732301241212,229079.81585360062,29.933333333333334,1885.9888260212822,172.21016113516114,125.76679894179894,1233.664880952381,633.0498882744935,161.64577922077922,120.11969974469974,8.0,68.77395833333334,878.9668831168831,5.800000000000001,531.2903681406312,962.4712121212121,648.1216909743696,773.6777777777778,197.43706159337736,272.7660313671537,848.3820526695526,31.023809523809522,1732.9708347208348,608.8964912280702,36.17716640085061,196.00666610078375,1305.8358210836782,67.2328947368421,45.3783979178716,211.4725036867894,220.682967032967,30.580538150932885,40.96644736842106,10210.533238263142,36.41904761904762,35.90225563909774,2808.062680022528,1656.782695024274,345.8243991479806,326.14424603174604,8.801169590643275,230.08881352565564,1432.630148642896,496.8796035255594,701.1708250690125,527.9933996558997,498.4703128353128,5639.086997325751,1.4230769230769231,0.659919028340081,23.416617300827827,444.5988492063492,36.25160256410256,575.8987549157192,0.0,248.87738335738337,92.87121212121212,3.0,20.63095238095238,76.43546176046176,90.35247208931419,398.6900072150072,6.863157894736842,334.9623556998557,435.7707671957672,355.64262265512264,1.7157894736842105,18.999999999999996,173.28030303030303,57.12986111111111,44.373051948051945
14.136622235100937,72.39835571835572,7975.691579161579,1322.9161035789205,153.79957264957264,1543.4849734307086,267.4450244200244,48.58833333333333,11282.946123681959,561.8061904761905,2971.448799348799,68.70666666666666,73.86666666666667,7149.540963764034,72.98397435897436,88.76190476190476,52.935028370322485,238.6347041847042,254.49305555555554,1249.8521143671144,510.87993589743587,134.35162114845937,3064.4512785498814,17.32142857142857,1466.4116446264495,464.10265262515264,1113.4129769536019,888.8927261946635,1857.1552009809363,205.09831932773108,85.90049857549857,24.32502374169041,39.5,43.5,568.8570707070706,41.90407913165266,435.0901933850463,201.14249084249084,1628.5185643060643,552.9749066293184,196.1300976800977,2335.4501227240444,242.7348488113194,340.41749084249085,6.276556776556776,358.49954545454545,7.906722689075631,64.4952668246786,57.51826923076923,33.362637362637365,59.91089743589744,148.32111111111112,79.29166666666666,105.97222222222221,160.242761527688,113.63095238095238,22.32234432234432,23.486764705882354,140.67087912087914,215.68311965811967,50.623911273911276,300.02232142857144,669.1324698327987,87.8589010989011,337.83882783882785,2477.041549324858,155.08866503866503,570.480721679135,6.9,257.22301587301587,896.265421649429,635.5921591949482,22.6,101.40265567765567,197.6279602496269,9.928571428571427,21.076923076923077,4.111111111111111,185.79945054945054,22.69230769230769,62.53333333333333,13.200000000000001,96.09444444444445,1.4500000000000002,26.47222222222222,120.37216117216117,237.2801282051282,173.22692307692307,71.32051282051282,583.9417774262201,34.42708333333333,113.66782051282051,195.35119047619048,383.1971269811343,23.190099715099716,6.066666666666666,99.31289543789543,43.938576007326006,75.99912375206492,59.1098901098901,57.54173060528559,63.7437908496732,255.25401404151404,1.5,435.29738562091507,930.2008455433455,205.51104886399003,3766.223616204057,81.47229691876751,2371.177902737241,1066.0709264119093,7993.555159047019,2640.485753035677,7262.662907147939,1542.6647071791679,7002.209037869053,113.48952991452991,14401.07448259118,485.6707459207459,3232.4447616334533,4250.9521459821,2188.788507550456,1007.2341464363524,98.04774947274947,1718.9854668278022,3609.337165097483,8309.231559259679,487.0858007733008,203.06975717637482,304.99167872704635,24521.566057085365,0.0,133.17948448610213,47.56222455648926,30.882407407407406,0.0,236.48480362230362,0.0,17.733974358974358,4524.759793313412,186.73459383753502,70.65333333333334,0.5,83.50834033613445,98.23401206636501,76.36666666666666,25882.701635314002,44.4375,4.288461538461538,123.06190476190476,6.775,58.983333333333334,0.0,19.8,23.25,246.73619416643757,4.8533333333333335,2.9000000000000004,144.13214285714287,0.0,1.4666666666666666,0.0,319.02537878787876,0.0,8.15,138.95910364145658,77.88578551078551,1.4666666666666666,0.0,18.875,1.3333333333333333,285.1539612511671,196.56167851756086,41.9,32.99305555555556,20.96323529411765,76.01541693600517,53.0,28.400000000000002,0.0,51.016666666666666,0.0,24.95897435897436,105.77970085470085,30.68,147.1783333333333,1.75,0.0,21.136204481792713,3.833333333333333,14.58653846153846,40.48571428571429,14.785714285714285,507.5492521367521,4.536809595633125,0.0,0.0,15.142857142857142,0.8076923076923078,0.0
1.125,307.56926448317745,9313.99798165696,688.8797118641448,593.3223398957281,10419.614396582418,1318.1673399098268,445.59752673796794,9174.012562435695,864.1410105793329,8129.706201468543,7.706122448979591,114.75314056178026,35202.39213316175,280.4521727183492,225.99479291716685,453.0385660893145,275.3452380952381,483.3506550740926,2145.1793157262905,2348.572626939019,195.4081485477318,6301.405281264382,45.176785714285714,3328.739612156874,1522.6661593995882,3009.7077036931096,8025.859706918916,6209.109167511191,223.58636204481792,23.21267361111111,133.71464752567692,177.6494658119658,12.736507936507936,64.03928571428571,852.7918121001844,2073.53180024883,1497.5542110765264,1359.9979446914924,1959.917434467312,980.3789254590725,5103.777793045445,1107.6843474832137,1334.0179951992452,246.10034013605443,1426.9588754668534,113.34789377289377,420.02330476803513,310.8228853383459,237.18055555555554,38.62276910764306,157.60267857142856,99.89666588857764,101.34156194885361,430.2426238929915,787.4293655201008,171.33247354497354,587.22623710879,1271.3105290508015,1805.296988100796,1197.8084774460451,294.73782705333593,14379.317533511994,54.50791666666667,61.420159313725485,1955.8313487256944,520.5862019428984,479.93650013002275,97.9870879120879,892.0355438115416,1043.114228728518,1393.4118376977242,64.39783691254279,574.8688969247986,1501.59230930211,179.01648839360305,94.45072839741957,203.82359584859583,337.27593635939223,91.77780112044817,196.2201418951419,15.166666666666666,4.359375,22.353125,5.625,282.3861111111111,10.020202020202019,87.01140873015873,27.73015873015873,2595.692842060402,308.39647435897433,596.2428415973646,171.18388526093167,2753.422335035822,168.26001984126984,77.4657367432619,708.4647376216261,491.8940476190476,198.75667989417988,83.15430426556587,17.11111111111111,233.43260971055088,3746.7843277096395,554.2279103617892,354.00249474789916,9680.958974995925,389.01745001030713,8508.412690052954,1272.0820057321173,22668.825628762406,1978.069692311925,8074.636498876865,11017.70263486197,18626.21618372592,7843.690599432268,19398.672924858587,160.31918387304415,38215.01933400145,1733.7329433241266,7279.74858999843,10636.990303815845,3648.811658091302,7249.198231229953,1980.8598096814483,6019.274652843742,6812.821392724274,17193.03263691192,1899.4704165856933,1758.1558685914044,208.2996068368868,59741.9986443072,17.222569444444442,162.08184523809524,261.55270081770084,71.75671992481203,4.644444444444445,786.2219197556304,241.19272875816992,325.3074159967017,68.78333333333333,158.63228114478113,1059.0681448214484,7.542857142857143,163.88873877401838,123.18330280830281,430.30440009337065,1670.7360714285714,109.48496240601504,74.41938061938062,168.9515289449113,12.501339285714286,1366.2550303203486,140.56508198342874,0.0,990.4601673678691,706.7719693938182,74.86031746031746,16.3875,660.5937533470428,118.83273809523808,160.23296087440826,123.5563939930039,3686.9040081263765,40.345238095238095,8.625,771.6611881256413,590.7830616816104,140.49603174603175,52.16887353027335,105.5270473574045,2.571428571428571,382.8041707339501,323.83217985431605,65.0047619047619,198.07652708810795,85.2812237394958,859.1144623758595,32.56515151515151,31.800000000000004,15.936507936507937,97.01986663086286,67.87619047619047,204.7398219717122,28.799999999999997,575.3983337503611,25.44,4.916666666666666,1.4527529761904763,92.89112554112555,0.0,41.601809056956114,0.0,7.0,88.23482142857142,219.8638985675571,4.979591836734693,15.273809523809524,133.9084656084656,28.409580498866212,44.312605042016806
232.84341332039608,1032.271328482216,42639.70023905396,4067.9009606027525,1981.9545375136825,38251.72333029494,7094.228093526789,833.6683084816681,50163.34843644203,3235.9267302938706,28020.56118122887,373.8678497428497,501.0548979886674,110624.65141370405,1269.5388023709695,3555.348826051236,2046.2259096256525,4207.11178849857,557.1339773811571,12385.124191699642,13187.093908233033,911.7064918768552,32042.074481302403,598.4946159417267,15034.332859280828,3873.6607374130167,10650.568324131302,28228.850613262446,18636.54513327247,1131.013610127425,844.180789035295,531.838389632102,371.22956264076004,81.80466322892794,436.4184176071138,3465.389785581453,5433.7804831581,3870.583908347107,7167.772739360738,11258.774362555921,3223.7821071924423,14804.638606547782,1958.3408900422526,1722.8551335189113,812.864011318529,7533.0049280032445,687.647979212238,1489.3731995039172,1721.5563525822026,459.5162842274684,240.690259115352,618.9187528533031,204.46983853409006,990.8395146316102,984.3397317111833,1965.545942371363,485.3803656069633,1964.1783323531781,3271.316678473081,8285.265815341489,1855.6411970555273,1292.4545406623736,30293.29141893585,257.34447981069496,871.1604482875716,11379.193341683831,4159.933241092781,2237.01914408323,515.9312547980792,2855.598347026522,2605.471839403561,6380.191503632162,225.03317480776943,1078.9317545904387,5377.487238267037,571.8411772537298,646.9042058503013,609.6604443289788,3632.0295990375703,568.6602986566155,622.9741659037162,47.166666666666664,192.09027401477832,222.23153614223466,414.9520299145299,583.5999753021889,131.07799029715997,602.746346410571,196.03715539269353,10629.585472823355,417.56973096348094,1085.7357202886008,601.5491749600902,11391.706991306222,511.88924076114176,470.9674240806207,4986.258252687266,1394.2930201482368,381.91995137146597,496.71946337983155,89.90788313810373,967.5744923788947,19447.747179038914,2317.044697446233,1908.6209076149341,48757.154866399505,918.8167160805726,41198.53824307183,5531.324241836432,82195.17777905348,13240.536514679065,31248.163950829847,35131.099922469046,74731.33400219312,24404.510888572164,100019.92617283814,676.0140247193508,104570.1971860291,7312.406709094433,39976.70206225969,34540.83459545984,23508.886049848672,24345.339421761375,7804.427850623575,26991.268476752655,21067.65014461509,78686.21738114145,12256.465547225707,9788.340326777252,1981.096962238846,216723.46456188615,91.04506222943724,509.6564996346169,947.7228430168329,802.6955603460948,154.00710211723143,1426.6245935969393,911.3236029014511,453.41511643758184,579.1538401484996,221.80851482911078,2294.0309233204284,11.55,1632.6145895947343,310.22945929488077,605.9940870766169,2540.7520548003577,31.045179235968707,350.5667543994467,361.43132625458475,42.01979166666666,5882.263274925724,498.9736726854524,535.8352352304559,895.697580133818,3590.2838774082497,362.852297979798,310.37000662735954,5881.516584338815,1084.4744937293099,263.1422560629964,254.89499465707806,42721.665914518926,109.90277777777777,38.147306397306394,774.5144090337609,661.0298545766269,776.9971620600965,241.35219299841148,322.68851722973574,735.1914909694708,758.4947889185067,1268.5636630116205,395.94635964912277,260.99125844007057,263.20248591143456,3293.8423439747316,204.7152665852666,35.46805555555555,29.29934371184371,258.4210765657474,28.411553963278102,725.9216809160583,89.5125,1653.3309840545326,133.43820346320345,155.51898934398935,89.52447916666667,85.8648520923521,19.673484848484847,341.66247409639436,31.541666666666668,307.67338406651163,265.8968636441267,366.612648158075,51.63472222222222,99.39095551507316,575.0353485492523,193.38751112555235,111.03066469011847
302.801197524987,2883.6142643341636,11654.46007642138,1530.8854956956502,7858.642759895065,43683.90339409954,11315.761104671417,4185.685272189684,49447.28792574522,3456.147820028555,10599.556680556729,206.22945134575568,1631.9695681040093,79263.5861022411,1749.6063462338602,658.5795160236936,1049.452937606554,1229.5205081492581,3547.595044670743,4435.650009654281,7160.3001082521905,5405.351434942951,18929.126137216346,2087.686104497355,34099.20846126552,15844.199319103855,15924.330523221966,30542.300085025297,27565.49448244578,4777.1822859597405,1171.8738160912512,527.887887186343,696.1882324295788,646.5798443823517,417.6050172866349,1814.4913084556504,23527.570433299577,4665.592550987786,7473.063688934537,11764.843926620904,8354.356344523123,58330.157590894,12790.880117412684,8194.245865150095,2603.0847775806365,1362.0992007276866,2897.188637747885,1185.2579899982452,916.6311929083988,733.6282777777777,1395.9275560127007,5190.6501869260355,313.0220324074074,478.8105249247847,3646.5099587667232,6333.499301113375,2016.0787290732144,2405.27816984274,1772.6885122803467,2374.965806559998,1416.6531249605514,2332.2041964313635,11651.991401664254,247.30724603174602,828.530660146286,8597.922076440105,5814.2301486575025,5044.835716580584,1911.3170663323483,2527.069064661975,14667.984873329317,23401.576071408606,1294.485143005143,5937.905048300789,2996.200002720333,1001.97468217003,6348.600076574632,681.6859042482572,2282.3930510286737,3221.292453583368,1401.9455436482144,251.74197191697192,70.63541666666667,260.9758693806194,709.9837267153238,1288.8454772079772,2495.596533896387,2275.0151017316016,1074.8905015344133,41910.315534230125,1924.1946283808784,6651.113103890234,4116.584125605124,35872.96688526892,1427.8385257037435,716.1088211252685,1144.0259460693042,1024.796103896104,4146.07040358627,749.8667935113561,2927.7387512219148,3575.840747035685,11535.031772605953,3046.384718357798,4152.4043405860275,27624.79262080988,5876.65652270834,47039.54335759933,2944.684273818223,125496.75078121241,21107.678682323443,27955.878625495665,49536.87238772898,72552.84268433474,14437.535111651841,66250.53484084265,3483.1845296573993,91187.88143790775,13507.250218646292,37248.94319213308,60568.95181242487,24631.483482148273,32351.684985969205,5790.931445000104,29224.214882204124,24116.753490560153,78260.59428565859,13873.83402992445,8876.599063002242,17361.274685629432,269362.34630292136,195.61008597883597,7599.679450226293,751.9851049832608,1046.498069169086,92.29746031746032,6249.839077656761,855.6067972250851,903.031310818183,745.8186974789916,459.12225214872274,1193.8333834670232,57.463756613756615,2326.9425721282,3755.151216582569,1383.4413593882455,9044.89327576072,934.5535761331892,2053.7151936673936,793.9719884348456,88.36212301587301,3173.9725609477728,1025.7856777481777,557.243556998557,4118.2479837111205,7571.699236759072,344.82727106227105,670.9536576617827,921.8134371184372,554.3449857087357,950.3715285615943,414.954657718013,2619.0569231522404,171.6063492063492,278.82113997114,6082.287502465662,2787.5759774998824,722.7573309284157,1758.7314823994866,1304.084000174662,427.5081287231287,6455.158307676632,1562.524418266861,584.4855174032544,4121.100199855156,2276.1369948392758,10368.462363968209,73.85449284511785,35.98174603174603,318.64556526094987,370.5308712735493,245.9647940947941,527.813484626951,60.504642857142855,945.2324356661857,172.02158496732025,100.80627747252747,148.9932644901395,709.4292258347783,152.62857142857143,796.825511452972,30.194444444444443,722.4757881334352,655.4043042877602,907.3822149380059,114.32839105339104,146.0148088023088,701.7687962962963,134.3763492063492,305.57487536428715
118.01277056277057,64.68313492063491,330.4191919191919,328.12473304473303,637.5221475283976,13341.584772456916,1396.8836657324157,558.734132996633,7868.341811938062,3485.682045915829,6122.460221202086,1570.1301718943823,487.2649927849928,12839.710793459797,19.682222222222222,120.4361111111111,178.5690476190476,553.1255844155844,592.3498403149139,1233.2354557479557,644.1251774728224,1305.9084312619116,2252.0450231875966,198.34280423280424,3290.1567753385243,2121.624206071706,5194.589263975761,8078.5527021421985,3676.9863350560727,151.2367857142857,70.27777777777779,16.958333333333332,31.0,61.03670634920635,779.0141242254477,76.90833333333333,2590.5801206817873,612.7827777777778,1577.8869688644688,6418.24764041514,525.8910764235765,3095.71176648849,418.3847686798297,702.0175721500722,929.8434749680144,46.52777777777778,109.21249999999999,128.60619047619048,103.75153508771929,122.43333333333332,185.15208333333334,398.85164335664336,705.5347957461928,2089.5387265512263,524.0757696007696,2054.9316324240135,126.07916666666667,3501.110756621546,157.28333333333333,163.20473342447028,109.4319696969697,32.733333333333334,11.05,40.370198412698414,137.37127857522594,283.25059523809523,1109.0402513227514,131.78410304292657,279.8892307692308,60.19708994708994,406.32147963147963,606.9195054945055,186.23769841269842,132.5281931031931,549.1849320586821,59.9501461988304,127.69709235209235,106.10619769119769,213.50434676434676,217.91118437118436,345.22817759003243,322.22407407407405,20.794642857142854,104.66515873015872,217.4530525030525,176.14959500466853,304.72887987012984,141.77567155067155,710.4535363247863,769.2435644983672,30.25,178.0909090909091,128.40017857142857,853.0719085008559,324.71567136567137,257.4819042069042,116.46845238095239,324.12934523809525,594.8539592352092,48.802923976608184,113.77222222222223,38.49720695970696,470.851628959276,144.13998591909882,159.77657254782255,1478.7172235951184,230.40071733821733,6922.533665803724,2348.5721101202716,16162.47474222385,17248.933977884033,1768.0160413433914,3819.2873972323973,22084.737497906655,683.8792814612923,12942.621538261932,114.46359126984127,10440.799165015307,4996.241445323825,3531.40486989862,7082.652291429331,4543.306796415955,1976.4027981785239,1746.185269255598,4089.69274042478,6384.35069333072,14906.478966132301,9385.437514923418,1003.7887706591654,1311.4568225147173,56789.9804810815,182.86666666666667,109.2625,72.19492063492063,28.949285714285715,577.4527052138894,60.14878968253968,39.384126984126986,50.64722222222222,7.555555555555555,51.030682743182744,21.15,38.12271062271062,270.97989047989046,71.11222222222221,20.816666666666666,89.3111111111111,6.049603174603174,334.1924684112184,26.931547619047617,83.48333333333333,58.66161616161616,138.8781746031746,237.4120670995671,499.3289194139194,141.8815058479532,864.4621494708995,308.1615548340548,20.0,9.904166666666667,213.6171626984127,57.58142857142857,23.91,96.25714285714285,93.48452380952381,29.18,0.0,806.3723797498798,202.57391682391682,89.32136752136752,20.98148148148148,49.58839285714286,34.12390873015873,59.19166666666667,481.96612914862914,45.83333333333333,2.8591269841269837,3211.306945369445,106.93306878306878,46.88148148148148,153.09249639249637,3.114285714285714,0.0,74.975,42.85615079365079,18.210317460317462,12.011111111111111,206.4719696969697,1.7999999999999998,111.67267547267548,0.0,195.42208994708994,29.3125,0.0,24.55,918.499537037037,190.59186507936508,1.1,7.916666666666666,74.19424603174603
206.24056532018605,387.2664819589452,235.04988333523588,139.923580451535,2014.662955462355,6117.728138192952,2467.2547698948356,147.36247319811457,14908.84245984432,514.6247643986958,5167.072262485517,2274.9945959724514,2681.5639015941892,26874.082625143146,128.6657575713057,281.425888000888,28.35073309626881,744.8925480930523,1060.629483842012,1982.4687597991565,2079.65615680127,1885.1397300319943,8132.40171479118,127.19769143554858,11604.698275783547,4549.649184845472,8330.495569267925,4676.815959896811,13465.74827359458,806.6569458550708,264.417840618977,167.05865407353798,54.55619094141153,55.35206349206349,106.58379850642696,81.66549332611832,4565.2056045425625,1373.1947664372665,3663.0766251376144,2863.014790421268,933.1323731515398,16873.191857165937,2977.3334779770266,860.2050097360287,1169.7312514980433,180.92489177489176,16.414285714285715,236.294900028468,125.16636677015465,28.993290043290042,159.15543565911213,1083.1003710177279,248.3370986343255,4.4568907563025215,1300.9432803875525,1117.397336743753,244.76501918560743,2809.9155329559503,175.2835669156272,246.99002199487566,58.935923915388756,66.3070165945166,212.9613536184878,81.39916666666667,113.68411033411033,443.0369690957191,1085.2497262219554,427.4546334628326,283.5701851851852,803.2022616810407,7901.593392278306,4414.665782231892,183.6833152958153,483.7201937876938,254.53709882400074,449.0036636083439,401.70391395154553,110.70902851233734,116.02879578754579,378.12711931833076,553.0304026326721,220.76474567099567,295.64795436836965,38.87142857142857,151.21212121212122,252.52310606060607,2336.7471611500378,130.6791208791209,130.07247077541194,7005.960844647897,111.83951233951234,1419.8421314824757,1145.7722524302446,3442.5311634063105,232.28641236712264,345.4987429237429,231.10026193383337,149.7567332156148,1405.7754087822948,34.75032467532468,534.2335264272764,915.9972577110295,1503.5188725056844,3302.1894936818676,491.67761542817925,1573.0442830460042,498.48668810299904,12124.333143580825,1532.9497127024476,45023.894806200005,21307.152971842148,8052.907198249771,11565.945472566835,50719.13209370316,1561.8288104068045,10982.8019961259,262.8359734547429,37240.32371364443,3795.1417815039254,11047.479964109642,16537.975814908878,6547.526577485038,12030.061278036957,3778.516725770505,4662.668227049761,7137.599021416834,23610.803120352582,11897.509755052628,2392.655782076627,75518.26204081881,127631.29545828182,100.94521988088164,227.28845523437914,37.13333333333333,47.98849206349206,317.4864705485924,1570.3402481422038,153.3869547119547,209.94827856962243,9.041428571428572,236.4395979459991,171.44087607359188,148.34417423535072,451.47451297487305,812.5335994810804,369.25947057615014,406.7116444403848,109.11913580246915,401.6626002758159,4.368571428571428,117.21261423761423,15.368080808080808,632.2888202955104,263.1689451740671,795.3317272161389,548.0905871006894,77.9742527313956,1174.3359590743871,8.8,63.26190596440597,774.3681235831904,98.89479282155753,20.213054560615536,22.785119047619048,767.5003392477992,773.7793912745751,423.23029414194826,637.7400206389757,950.1136240294793,590.0840299357792,81.61883533133533,1281.036025269665,96.5574855377181,52.919795150383386,431.5617355371901,70.13300237321045,2490.100138218052,20.124761904761904,50.65926339766676,596.2390969311462,16.096636696636697,51.16046020027444,97.53432239057238,12.904761904761905,40.59310741341991,65.95,119.03293650793651,83.12066822066822,253.45789141414141,84.7759918299619,18.520742084712673,653.5172324430467,228.26839277839514,1.826923076923077,77.40277777777777,912.3963572425453,530.4430971623722,9.21103896103896,54.80858724608724,214.12616609580894
329.1701435936399,615.0341161899418,24287.02485828837,6505.829452467165,4850.391264543011,91549.17399466528,7065.251730145179,174.90054515433144,31102.49643108027,648.1314174058319,7433.571008538529,348.1408847171347,131.4323235088751,89526.16310033151,3412.499125829358,1316.1261562733916,995.5669650873318,704.0418688489043,413.83820257714996,3679.335877027873,9117.845525705372,118.22294501274084,17979.37441321462,666.8240072706199,12564.245363684744,5396.533836490519,10721.878828620991,35837.232086152646,10314.831411069687,703.3716860867604,560.5367968667583,158.50460338914968,970.6116383524222,243.12098081656904,462.19433406837715,2949.5807018500104,3756.987498204501,10075.70812698522,4964.2507045462935,7536.266469082335,3001.579499843599,11464.323688629967,1488.5168906652937,766.5709968564228,1655.676012837938,4900.018636582005,222.5481166670595,374.6439082608233,996.5889193322911,115.51257923363185,126.20708814212104,691.4232812713982,81.00058051391926,398.4170562770563,1094.0003724711703,3291.034594203917,330.00876890681843,2928.5471778574515,1632.489220745922,5547.804070378525,677.3287693237894,813.7891626736094,10797.244624115589,101.40623449406344,1133.5774912305212,2943.2059581830736,2763.609315647741,852.7821639965197,206.88134336860816,1510.1874632534089,2336.8605436351986,3529.9334265905673,575.3874369858136,533.5025628319049,2008.838376869484,738.6997063749742,695.9261890449571,889.067856419728,1459.6959330467716,204.23222829801776,297.30755765408213,1.475,439.8890406528337,159.78202353202352,279.3461813186813,649.4212335458659,295.8477625442767,696.7526442135447,158.0564109688079,10523.995275824744,200.42671960250723,663.2534060244723,321.5963857855192,5309.217338016808,781.9540909632663,1552.1583485175793,2865.4730144136392,447.8273523084095,1103.9619579623006,243.96742456877666,80.11673329938036,455.45745365449653,17855.58365448294,1005.3276986872609,486.47189761136224,20381.312962100226,650.2194401547777,27066.974898204342,1592.9283876703364,88649.29633409365,21722.280632971713,28779.288686761072,17396.456757330856,58585.20591078408,30516.86364404004,57257.927215121264,876.3289779818946,69111.77758709124,14574.414350350082,33244.35035015273,31984.082387278286,15358.431523399957,12270.598057955973,6709.768595016367,13907.255315124134,15129.27253150766,69348.31949125438,7241.317425363847,11465.427740055125,2710.153148379668,184453.47161714634,76.8018981018981,155.16142369729485,553.4439865835918,471.0438587691968,76.52238300492611,1885.2395782274523,97.37468640655572,418.8845293595294,68.04368876737298,101.77326103549014,1521.1824068043256,17.832142857142856,4963.497585642063,808.585147618052,192.52650748374433,129.06376698014628,132.79294448241816,269.64912123133274,245.86884103111657,72.08333333333333,13299.514533502106,1742.8976940903237,122.77485467963409,1398.3181559359805,2963.724080670569,934.1711525974026,517.53133805374,4702.356357151449,634.5732342578793,612.3574435855481,1943.8229323851442,16276.966469797871,28.642857142857142,57.408280238280234,668.2276618672716,507.66513386996144,606.5205987452416,242.28845817581112,1221.4752581312246,491.8957616851042,323.95435688337005,1167.4298444976077,496.9318552991171,845.8744671775148,45.574723114151425,9599.835606808261,13.096153846153847,1.225,306.1495375920376,62.57104987525734,3.310344827586207,698.2411509860559,9.683333333333334,1405.9298133173443,72.28262987012987,136.92126145784042,8.833333333333332,254.93309061795904,83.64136075371455,148.57052861855493,6.458333333333332,268.55889874178905,3.836842105263158,227.1770942472162,33.55833333333333,171.38506258447435,415.5143131478593,204.01576727869832,91.10428835870012
403.46251443001444,1087.9843944104448,22664.237693023777,831.4370607429296,1773.8098610066234,24362.708319884405,5390.63820611083,142.69967532467533,46708.11765650767,672.2621212121212,13190.149557249442,98.73354978354979,231.23730718033045,81600.14433802474,655.5421044270315,598.1539894149515,391.5129808286951,1118.6362734487734,68.7077380952381,1464.069847830664,4802.823359397275,804.0990654032875,10596.628912117098,47.7898592140618,19851.994633141563,3056.3872512620246,1972.1483615241482,16811.42387465404,19634.62240423771,1967.52129271477,1585.840310846561,378.21400708209916,258.03343680388485,19.412464985994397,368.6014880952381,601.4125840376943,3104.8507764788155,281.35341537196274,1379.9487429488227,2975.1552153486537,107.85240848612172,8111.7746375027455,1008.7816691939645,255.37443306693305,217.24218717790146,2377.3593044455542,81.53811605061605,366.5648429880869,424.1620175848117,191.11866883116883,82.24447278911565,429.85511904761904,78.2859943977591,32.797619047619044,474.19236511050127,893.0216536346456,292.50061327561326,765.5007453587224,399.71550877926927,2937.9412349389613,890.3327022793266,1.2580645161290323,10215.124888007595,57.15,556.3507016812164,1030.8243490064835,954.011378066378,223.82589303398126,395.5697476917402,1104.8217810023611,1410.7843642874789,7262.337572430065,2.081566820276498,559.7591161616161,1074.0095002898001,1217.9852049671542,383.4371813371813,848.6424402273972,1221.3554133596301,257.3511987128716,547.1565926883574,16.0,0.75,267.6255576776165,18.934895833333332,40.61325396825397,180.73958333333331,16.62222222222222,1.7207792207792207,3699.724061632133,771.767203548086,850.2750758546579,333.0986495921844,2959.733522241432,45.93540717331773,42.939743589743586,1368.5203043449478,206.23171313980137,486.2485543032957,183.46428239158502,10.15,1735.5027808538675,21422.354346663273,381.2506890012831,166.80029761904763,15427.013874675562,2052.0381976376407,30757.704761879508,1513.2321662244506,35033.18971658777,7858.962498827667,37117.55892126369,8127.724856670524,45982.65657045438,19512.23309778677,30302.236273129853,1183.151424241025,56432.56683755121,6554.224657111548,27531.073787753263,19145.63033520827,9360.776082311122,18283.841730019227,3092.7948234154524,8168.149700172589,27967.235744717716,31701.20669306282,4805.750343836365,8302.744436705498,1325.0013817419783,164919.49210216117,6.542222222222223,739.82806221783,262.2878599545879,236.96727854582693,115.08333333333333,397.65871985157696,221.76848845598843,158.89707019171306,980.2588612368024,35.660714285714285,1055.6322558020877,1.361904761904762,82.51988095238094,626.9353280717067,284.3631747635258,6751.503904206532,7.114285714285714,6.666666666666666,161.45085034013604,0.0,1726.7220664635654,42.60864197530864,33.68055555555556,79.59204545454546,1278.4855578128688,1.8,0.0,408.275235654868,976.4055385706914,7.75,55.6,8100.502286921873,3.214285714285714,106.68055555555554,81.68685608233801,138.11425212718316,256.41994080825543,98.0912251264142,61.44642857142857,277.257404328128,317.35154854239676,614.2554931583275,54.23759982833259,207.62492784992784,158.3038660306102,753.7289880545519,67.89333333333333,0.0,11.26388888888889,192.22212141649806,8.571428571428571,272.55112416178594,0.0,271.8969511143618,1.7207792207792207,0.0,0.0,68.79209956709957,0.0,90.18353254645824,13.666666666666666,98.51147186147186,777.0415875790876,122.87797619047619,2.7116402116402116,0.0,75.70484572616925,139.30294187850578,16.897727272727273
2266.62510573945,2525.5016450253,10844.852366871197,5916.514205066411,11120.791212030848,55847.89497905747,15400.938810614818,7495.226166671105,95370.96489520483,30596.157154657256,42599.61427704861,119881.14620586006,11318.178143509364,303074.2536623387,455.73514406257806,460.4319395049395,533.6714984655581,15052.16832451996,15752.526435333393,43872.3003702473,11274.218341029296,27744.949925904333,41012.27674698626,4485.842711457204,74386.25854915057,23854.4099803543,89418.30088422717,85567.57335132657,106637.14267660474,7444.246340324484,1521.343200755239,549.9097256991374,274.8707923340276,818.7325090321546,8981.52330398529,943.0131613280955,26963.54114975901,9711.708825026895,67425.50410966409,22378.927532302085,6941.676516612686,29821.125653793308,5895.589715979353,7051.506827505599,10233.206126399687,987.6521857596426,611.311903998779,782.8989216935803,274.47297366051754,1481.3953243978244,504.99900034465196,3474.594179746488,5273.929290727221,2806.2012948761476,12467.313242564296,12278.986168785783,1443.2642830309856,25459.68119230382,668.7007588104642,619.1171014823983,490.3224870539963,2194.4859712395446,1512.3635373789216,2149.1628594394906,1695.9936157364812,11077.36557070732,8679.698126332767,3360.938075469994,5408.736442128499,1794.2085282790251,6237.428738310435,7252.421897944192,7000.145007220004,3996.3383827653392,6316.144511204984,1684.9268847454623,1322.6492623790762,2497.2954052819973,1204.0383547945082,10391.054717127305,6228.977204800975,2666.0643832544965,1752.8850099519218,773.5397686516399,4066.715933125293,10057.267915619543,4625.3980816160265,1455.9561498275873,3865.0365512382764,7236.654477768946,691.8618239488123,4828.866343228542,7498.482477090146,18239.629274064977,1344.1800076102334,4658.031562241828,1022.1566568235686,12540.732410297553,4866.748859440582,243.4337566021583,3238.980467340311,1262.1011757857723,5627.032392303885,13839.715937490882,3671.6892992396274,7262.244298540481,9316.627656439148,83957.16101669967,30551.272593331152,234432.84354472885,457076.7634914922,71139.55585115906,43665.17378306231,316686.8351020604,11355.87188696452,104087.25850520008,1624.0312984430107,246112.81500420446,40546.544342206405,83002.78989110743,119351.36934380434,107780.25553185852,42779.19472794491,36250.67795440368,52589.85552042444,36697.52137233776,245048.3763241624,55122.02698970524,19550.15944868934,293785.0026630053,1381330.468020412,734.6684486757889,2143.474483127134,345.45424682348187,347.2539045092838,4349.500169028383,5799.299552883595,757.543088037733,3716.9136356020967,1272.0762951754127,1908.606943622823,585.1197860282666,1602.7048906567288,7377.732284610714,2855.900494428832,1898.1878804180637,8898.901076739792,245.49301319072583,5327.677876136495,109.98051599194456,390.830383378604,571.95787275464,3028.4730165879428,2723.709806810128,4989.742322687039,2448.821612006165,3752.4251769655025,5132.582173479976,411.8889617662031,572.2673080272218,6144.876546696565,1488.417435507614,736.5415306704655,665.8832248342375,6008.503104519579,1291.362372848776,2313.5343569461584,3199.515875289714,7144.133541838959,2667.014622884569,338.73408463064715,957.9476470711064,483.84288728881444,402.4661140695594,2296.987637360855,733.9988797927734,3194.565144835384,5992.956140751239,1225.7363429043723,4751.468734591445,314.2271661124823,245.5143288349078,548.2242577222191,1854.6574078976578,540.7202159992785,392.98550420168067,1364.6426214757464,1838.5716629017927,144.44370894909687,2161.710328421972,197.19246058271793,19960.488779256615,945.1791342524149,2373.206456877968,55.9754884004884,37786.04079608749,6738.608222477403,196.68034226190477,138.23107517482518,2689.5324092628503
191.0751082251082,2335.527708551902,4384.250736980884,2710.3269359634555,2003.036330744419,21272.862741056666,6395.2296954901,849.047310452105,32185.317960953504,4297.710615835962,7753.157910708702,7515.95298981539,1946.2033860875965,61735.328401607716,448.7809523809524,250.72467532467533,386.01994949494946,1958.510308551098,1517.3415989221776,5377.458990613789,3933.586148111148,4734.069640202605,13230.934267409692,266.3115218115218,19382.501476065176,6863.9825808295145,17428.286321465614,34650.62666505393,18045.887163511186,2298.979553482888,223.6074481074481,271.48487315153983,218.19920634920635,190.57238039738039,412.79761904761904,818.2799596987097,12468.873538723381,2189.7754474283884,10496.797804790507,4790.183108929922,1743.3079435077157,29105.415926307283,6736.765525536841,1778.5086235659764,2436.372657897658,464.36868686868684,280.34444444444443,418.278663003663,250.63479853479853,560.8175172780436,330.196336996337,934.4614584489584,990.4091991341991,254.61381673881672,1794.2513961013187,3824.9282508327906,647.6369658119658,2487.116011825865,368.65268440709616,1300.9534312909313,580.507116331381,40.166666666666664,924.2115139490139,141.686093857833,293.60233100233097,3361.3062532880213,3297.652919985297,1082.1002166875521,1410.427491952492,1256.5665179189152,5217.509186819883,7630.152445179172,968.9125199362041,1605.833238983239,1693.0887350304017,505.4432194616977,2020.273101898102,591.8047619047619,707.2889886580526,1870.5035499580833,1822.3814881056817,421.65122655122656,280.94169164169165,336.3464285714286,252.38314463314464,1043.4571428571428,1356.0985782191665,604.8939621781727,802.7622655122655,11980.217311616809,191.08968253968254,1704.530128143075,1300.1964688368987,7804.448460690755,717.0503108003107,700.799885082238,710.2044853294854,472.8709617180205,2908.286825988222,138.50238095238095,480.0334295334295,1614.9148491001752,2480.0696212284447,3490.2103772534,960.373051948052,9605.559535006903,2381.637002449257,22315.892892784865,3540.490694420736,84970.58193874534,39937.22085518424,12811.99281606871,14398.413377172972,53840.83939899033,8546.744209176943,21013.355446442914,1350.0791169478669,66157.29506116846,7618.417636484637,18081.34664593351,25627.37334906691,16965.463329961014,30778.683202056804,6133.3683985812195,15389.386707050062,11098.199717199474,50224.87288759305,12174.681716733845,5216.818434642543,60354.81328808976,240296.8622351033,59.40151515151515,1808.4123780750715,243.81037525795588,94.06830206830206,1368.599802974803,4163.024573660487,422.75416666666666,1047.7311688311688,435.27777777777777,495.93123165996116,1517.8964105339105,74.9010989010989,1857.7927683427683,1430.123332215761,680.1211942473739,1555.675395358154,187.01486106486107,1017.8192278309925,137.63849206349207,154.51666666666665,627.211800976801,665.2242861713449,936.5062663915605,1182.2773605479488,1773.719585969586,449.45531788472965,1070.4668287122233,58.25,266.63412698412696,1201.2675962925962,265.83492063492065,2279.376318126318,24.6,1342.0005272505273,2253.052631431233,812.3478835978835,383.08033536511795,1665.2786075036074,430.262142024642,221.4595238095238,2254.6904273200325,636.2258547008547,323.5577380952381,1593.096225996226,742.6403567947647,5322.016530837919,621.9824675324675,96.31456593801795,401.47618667881824,240.8801948051948,192.04924242424244,250.54224664224662,169.61507936507937,111.6245115995116,51.33333333333333,167.76817042606515,269.5167748917749,238.45970418470418,212.8267857142857,344.5199153185995,954.218818352482,219.0945767195767,299.2345238095238,387.38144257703084,1365.6689286546164,492.65566378066376,66.98809523809524,80.69712301587302,196.08055555555555
285.0210925367232,45.77431500491845,2038.0273068697918,1640.0387708089631,1828.7609202431217,5197.681284524676,426.72615466292467,38.51890622149243,5822.682469376585,668.8789145378431,1454.667207858038,2886.373965959685,443.53380978057703,20443.435029920907,29.885057471264368,11.3,187.43592835735694,682.7397737101802,8076.939920875918,1033.982605018769,524.2106099440151,2347.466117205292,1785.6574810132493,159.2059106975505,2346.7841264183894,1617.4694461214053,5735.75932692546,12526.51022693552,4107.373293612412,169.01779913024208,109.7642475659717,11.600000000000001,10.426785714285714,33.175415114236245,261.24255845556354,83.85340598099218,854.5477033203265,373.0816111304617,11942.989923375602,647.1698307911088,1739.5719174344174,835.7889769261368,186.66698950054712,842.6729968884692,351.00438488714354,110.13114395183361,6.154761904761905,90.04720063134697,46.01373626373626,13.487179487179487,35.772074190177634,20.929054279054277,74.533612342009,45.114285714285714,1064.02850086486,904.0325919877492,27.658730158730158,990.1259648610431,20.76062411407239,107.50044208664899,28.62267907162865,22.12589285714286,102.56851149040679,99.56051587301587,374.5730455559766,214.52755404388265,3991.0740369840905,302.25481343369273,160.5600072979383,110.5924443691685,711.2316243277565,590.9739616142253,510.9468827473498,422.86279547168556,182.55261363264236,32.42149042828556,127.96106549899653,48.27948823207444,53.469316893424036,230.22444414245885,137.21981402389346,85.89502164502164,56.56907227764985,29.68061914420941,142.2751470751471,182.96230559563892,174.27941193489622,304.3440943634909,16.76963601532567,495.1273586812353,10.773809523809524,99.80721003134796,21.788814872866595,1033.4780050858813,156.3216030138444,85.7113039259591,53.42040816326531,1208.2300371334525,162.76045811860706,11.166666666666666,161.51607214624457,31.52377531472359,255.30852858503235,111.89697645199021,243.30560614353718,584.5305076314747,66.11585191044821,10166.902004375966,1010.6992401468841,12928.37836729178,38947.179096456304,6328.228655399464,12581.823628084974,24850.936723050618,5301.414640657199,18153.227974323963,74.93724925867782,26323.401865081236,2011.2468571063096,6453.165516539947,11453.077157815862,3403.611323601821,4551.056424903982,599.6287598902252,4184.101019112904,3300.7045653767614,43050.46843598538,6010.4008781535995,1126.2101385140602,4409.093263345953,110512.97684426705,85.17816091954023,41.671247412008285,0.0,81.67323481116584,702.2549549201027,314.9930513201449,28.82375478927203,64.76501283589405,15.057142857142859,39.183673469387756,9.375248481193603,76.40454545454546,3458.470464376811,76.84645942668256,25.679948914431673,190.44851046698872,141.35270811563916,25.222955131029142,20.819047619047616,7.2526785714285715,11.853930105654245,11.591534391534392,294.54923131256186,104.83339438339438,137.78095661522386,266.3565811172954,452.47758075258076,113.69715342129136,8.325347066726376,55.49550679205852,5.698412698412699,113.49469173441734,5.5322128851540615,425.71444494203115,31.82758620689655,188.04079571222428,148.17566556537145,388.6834267652282,253.94059785530374,33.33066933066933,14.298953201970443,30.753496503496507,122.8314935064935,172.14096152889257,16.859301139473555,381.24008147025387,423.7039433905813,34.46258503401361,301.41058386058387,1.95004995004995,6.5,346.4810084073015,79.4063492063492,0.0,0.0,2.466666666666667,971.3179431679431,3.972085385878489,181.96862026862027,0.0,634.8148393542962,38.872544824268964,5.5065681444991785,30.09157509157509,1676.2798925482555,63.92365749712905,5.166666666666666,21.333333333333332,10.65986394557823
149.6095238095238,1187.6636329385985,415.4875658698027,166.93166770444168,3653.0472056136405,10189.676422685889,1713.844049980841,689.8353848357525,15147.624019718738,980.7020153551317,6481.957168701669,4851.62734282579,2132.2693675213673,24722.604564021178,133.67585326953747,158.41171428571428,139.8062271062271,2186.7865667665665,489.83465867465867,2646.680825535811,4886.8126466588965,4391.277500004625,4915.866255903187,73.0431855500821,12326.065726552544,6050.8041716662965,10131.649337205592,19390.265979498014,16888.22002348926,3493.9785289499946,84.62222222222222,84.5547619047619,78.77777777777777,122.18300865800866,660.6360606060606,33.06127819548872,6243.226579019119,236.94444444444443,3353.0662577237576,3483.5135534835536,456.87373015873015,8054.155345651938,428.000053163211,963.3601982739483,587.1463405483405,71.95833333333333,15.263888888888888,518.0211507936508,8.290476190476191,1199.7884249084248,113.0,151.79333333333332,489.76880341880343,197.1680402930403,8619.61553058053,1394.6334935897435,20.75,7481.921406673392,572.2978732378732,69.39484126984127,100.15666666666667,66.8125,37.375,155.42570374374483,965.0113682983682,1224.7767110177404,1574.4845687645686,186.7179487179487,2447.060085988086,230.55873737373736,678.817766955267,341.63329725829726,613.0278159340659,2031.1628238428239,372.6461838161838,171.92249999999999,285.63362193362195,731.4876007696007,154.698556998557,2017.057520352142,1805.7805099273485,401.1928989139515,124.50089285714286,203.26071428571427,176.3202147525677,387.65578699585546,2159.300629148629,585.9125702075702,481.35438842203547,1447.194248153807,3068.648846153846,957.775231990232,1230.7028943373978,7651.929203296703,537.7948015873015,203.99742063492062,77.27848484848485,797.3827777777777,1125.177275132275,24.51825396825397,252.38728715728715,258.9365811965812,1650.8197053541,1035.3899982722528,216.30142218892217,920.3256156476705,1479.4641673881672,12932.893693841506,4583.431173499503,17523.834693665383,41604.10620867042,15341.469505847646,14886.159591663238,28428.603567603543,425.9041955266955,34410.21063884541,241.90404312062208,28294.477126379472,3542.1382960002957,21891.99449739174,16625.59295332991,17859.71930067004,3582.9058532289096,5235.296473278441,6915.867205063455,13688.47890354789,32689.978922245296,8491.426695599062,10508.985835184109,5202.05176281962,136822.72448537243,137.3605235042735,364.24007936507934,82.49055555555556,8.333333333333332,686.3035589068742,943.7761101969926,64.09378754578755,892.7664468864468,89.0,140.40167693744164,43.49696969696969,33.20833333333333,548.8436396936397,565.3525,190.3398051948052,129.84166666666667,23.19047619047619,356.76695887445885,107.4888888888889,84.16190476190476,44.12521367521367,338.0833333333333,196.20778089013382,427.25025201406777,68.93333333333334,442.0503848003848,459.4959560626828,0.0,242.29166666666666,209.26666666666668,99.96031746031746,0.0,23.636363636363633,236.86012876012876,44.88425925925926,199.09401578813345,171.28652597402598,568.6583556149733,2578.8612197606312,252.73214285714283,20.65,114.9647619047619,9.84074074074074,82.73451048951048,65.7107843137255,36.31666666666666,318.5331111111111,63.90993589743589,208.66746497946497,289.44404761904764,65.38666666666666,100.95555555555555,160.49833333333333,1021.1807936507936,44.233333333333334,88.47962962962963,473.4329115833661,14.285714285714285,290.7897186147186,63.77169312169312,1077.8962890265907,764.5323809523809,29.133333333333333,7.166666666666666,1023.2844263906029,256.2765752765753,75.43809523809523,25.74102564102564,259.94761904761907
954.7261904548313,304.21533572707483,1170.3619474929258,389.1139673457855,7520.069693879298,7223.082826121764,3303.508466207253,196.1432178932179,15662.320214141168,721.4569720338636,7567.264333471556,1636.8633397385033,715.4804011464726,32195.93593598348,219.81610339800702,26.76984126984127,155.57630041915755,1234.5693272196213,2114.572189693536,1305.5558659749836,4504.395722192243,1386.6780202274192,7238.082784400304,76.0381179138322,17951.657807464715,4686.5357340985065,8587.60452651153,13562.129017685425,7612.684756175079,1658.136768087188,759.6971044955384,16.670741758241757,204.16396556250604,92.29155289155288,204.84614644614643,265.62661853298215,5908.123382088388,1317.3573654520083,6039.6514264605175,850.127194450995,1120.1180326225283,5463.900329759758,1028.2821725465428,1051.4463206331307,2365.4179735938665,113.41428571428571,139.3502124033374,194.99353101594173,292.70524290524287,107.78571428571428,376.95256132756134,1807.0551784129184,96.41465807375582,12.245714285714286,3933.4276818765766,1022.151741108819,107.82607947607947,1319.3636959027565,124.84369721187903,179.60571403325162,81.91791383219955,3.3409090909090913,1031.5943743197763,235.71197532626104,84.22656898656899,177.51051638837353,7021.626094381223,1175.0235802013112,422.28828130451984,115.03507647907648,2626.268746096953,3084.68138050683,468.14749028749026,941.9340865289395,578.0809764309764,428.33870037414295,494.12233989555415,273.8247751763699,219.8702781112445,876.1660726125726,440.6363910991784,191.4849025974026,66.56992115027829,17.0,119.09456691767616,197.49018518518517,6340.60485334061,1123.2986104538736,139.10868714618715,4131.8123632579145,265.5462251637252,919.065540257644,382.8179897569649,5108.380256509364,203.60559729952587,1334.446519920012,181.33367206206492,160.22291270898413,4685.696811384071,53.80061605061605,2409.6611318909495,357.92150155776164,1397.025056247052,1908.9203341263046,8244.930437653386,1992.3925408054924,2873.5690893566207,18063.658388070908,755.9591487947507,44972.835523262824,24271.568364750547,8687.288139879764,27428.85322835011,42536.576887075615,5785.426313908345,25219.849226833772,862.4194885092327,35417.768235426876,9596.757924253312,19207.624325112447,19247.083518178933,6680.422431430405,9917.492076890909,3933.4300456456303,8077.279461204362,12324.32907495674,34118.68289027963,12952.263081707317,9173.24737218729,24994.452652923264,119594.39698735507,31.215151515151515,69.73897648245475,73.5164835164835,93.32069610283895,570.6406376163519,5997.699390257055,95.02238971346114,490.13753654423004,0.5828571428571429,50.7210406570655,313.81756755616715,2.914285714285714,1844.5264117828472,1003.5654448001941,357.1443690563577,161.58260869565217,86.99796340023613,777.9383563827423,26.381623376623374,23.773809523809526,1905.803999692608,3223.235722453317,303.2450702075702,2581.028765556339,357.42754745254746,106.29165120593692,1024.4990380496229,24.76851851851852,207.46309523809524,2843.2823027220875,392.5066285302,56.36435766614338,7.728571428571429,1300.5450147075146,979.3773718632414,1114.3137285354578,507.3866996223509,2001.64946403542,1708.9033416991506,255.4056623931624,233.30388916638915,233.30627943485086,44.41732220160792,865.6990361342672,107.25932539682539,1489.820006621141,27.58033189033189,21.229316120387548,966.3126326633892,44.1399753024753,9.632,98.40123771730914,86.97773268398268,90.19406926406927,6.6818181818181825,106.03155178155178,197.54132996632995,138.4670139039704,255.4995089836634,138.3261209029066,281.9907242024115,530.8087689733075,45.25,145.7429773929774,1016.6011889635419,142.2095815850816,37.83910256410256,72.09875778982922,24.23138184566756
60.84079526795044,1463.968294103601,30393.280516325744,7159.952795676656,4778.452840040011,42661.307126231455,6581.311719875154,190.67872475754734,35227.578327688476,1330.4793534661546,39993.63298399122,776.0392512077294,237.49235147691226,114220.01663588917,1982.3121273549898,1001.8334116957025,628.5900708215867,587.6381264261254,211.79977620819724,2105.334083643612,11996.22786235504,546.3269223411193,16673.473870714737,242.56495384883314,22258.565117330843,12264.007872669727,12772.8556005437,65832.11478745691,20495.982318969498,2555.927185083721,1641.2879365552499,250.5545573333648,958.5555978024942,47.8,264.15967719149535,1188.5205176811544,4490.405348536112,2837.60151963124,3108.879484546036,6586.7902209451495,550.1040922909757,14359.094367628866,5310.526320312685,502.06499062878373,1008.8910622038516,4978.4295059938395,208.93686260536896,871.1166549271269,521.7974474191174,9.919372294372295,66.66278166278167,292.8470721918774,144.91571523942213,173.6256204906205,2180.9276886123544,1931.531479285137,320.0186724386724,4245.847705071077,1089.3710457835502,7442.248607763748,895.9563509195247,87.75115258304913,13388.215582923167,139.65380832617674,2953.300640958185,1953.7191755112567,2177.8700826776653,555.9350645225917,1348.0935512877204,3238.4761996148013,8250.065219078384,8506.534413627876,333.6982784243174,1284.593413245004,1413.531722763608,916.134579210472,549.7254580530914,1597.496585244989,2334.977297709112,267.7654466433038,1192.4330345970511,21.25,56.49548751057372,563.2749801124801,222.28793624250144,234.25994769119768,434.0809317562564,164.66512979434196,36.86451350496818,10118.33377158655,413.59549983961193,859.9555868511404,453.81778459121193,5040.67006523673,365.3552266559683,133.59808070386123,2693.596183313264,342.27361880663096,984.8688717492597,250.86025861112068,36.79319828722002,611.1180740554253,14591.558110884313,1285.862843326511,373.6826376449221,24965.829003376042,2119.545055571219,39141.68031709934,2302.2985091413784,139943.8082494818,16533.50089483456,53973.688254544664,19478.829021850277,48262.583624809486,71895.03943566474,49890.69445183484,1008.6367795155624,167608.0029084874,14192.295627112653,32589.85812336035,32889.01094435077,85980.32035454852,25838.73051105694,14329.514204470966,36938.477715645815,49947.621016462625,77909.1172764339,8485.712833074895,9151.565621438616,2601.5174357725764,345894.0075502661,48.283116883116875,605.0607738144522,1299.7787487177425,444.00174186445736,5108.10508347017,1057.0258635497405,240.7672317767599,438.33362859906975,378.5470779220779,111.11823815136255,1289.1932727457727,0.0,925.9036092593072,924.8266124064504,502.34884768009766,808.9190202517789,73.08306878306878,149.1335011002268,255.50624010136204,23.11111111111111,3225.253210124099,1059.6882875840874,37.870175249587014,1365.988726204561,2708.4354003311537,34.36590007215007,45.393593073593074,2066.7702026697043,1479.9695578231292,476.2709413261262,324.83855120920936,32020.156441902673,49.70833333333333,12.645454545454545,416.6826280265115,245.40661829600123,1955.4416554677723,205.9693917193917,844.2471474358974,199.51436222928106,301.0178677363201,555.0508870758871,572.2866329551674,1195.8046593600154,308.9811986863711,1538.3691699698336,11.933333333333334,123.76492673992674,838.5939484126984,198.6202233425489,37.51592775041051,1237.8131719276678,27.935185185185183,571.6670485532985,19.16130952380952,15.545238095238096,88.75,25.6746905141642,20.388387051544946,482.64062013694365,23.86111111111111,221.18774034969886,19.066666666666666,96.13568594104308,14.666666666666666,128.02375,287.3560663021189,656.1826709210329,50.7973753829017
691.248113195991,217.78036408036408,5493.528171550672,5089.579909211159,455.20457875457873,8170.894159035409,591.2423456173456,202.0666742979243,14375.228659006338,411.70829725829725,4209.184380989381,1211.798273023273,186.8595969819654,5765.2527612338645,80.75,15.1,119.53333333333333,2628.4636393698893,1100.7823574301515,1032.1721933621934,1248.5332348207348,970.5910087461558,2524.969982971031,70.12556600487635,1629.6293873718873,1346.1996919746919,5123.385182899889,8388.821373084977,6673.611636027886,253.51275252525252,45.94444444444444,43.25,25.166666666666664,82.46875,1979.9618679110615,53.13030303030303,1049.6824551195518,250.3972222222222,9968.107520465135,1894.1502338864839,454.80683760683763,1050.5654701779702,924.2520634920635,743.233500705876,1241.4886661949163,40.638888888888886,8.583333333333332,159.20238095238093,68.75555555555556,13.916666666666666,87.69358974358974,385.445473970474,260.6533397158397,204.39102564102564,380.48448773448774,607.7140782828283,13.706293706293707,853.6792526917527,34.66904761904762,66.79102564102564,12.444444444444445,959.442328042328,72.06666666666666,237.2451058201058,77.93333333333334,3881.8539076664074,529.9391127391127,57.76645021645022,83.31313131313131,96.48566017316017,311.1520202020202,504.05090187590184,158.82142857142856,148.63864379084967,1801.8716237466238,5.333333333333333,33.38095238095238,60.56991341991342,121.1547619047619,354.6905994876583,354.5951506826507,84.52777777777777,62.17764041514042,81.81296296296296,156.65833333333333,83.77643097643097,240.3674603174603,74.0,300.7811507936508,392.20718355718355,205.41666666666666,281.83492063492065,140.6375,1102.9480931650048,477.23518040601374,295.24520923520924,69.46322114704468,2439.35177970178,114.26335470085469,119.07222222222222,83.39102564102564,29.604166666666664,565.2710945487261,137.68257575757576,151.17658506368184,765.92252007252,458.18743386243386,5469.774037074037,1211.8591982091982,8832.485513768854,16899.07930425067,2943.166065087724,3319.2323780386278,14228.447880566857,2180.7966889237823,8775.90772796051,35.07222222222222,10573.76316019965,2997.0108803032717,3787.3342903959838,4274.581030141885,5174.185262462712,4158.627223150005,802.8636414511415,4592.208641415256,12742.294610858793,24244.189864520467,4600.545482583426,1011.0619745980428,1977.721223951487,56720.58852768464,76.23333333333333,57.455357142857146,32.125,24.933333333333334,330.50324675324674,539.0662685283653,82.2,950.7228715728716,389.8242424242424,36.46428571428571,43.25,4.871794871794871,298.5043650793651,330.2138888888889,274.2707070707071,2963.3276984126983,2.1666666666666665,131.5410533910534,46.357142857142854,31.50277777777778,0.0,142.73101343101342,43.11666666666667,124.13333333333334,117.63434343434344,1100.1512698412698,113.72510267510268,322.2,114.7,199.45256132756134,10.5,51.0,22.700000000000003,5979.068520522687,5.653846153846154,171.02088744588744,8.0,192.32472943722945,191.5191919191919,3.0,59.31666666666666,68.71041666666666,74.4106782106782,224.1318228068228,383.8058080808081,99.47727272727272,159.68418803418805,3.0,217.26666666666665,85.07222222222222,6.125,195.7178404928405,132.55555555555554,37.55,51.58876678876678,6.916666666666666,233.10721500721502,0.0,17.63809523809524,2.7275641025641026,34.108333333333334,89.25,57.785714285714285,0.0,805.2012321012321,22.083149678604222,0.0,0.0,55.22222222222222
561.7836369225953,2145.5461807813645,19486.995111591914,5814.707692364694,3066.6784903114312,32515.317229465614,6292.161589972353,4012.2321137936137,75091.82019707478,3789.078763024013,12314.026924382453,664.6691666666667,1565.2144807407471,65174.66790251838,359.6369089516148,657.6460308403613,931.7943231332937,5466.4044400044395,2784.504742976813,12798.677857599429,3263.5474736204083,6494.154056851535,10704.609754622725,688.9504550264551,18232.898347593466,6406.225523050873,12422.553324159062,17848.48659251422,28725.958779900513,2740.0522267267465,747.9685619754247,421.2675296471865,610.8010661375662,240.61574074074073,15134.917180241197,964.8733286375933,9108.86692774811,2242.4439558446616,14424.278317366761,8332.208930748911,4668.147412055731,13440.446416292943,2824.8899523789087,3361.539085385989,2161.919853399791,3208.405537948242,279.59447591215974,1027.0290684119361,798.730137973138,1235.2214758852258,1066.9369540486614,2312.0511917802605,1663.0226126425055,1024.2388247863248,5170.614519226465,1876.609871474697,373.91027206453674,2129.5401803773434,1287.3820668320002,2310.852509034568,1103.6755601468838,1664.0656595881596,3262.0899095208497,581.8975557402448,1372.56632050085,12686.693402949051,3023.7060860470797,2637.0613586814516,1233.5058959970934,2432.846249484779,9408.880087298252,5712.216432080914,818.48309760773,2674.075476629398,8455.125080990601,442.1460719414028,692.405755344873,428.15799695938983,959.3685484749456,1793.116392147642,2880.346560483595,358.3222953216374,462.8738603988604,237.92055555555555,766.8357936507937,1180.8458257786829,1064.7205679634908,1741.1078498459212,1370.445557269382,6155.981887308512,2780.9541402253903,3786.0374604191784,1287.7786967996212,5929.87397385707,1894.7737658675271,794.8984944684945,2583.9910660362975,3500.890851324601,1943.0925234455067,1095.3993473030237,1343.8873365714157,1398.3097899132458,4445.636480527179,1657.654289021164,3908.2597509726156,11199.670953391855,2204.487302010742,31877.058224919325,3386.3022254935386,45573.88379887547,25450.659705822527,34529.45861576413,15905.786269191025,72924.97738867813,11267.167163361824,60353.711126259615,1261.6154769376092,77128.44143684715,9879.417972235591,19010.065458960205,37406.8480824304,33524.03801873463,18956.55457288241,5862.586060611559,17713.953385105997,21308.52911445965,64290.02699904505,10149.518301594942,5500.257423631647,16415.79657096905,190866.64048835752,707.0424603174603,2151.0879257386714,432.95482081871785,530.9209338624338,313.48430952380954,3039.6704460823953,571.5112643347937,1324.961045651879,4008.7985474815,348.3593121543489,351.5027825524149,210.81736874236873,896.2319054621848,1969.2911179745738,1557.8758516213725,40738.45009805746,373.3993126529891,438.480996049391,393.7576370719228,384.69950915750917,838.6319409430439,240.00881562881563,263.0331349206349,1447.005611866969,1835.9549318221314,1173.8409038928212,343.91345112403934,986.4707773950421,228.4962012987013,596.5511363636364,447.1222222222222,3023.4814926003364,110.00833333333333,2091.8083829365078,2737.4574244318633,1087.254845186633,977.1644491129784,1247.2445816639788,500.5084747232226,224.58299478299477,961.3449211569922,1581.575876324889,288.22008153883155,1987.9415158545157,1662.6545652604475,2449.027986569223,373.82709070691214,82.33228571428572,146.58050183150183,494.9141720354809,135.52288644688645,637.509146971794,999.7252243589744,690.421973626029,908.4852442002442,33.72111111111111,135.55039682539683,270.64360037348274,1513.9518518518519,437.79482626170125,239.41619047619048,472.08427559912855,2346.8438834041776,592.5826651616358,556.8857359307359,255.7799603174603,702.8081838981839,151.09579772079772,165.56845238095238
49.77936507936508,2334.237060415658,61.76190476190476,84.29391534391534,813.0136261954276,2228.0693794475833,2052.2656337282388,75.92857142857143,15849.535039815848,68.51785714285714,3171.6905247803993,118.65950655624569,371.8087439676725,5286.081593249681,516.6793670245876,1051.7852279948497,112.43367346938776,577.8911659768803,194.28650793650795,7259.000434604689,1678.0904383762052,774.964253504432,10463.456784449996,87.38095238095238,16261.74583205738,14301.74179240694,23503.15758937057,3008.3649209427667,18519.301308842292,944.0089009088483,181.71132756132755,437.52474787894954,209.9783415813878,50.638888888888886,55.25,446.6750462685074,14567.702782776638,853.5591036414565,609.5558153651904,15304.05679318177,4036.134351497657,25565.726095661295,4823.669028754101,2516.9806945039086,4338.623773907388,37.83664021164021,11.428571428571427,141.72438685912076,314.9284377387319,383.46921788917587,541.915016663231,342.80662578162577,244.9609067131126,24.0,9626.698158035399,3175.77639163539,299.9233076563959,972.5522479446324,429.92521326712506,110.59126984126983,299.49617604617606,109.19761904761906,97.55654761904762,92.92183812919107,221.39069779426924,132.41626984126984,5233.5830791796125,430.9917826135397,2201.833081764174,282.07635882635884,27453.796191428202,22737.648329105068,131.1780577514273,1909.43521231725,1809.4450555727342,532.9263294711824,1912.358530542494,165.21847792730145,290.3072973633898,1785.2244468157633,626.3044895736072,419.6678932178932,542.77117003367,388.7528077897826,713.7022505272505,309.17657669128255,242.52737713675214,121.71145124716553,318.90021849843276,20182.291914759946,239.68384534855122,1466.9497108569535,2435.552717870365,1860.7944218343903,156.26994920775326,247.25595238095238,165.4407796451914,56.79351285968933,2075.116341991342,131.02777777777777,3694.0239394689497,2802.7059788095503,9687.082451338538,477.74642857142857,225.85058661145615,3444.8544157940955,432.5811790877967,3007.5137137469596,402.13293499217866,118696.79382729887,3092.6548227854337,17183.4336021763,33763.58815204751,47150.66095067149,1036.6606704589371,9269.431875083561,1716.64439459836,6241.60760177517,3695.7356717313965,6752.055641586625,29845.86019769375,1842.0571104850253,11322.024597871265,5738.4995859552055,4474.517374052758,8196.131282160364,43310.806006593935,17990.58063024776,6315.049269561489,31610.746162742907,111140.40582422058,441.804788961039,820.6020348481272,89.78863600995953,161.77684407096172,296.6222222222222,3850.0847219249004,704.916048085901,141.90873015873015,0.0,77.88839285714286,88.36190476190477,17.677248677248677,136.61617545822423,1251.889291294412,513.7580849861312,210.85319264069264,220.3703629599988,2913.8387262344722,103.97618107071888,346.4231018981019,9.895833333333332,2761.289667277167,33.833333333333336,437.1240079365079,8671.589233010609,113.95138888888889,85.25131673881674,2.3333333333333335,117.31061202258681,366.0739989177489,15.317857142857143,9.319444444444443,7.357142857142858,156.63736263736263,1996.9981226280333,612.3366013071895,81.3961038961039,675.6613440957191,186.5803615774204,51.91161616161616,7411.404073882661,416.4658211769556,252.92764898500192,628.2394235471967,449.7068589131559,6035.576990880851,77.12962962962963,309.3141534391534,21.229166666666668,432.6748850083934,15.595238095238095,408.68507581742875,25.07936507936508,89.64833051276065,12.0,0.0,95.4034322820037,694.1335881574852,370.39455266955264,545.4046023965142,55.410334346504555,1163.9378005708888,18.28042328042328,258.0801020408163,126.5871212121212,1739.0428691183156,37.2281179138322,202.6326338111002,813.0061223168366
