19471.205621623867,91758.76454877583,24253.840940807455,214.25310468398703,8195.404227249015,9325.844443063384,5910.852291971325,3791.8686049169623,6003.427399088651,1872.7654704096965,6268.348267815113,12152.997067358927,359.9362720340661,15374.296715146305,215.1397419301831,4250.136128085627,14739.024009067289,14796.227475979007,1210.9971264603303,9515.390034177077,2481.0707058704934,1438.9531221567365,195.44117687867688,757.7744437691356,11742.76267606773,12136.393271727684,11254.36508266045,4135.225805699537,19816.13187116622,2092.9488901629347,5413.808036665173,26585.04760938012,9957.823750383266,761.7181039849384,155.43656583104473,388.80582498305233,2376.161563844652,10360.314058239197,2676.686930471489,1232.0933521504949,4151.940050203208,1892.453129417534,1083.5112954175454,547.4578755239469,2075.413668800079,3115.9372176862116,46.46939449439449,1189.9666472416473,816.6536976095799,45.114004051504054,1335.2204349872693,11272.137842395065,17891.062143133884,379.61206247456244,544.4428858178858,730.674839547114,74.03067765567765,68902.06959563946,14000.50227601632,2381.2094224628627,5899.774650262276,5526.230620269428,10969.979690418279,196.38808413808414,13088.322460315265,6369.172185084029,544.9298201798201,28770.06927159872,54.13726132541922,24239.383174563674,6131.686427209418,4124.090160249512,32152.63201439253,5002.316035180938,723.3061523161504,33452.73912786386,1342.1014459774706,7262.429009429631,1993.9180839263076,8614.426479692049,791.1065324428895,665.6424936835651,52.59674981103552,2762.433779734453,2504.804205696839,1433.0188013787692,2651.098394158017,1433.2170598180635,42307.23323304816,460.5494627571308,140.41898148148147,48.595238095238095,199.40762385762386,567.9991742679159,105.32657486191968,62.86871184371184,129.0592352092352,511.47747067747065,76.88194725596041,120.5297619047619,58.091750841750844,241.68228993228993,218.4703144078144,575.0721315918124,529.9823575117692,382.4173575867185,371.7838938838939,1532.7394899103977,1971.9669666445884,454.3949073215563,461.41562736205594,10582.718115860847,94.19981698920054,46.02453102453102,5943.260678774558,215.3087697025197,356.2907830187242,31.04840067340067,807.6650735990672,451.9468327144991,494.7132594257594,3794.334552471665,421.98746987139845,308.9486615120018,323.9070914379738,200.11055472305472,762.7119454619454,178.87261904761905,188.16236772486772,352.33764615014616,744.0207870746957,2206.8939985939987,1525.754091425144,670.6367975783942,440.91748443355584,490.32779720279717,2202.2490257212353,2447.1786281409045,136.8432067932068,6068.530903736839,3753.8427422397817,795.7827697569053,659.2913310373837,281.0820834938482,1048.4032547814882,246.16194350598374,2771.8311829159634,5376.970714379506,686.5277093005034,710.3517926714735,3245.674697312212,7099.203845361186,87.66190476190476,2713.5719635535675,136.80465367965368,1322.6585570581644,601.9425339317422,51.428202897320546,537.1859279065161,610.7068785016153,478.2028400840644,20.323412698412696,42.19017094017094,9.370319264069265,306.5513805395384,222.68497474747474,67.79696406534642,443.81909988159987,82.3917328042328,577.4800935175934,79.34762479871175,4.734848484848484,129.108957015207,166.1241351241351,159.57175925925927,44.375,101.55020619358854,40.48888888888889,126.0776677026677,257.6076539201539,2655.6184568723384,16.76984126984127,1368.3164698075689,437.95598543638056,75.1384510919837,187.9239417989418,11.322222222222223,44.66931216931217,374.55107623857623,234.60794413919413,660.1794783056292,240.417242149385,27.246031746031747,98.73358585858585,358.4582338957339,606.5565129315129,170.94516594516594,718.4351311342023,137.76623376623377,259.59351294130704
5466.511241536242,15973.843276630776,7098.815351777852,35.99404761904762,1576.2085618085619,3054.456174843675,293.8664021164021,301.1540404040404,222.56283068783068,233.6600529100529,372.52182539682536,1652.751984126984,149.36111111111111,4805.259980759981,132.11363636363637,1719.5119047619048,1749.1671726421725,1196.9246031746031,92.13888888888889,1127.7988095238095,467.0833333333333,1549.359126984127,92.02651515151514,318.73214285714283,1489.1587301587301,1341.9579785954786,2051.4161616161614,745.4821428571429,6488.755892255892,698.438085063085,431.9440906315906,4820.190904465904,750.8785714285714,117.76190476190476,39.0,41.59126984126984,294.70238095238096,1503.545634920635,1547.665583028083,286.2202380952381,183.3457671957672,502.09722222222223,28.331349206349206,90.625,572.9206349206349,454.34722222222223,16.666666666666668,485.87566137566137,171.08333333333334,22.5,528.3280723905724,983.1619047619048,384.61692104192105,39.166666666666664,104.66666666666666,186.30799755799757,96.86111111111111,3895.3016844266845,1860.9475968475967,199.51111111111112,1173.94712000962,773.0717171717172,1160.4440115440116,32.24722222222222,1357.688492063492,874.3651936026936,125.62698412698413,6084.920214045214,29.513888888888886,1732.3667207792207,4424.988106338106,2235.8550505050503,2766.7180583305585,3000.2275432900433,491.8037518037518,277.4007936507936,5.555555555555555,478.006771006771,301.8809523809524,351.98214285714283,465.3781746031746,114.0,70.0,224.94444444444443,152.5079365079365,123.98015873015873,201.59060846560845,130.58333333333334,442.2141377141377,73.33333333333333,3.5,1.6666666666666665,66.04166666666667,2060.2335858585857,319.2919191919192,100.75,53.791666666666664,160.69444444444446,5.666666666666666,574.2916666666666,38.833333333333336,269.9761904761905,41.37896825396825,38.45833333333333,44.5,33.611111111111114,60.32407407407407,229.38787878787878,1441.9862914862915,161.51944444444445,38.666666666666664,611.0446428571429,22.916666666666664,2710.155212842713,82.05555555555556,127.38888888888889,12.5,23.791666666666664,82.80982905982906,266.89364801864804,284.01984126984127,31.666666666666664,30.833333333333332,221.15079365079364,193.08658008658008,4.5,79.19047619047619,126.91666666666667,16.5,51.666666666666664,78.94444444444444,1233.338888888889,61.05555555555556,152.5681216931217,48.24074074074074,49.33333333333333,315.875,267.6652597402597,221.54761904761904,314.92857142857144,88.41071428571428,202.51984126984127,69.625,57.638888888888886,269.7863095238095,197.72222222222223,218.25396825396825,15.055555555555555,188.16666666666666,135.27777777777777,110.96031746031746,124.6,43.791666666666664,395.04563492063494,59.833333333333336,64.95833333333333,134.71428571428572,11.0,3.333333333333333,35.833333333333336,145.9424603174603,62.638888888888886,35.388888888888886,0.0,61.583333333333336,55.166666666666664,73.64015151515152,210.91666666666666,5.0,13.333333333333332,21.291666666666668,4.5,30.08080808080808,2.2222222222222223,237.7930402930403,21.166666666666664,17.63888888888889,37.541666666666664,26.547619047619047,13.88888888888889,119.48214285714286,38.25,52.08333333333333,22.88888888888889,10.266666666666666,0.6666666666666666,30.476190476190474,4.555555555555555,32.2,39.625,42.36111111111111,119.67857142857143,30.833333333333332,12.416666666666666,45.0,28.075396825396826,100.16666666666667,118.40277777777777,10.0,6.904761904761905
6166.262267204676,56736.22285884337,15475.504958068543,46.90828893328893,3291.0497304797477,2797.92876301222,672.0332352855672,439.6925886830349,1154.8144539688242,1127.0511945857147,1263.9695163077295,4913.941627405368,150.84544530710497,5484.188715709432,43.19830923045209,1577.8338155745469,4076.0146747054523,3378.8778590889574,164.92624246668365,2844.286795391456,1082.7184869261073,815.6137294184839,320.03338369014233,281.1442560475674,2784.9806725694457,2572.7848031741946,3922.2097031434514,909.2300555503207,12093.152524440056,1841.9898880830197,480.1561850769834,13858.779797066307,1768.0953438855197,111.77028154307565,144.6920468320147,84.96881239123057,431.9498449614991,976.9427080350399,1979.3124332417387,522.4549251907445,608.0929966727845,1226.5432782444143,261.84096135346135,159.56085695375305,394.0067832359296,331.881081150818,33.02562231186181,234.37230173208434,86.35624613481757,69.67609514668338,208.6328247702999,830.384888009512,1792.4320615765218,35.2593954248366,68.26388888888889,641.5189559964404,61.63705738705738,21328.727529322725,5203.237623810317,314.0826267299951,7595.746506729856,1403.3798572499131,3811.364706090245,122.71135087679205,5182.341470019921,1563.8799759717456,173.73696499966618,16221.968670242524,1145.8165851336028,5123.082110042858,2787.0635576687464,9876.688078400044,6246.649273575101,3213.716068801891,100.85349304943695,3818.8175844484113,254.1557870117744,1236.9959618903765,341.909015868402,1674.3292979889784,152.73529393886537,65.12557290593004,87.28717153139422,501.703616971264,1367.9120118302326,293.62641579602524,449.3300283293704,110.77053014829512,7626.427098312186,131.89862855296292,66.2300513756396,15.122071050642479,623.2343661880993,446.7322657083846,196.02605031632493,127.25543960008245,220.53409784659783,90.80569362554657,166.08458062047458,90.78571428571428,199.9010334903192,85.55250919715205,173.21104299140012,182.08652326509468,254.62601770210466,29.682952232952232,36.85467964575108,207.91860091744545,489.60004253342015,413.7408421185511,125.45094812594812,1235.1171545117863,33.74734987234987,70.44252190093151,653.5693295966405,447.64028447350876,51.63392857142857,7.04752886002886,82.29102882411706,322.3275571533975,140.88091406562216,322.88676435997866,407.3956080956081,37.28931538038681,163.62487743737745,132.55558475915618,46.48966179323322,34.23293650793651,239.8901940954683,48.33880904240811,222.09028372155308,250.47254227254226,291.95088252390883,89.20049205452932,400.1390684022671,72.73066021280307,141.83364284381364,246.81940361225185,122.95004377236519,592.558117141573,400.067266992267,79.85930735930735,76.65249056499056,85.74456661063803,685.545532744239,447.9137391146648,135.11244686174473,507.17518024303735,302.6194372802898,114.19597214954358,297.34057150903953,1949.887694277907,269.78194601292427,269.5498479694908,19.74084249084249,680.1505857845531,141.29611566746684,59.76539627998282,89.05141155141155,61.23486139660952,155.65369483457718,13.125396825396825,34.837930587930586,91.93261665235349,387.71637718433385,36.208730158730155,263.17990901894353,115.76923506387791,275.7935933114504,237.25766276207452,318.51704323941163,15.939935064935064,73.36903373438004,176.03197732370663,55.3792328042328,117.68997113997114,545.0742803910097,33.13335830835831,35.154699004699005,31.14537182394325,411.7440311830985,16.312432393314744,63.76325983384807,35.763914656771796,283.1101801500246,31.73277417027417,9.954184160066513,57.29441391941392,51.39980158730159,100.73923953031095,28.928679047376527,34.04809145880574,18.503413253413253,22.9751221001221,16.742197912914026,59.83219558219558,14.476072538572538,206.23470255623616,31.71626984126984,162.07035903910904
3071.6941595441594,8313.809462451129,2626.397342472342,29.38452380952381,502.6425264550264,656.6517857142857,21.944444444444443,12.49074074074074,54.38809523809523,99.67857142857143,94.4126984126984,1813.3386904761903,208.09503968253966,1811.1151394901394,53.06845238095238,216.07936507936506,551.7451388888888,292.55269961519963,65.29166666666667,932.8911856661856,119.0679012345679,779.778354978355,386.2857142857143,562.9973544973544,846.923544973545,934.7107082732083,242.3197751322751,103.82142857142857,1678.4507495590829,187.21693121693121,197.34325396825398,3177.3389314389315,402.3358225108225,58.51111111111111,16.773809523809522,109.2361111111111,146.7063492063492,393.480936347603,845.1693121693121,536.9813797313797,44.44775132275132,196.3174603174603,17.833333333333332,6.180555555555555,35.46825396825397,75.64999999999999,135.88607503607503,411.09259259259255,105.43452380952381,129.55185185185184,38.8,159.67777777777778,220.04801587301586,111.80555555555556,46.916666666666664,64.08888888888889,43.74074074074074,1686.4212512025013,1861.3105459355459,23.944444444444443,123.44708994708994,124.40070346320346,166.6005291005291,257.43148148148146,761.026455026455,271.1382275132275,48.52361111111111,2115.1332972582973,1.2000000000000002,1036.372878047878,1661.7537818662818,433.749827024827,2055.896245729579,287.6642857142857,26.046296296296294,501.50699855699855,8.88888888888889,939.3679834054834,4.888888888888889,358.30026455026456,46.81600529100529,37.08730158730158,128.21984126984125,31.36111111111111,100.3284632034632,650.2103174603175,16.3984126984127,10.944444444444443,465.06772486772485,96.15277777777777,2.1296296296296293,35.31349206349206,1467.7108465608464,1806.3025132275131,617.061507936508,248.74007936507937,4.285714285714286,16.37847222222222,8.0,4393.266005291005,5.976190476190476,102.85119047619048,7.9508547008547,481.0707671957672,48.829365079365076,17.916666666666668,20.62121212121212,123.36111111111111,150.22830687830688,94.68353174603175,15.833333333333332,145.21269841269842,2.0,151.890873015873,133.534613997114,212.3388047138047,3.8095238095238093,241.7876984126984,6.833333333333333,198.8202380952381,17.72222222222222,7.5,0.5555555555555556,48.083333333333336,11.605555555555554,54.24444444444444,18.166666666666664,28.5,16.76388888888889,1.507936507936508,639.1031746031746,2309.639072039072,56.75,7.345238095238095,8.908730158730158,8.420634920634921,2.083333333333333,7.022222222222222,31.26851851851852,120.6550024050024,95.87777777777778,9.166666666666666,139.93849206349205,44.047619047619044,129.89074074074074,35.80555555555556,49.11111111111111,32.37777777777778,14.972222222222221,162.70270655270656,26.569444444444443,69.3531746031746,4.444444444444445,23.474074074074075,16.315806878306876,14.396103896103895,3.333333333333333,65.16666666666666,0.6666666666666666,6.888888888888889,201.4488425925926,829.464947089947,452.95013227513226,33.15079365079365,0.0,30.237037037037034,69.5,7.82716049382716,71.43888888888888,14.166666666666666,6.071428571428571,1.6666666666666665,24.444444444444443,6.416666666666667,182.1047619047619,25.0,3.8461538461538463,275.29894179894177,1.3888888888888888,2.4107142857142856,19.833333333333332,20.55952380952381,12.777777777777777,11.666666666666666,0.0,0.0,0.9523809523809523,38.8781746031746,10.61111111111111,1.9936507936507937,6.875,12.592592592592592,84.25,26.166666666666668,1.1111111111111112,22.083333333333332,32.5,21.81190476190476,2.0,0.5505952380952381
7867.4489154364155,33204.05495396472,13168.217113153747,38.3546176046176,4095.449479305074,3226.112553049042,232.02506278152285,221.49863608782587,344.33202741807065,1165.5169188198324,1028.838231019926,9532.248060931115,136.0745954442383,4504.327852465862,60.327971036899605,2873.2707654866017,3172.383371357225,2647.4636726882304,273.9827306952307,3525.120712282991,1734.8434446835208,289.7389840510694,88.05435388024674,111.87267492855727,2512.67436719443,3395.4648578172546,2630.171137202389,1466.3390923519967,8091.8325845484815,3641.7657459702073,1047.7885214963997,8654.829182481079,1571.9284879565453,134.29592528930763,46.020418801229525,89.57601671429623,171.57225006266358,471.03995236789353,679.6524823323327,779.1532075067789,858.9629408816384,443.0533029434421,22.785052910052908,159.2203193701314,221.67753965611107,235.0449412053204,31.852661227661226,164.2184472934473,77.89774960489245,17.598484848484848,291.76914019104146,809.7786176786177,755.8905225900527,14.990440115440114,75.39634439634439,376.25101071672276,21.087301587301585,12961.56409193039,3862.93739028276,398.42181642675064,2110.2549388665434,1351.1594135082373,1779.2771855128997,58.62415362415362,4507.486388301518,1542.5459860167844,70.74823497775178,16509.837832873407,128.2961469747184,5851.166340159136,3653.1265136070083,3403.18749005266,6083.228659849414,1974.5111103576412,77.1780890892733,2119.11617574329,79.96853074174503,2671.2723573714643,284.7484938563001,1344.3764388348477,162.48393630179345,133.46777361294167,72.91160310277957,34.71803751803752,352.47429741106765,255.2702521077134,259.9135789706223,120.18534408712979,3101.718088888931,102.70960765813706,10.5515873015873,2.5680272108843534,91.76595626595626,1792.6347933034908,484.6476331036113,1387.1215323697465,129.34589577089577,139.5279301308713,65.84637584637585,32.53968253968254,25.70068027210884,650.4765863610402,290.0534247498533,618.3066516155801,4.180555555555555,27.269516594516595,26.49105510891225,61.221089558589554,170.77223332223332,251.26176878676878,34.86706349206349,878.0824314622384,8.963064713064712,41.4287518037518,175.77402458652458,74.76744485673056,80.31669719169719,41.665079365079364,56.79857642357642,241.92652039836912,111.9964688750403,143.39914239199953,568.1530299483306,139.40688550867122,113.73650793650793,138.18363316577603,39.525742115027825,36.44191919191919,131.69519160872542,29.204184704184705,216.71209177532705,219.64455266955267,204.14288752183487,158.86486275973854,1186.9570348963205,47.10034013605442,38.357314312671456,151.97972523508238,42.259534116676974,720.6788893567282,25.036760461760462,9.079545454545455,58.32429653679654,61.644964862401835,191.15972552579694,59.46565518981485,86.88503361717648,51.46284271284271,170.17558761164466,97.02134407641925,212.14818646266014,454.0315676562845,294.8443722943723,498.5328529158361,74.42219632219631,487.9723439421642,105.65820317465895,180.62468136802033,6.428571428571428,220.1798689753577,200.44730816569052,3.952380952380952,198.05170700758936,10.46283340197814,49.81120604541657,100.96316600066599,96.17815578141665,209.38910852659026,814.9573689509248,24.544246603070132,26.514147688060728,24.087301587301585,18.568385046326224,7.283549783549784,252.29365079365078,1.4285714285714284,65.80720470006185,7.5773809523809526,10.067099567099566,44.74968483897055,192.96423937208712,0.928030303030303,46.12263477263477,28.09816043744615,131.89749620148226,3.767857142857143,3.5126050420168062,7.996031746031745,131.3464368964369,19.702337345194486,12.636037748432706,126.00804473304473,17.63095238095238,5.665140415140415,27.850251872310697,35.49596237096237,46.67315231065231,254.03176560834123,18.61111111111111,144.16806156806157
4925.571262137333,14695.353222361015,5825.801606131785,143.70969493469494,2581.8737852920376,2296.003771608351,224.3135217723453,138.11137106357694,85.30720899470899,109.64006096242937,1022.9701605700554,2117.398601664626,63.143253968253966,4028.702019282235,164.31399724961756,1786.5310227053646,1409.0112757612758,634.7967192286271,272.79814814814813,1979.4825590414875,692.1561725589921,1194.69011305878,1192.3706537614432,181.65918294668293,1715.5361895379751,1207.5396192548503,1650.380159470548,721.4190089614779,6501.250040314164,1426.1925379236468,1206.9127682716444,5915.767389602346,684.30827308196,165.73232323232324,24.470779220779217,80.42460766357824,165.30545112781954,687.2105339105339,1507.1940651940652,105.73511904761905,101.4320639008139,296.4427213868003,22.83928571428571,16.84722222222222,132.53373015873015,114.36068594104309,13.832370010941439,703.960551948052,166.744708994709,4.898268398268398,75.60297619047618,148.44936776186776,947.5216244734102,42.08730158730159,109.2175925925926,74.51019549233834,30.577876984126984,4660.571292417204,5643.454469111286,36.668728493728494,491.3652977047769,1560.0757101901202,786.8687271062271,27.26984126984127,3436.407540175723,537.7738428510487,35.31995373907139,8149.307068057612,43.17045817938675,1143.7837176712176,3212.408614887291,1236.8589593004363,2720.638640454853,1648.572410192395,57.063463583200424,977.2169184981684,13.015873015873016,3196.09707005957,48.55142637863226,622.2952522675737,89.83404195011337,495.8423626933495,23.504761904761903,51.992063492063494,358.5417564461682,75.29007936507936,31.54738562091503,43.28769841269841,869.9120955433455,38.78968253968254,0.9523809523809523,13.76360544217687,304.1654983904984,2927.3364585293934,410.7801231075687,1304.0934626881055,1.6785714285714284,106.9861111111111,7.428571428571429,710.6521554834054,16.917517006802722,580.2578703703704,26.53021779807494,1129.2847277722278,170.38888888888889,58.08649881864167,71.94250755857898,43.755745480010184,372.57653318903317,16.01547619047619,3.9246031746031744,363.5002028064528,10.647817460317459,78.75198412698413,174.75157076719577,43.98613687899402,40.11616161616161,59.175595238095234,104.15873015873015,38.468537414965986,37.216046067549826,57.220238095238095,18.627855696934645,78.40985958485959,7.304761904761905,7.673809523809524,125.63343253968253,20.15277777777778,28.522521129663986,16.135777417027416,241.82478632478632,1332.0858225108225,38.93796685340803,54.12094155844156,40.21480404516119,27.35657596371882,93.7172619047619,59.58389954865518,59.146284271284266,76.52816974691974,62.66448412698412,28.785714285714285,15.979166666666666,31.5625,663.2778395623984,46.11200010307153,138.19787157287158,24.661954365079364,258.02989392143803,85.77380952380952,48.46070992499564,117.12822871572871,11.3992673992674,118.44516594516594,80.78981481481482,15.22521581732108,5.446950710108605,183.31066958834816,1.0476190476190474,110.44195526695526,398.81101190476187,39.083333333333336,342.61257215007214,18.892857142857142,19.069444444444446,106.8656862745098,20.399844720496894,22.398526077097504,416.0221925891569,45.160714285714285,9.146825396825395,2.3809523809523805,22.273872369460605,3.333333333333333,437.2531635031635,12.369724025974026,17.459709338280767,47.96230158730159,10.07738095238095,27.32638888888889,69.90238095238095,15.333333333333332,74.38095238095238,34.31349206349206,9.400694248991462,0.8333333333333333,9.13219133807369,9.149867724867724,90.72420634920636,15.505668934240363,48.06547619047619,95.35813492063491,9.267857142857142,1.625,9.898156990068754,28.792658730158728,42.83333333333333,46.94972342472342,5.25,9.165584415584416
917.8767195767196,3584.4412999038,1397.265867003367,11.066666666666666,426.1736111111111,339.93869047619046,18.583333333333332,3.833333333333333,13.855555555555554,24.916666666666668,98.45198412698413,1041.4666666666667,31.33888888888889,563.9215969215969,9.208333333333334,129.8670634920635,365.58824786324783,20.825396825396826,72.77777777777777,168.64193121693123,43.78950375021803,266.86296296296297,58.25,129.29497354497354,366.4046296296296,369.67857142857144,68.29431216931216,20.055555555555557,1173.0825658468516,108.36309523809524,112.02182539682539,1040.8842592592591,98.84246031746031,17.956349206349206,6.662698412698412,7.361111111111111,8.333333333333332,85.57033429533429,55.57539682539682,40.55555555555556,4.523809523809524,29.583333333333332,1.6666666666666665,6.111111111111111,2.5,14.577777777777778,13.027777777777779,43.57208994708994,22.625,20.048148148148147,5.0,52.948412698412696,76.47579365079365,28.194444444444443,21.964285714285715,16.23333333333333,5.37037037037037,955.4294973544974,1321.0738095238096,2.5,42.66372053872054,160.4642857142857,38.72089947089947,20.974074074074075,370.31455026455023,34.5,25.10376984126984,1367.1486772486771,4.066666666666666,218.96507936507936,1101.457738095238,268.3058201058201,474.3501082251082,176.37896825396825,4.7407407407407405,143.00317460317459,2.2222222222222223,496.7949735449735,1.8055555555555556,104.7609126984127,2.2916666666666665,9.464285714285714,4.461111111111111,8.948412698412698,13.333333333333332,61.041666666666664,4.511111111111111,2.9166666666666665,191.6579365079365,24.40277777777778,0.0,3.7698412698412698,112.46243386243385,841.28462000962,78.37896825396825,169.4345238095238,0.0,5.4642857142857135,2.0,697.899506974507,0.0,87.72222222222221,0.0,227.40343915343914,15.166666666666666,1.0,1.1111111111111112,18.333333333333332,40.125264550264546,0.0,10.833333333333332,41.59047619047619,0.6666666666666666,6.65079365079365,62.830555555555556,32.84920634920635,16.47186147186147,4.071428571428571,3.6666666666666665,23.75,5.833333333333333,10.166666666666666,2.0,16.305555555555554,0.4,14.511111111111111,0.47619047619047616,2.3809523809523805,2.7777777777777777,3.4523809523809526,71.38888888888889,305.17817460317457,7.222222222222222,21.198412698412696,0.0,23.698412698412696,4.583333333333333,2.111111111111111,0.5,20.203703703703702,12.178968253968254,0.8333333333333333,2.2222222222222223,3.3333333333333335,65.76666666666667,16.095238095238095,2.2222222222222223,4.2555555555555555,1.0555555555555556,12.179629629629629,17.84722222222222,18.166666666666664,0.0,0.0,3.333333333333333,3.7499999999999996,0.0,13.222222222222221,2.5833333333333335,0.0,35.47466931216931,109.36640211640211,64.44232804232804,0.0,0.47619047619047616,17.761111111111113,0.0,0.47619047619047616,72.03055555555555,1.1111111111111112,0.8333333333333333,0.8333333333333333,1.25,2.0,109.83035714285714,3.3333333333333335,0.0,53.2962962962963,0.0,0.625,0.0,6.273809523809524,7.916666666666666,7.083333333333333,0.6666666666666666,0.0,1.4761904761904763,6.011904761904761,19.72222222222222,0.4,1.1111111111111112,0.0,5.0,0.0,0.25,0.0,44.44444444444444,18.094444444444445,2.0,0.0
1101.9563792688793,8472.876898880846,1571.8853487615443,0.6666666666666666,773.7725695600695,621.6074309677251,102.97951688834041,3.5098039215686274,2.833333333333333,152.31661255411254,87.83333333333333,29.71825396825397,5.0,348.55555555555554,4.166666666666667,470.55811087061085,624.8119588744588,918.0429606625258,3.333333333333333,762.1666305916306,11.170995670995671,558.7196275946276,68.25248917748918,304.4355459355459,271.81782106782106,463.68217893217894,405.06025541688587,218.0573593073593,1861.7478601274636,16.214285714285715,49.410714285714285,1411.6309019804671,67.9920634920635,22.595238095238095,26.25,1.1111111111111112,227.61904761904762,3.666666666666667,810.3991402116402,5.555555555555555,209.65343915343914,4.087301587301587,33.549302549302546,1.9074074074074072,2.185185185185185,1.2222222222222223,42.98412698412698,654.7655436351089,5.0,84.65079365079364,8.884920634920634,2.0,9.484126984126984,3.619047619047619,1.4285714285714284,17.261904761904763,51.22727272727273,4800.565238002738,294.16731990776105,455.10511155511153,54.20499114175585,177.85103785103786,126.74206349206348,226.87196137196136,370.45250305250306,210.55961399711398,3.611111111111111,2502.656980650187,32.62566137566137,792.3333333333333,1051.5304995929996,249.8433954933955,436.0507450639029,844.2388830734483,5.178571428571428,10.595238095238095,48.0,26.44047619047619,10.0,3.4285714285714284,1.6666666666666665,2.2222222222222223,3.412698412698412,66.6776603026603,8.666666666666666,18.958333333333332,247.14484126984127,0.0,0.0,0.0,33.384126984126986,5.410714285714286,68.73189033189033,28.25,0.0,19.035714285714285,3.6785714285714284,5.0,223.52200577200577,0.0,11.11111111111111,3.333333333333333,90.17460317460318,10.0,0.0,0.0,0.6666666666666667,0.0,2.492063492063492,8.333333333333332,192.8400072150072,0.0,189.68650793650792,0.0,0.0,193.78968253968253,26.28409090909091,115.13095238095238,1.6666666666666665,0.0,0.0,0.0,3.8095238095238098,64.80952380952381,11.873015873015873,74.57142857142857,0.0,0.0,81.73809523809523,0.0,9.166666666666666,8.916666666666666,2.0,12.19047619047619,46.77671957671957,0.0,0.0,0.0,5.396825396825396,0.0,0.0,0.0,5.0,5.833333333333333,274.995584344849,0.0,0.0,0.0,43.53111471861472,0.0,0.0,0.0,18.305555555555557,0.0,0.0,0.0,0.0,0.0,9.07723063973064,0.0,0.0,1.4285714285714284,1.25,69.41124153624153,329.9923941798942,0.0,18.095238095238095,0.0,63.37301587301587,25.06313131313131,118.34986772486772,4.25,6.368055555555555,13.333333333333332,0.0,0.0,2.8095238095238093,1.6666666666666665,38.105555555555554,0.0,0.0,0.0,0.0,0.0,0.0,81.02380952380952,22.135912698412696,324.64484126984127,0.0,96.81818181818181,0.0,0.0,4.51984126984127,0.0,0.0,0.0,0.0,0.0,0.0,9.398674242424242
2813.6027722327467,28457.44349784022,10999.887466996885,96.78241203241203,5535.226069893544,3420.786864266904,359.32724458269195,311.9160654160654,517.888123038568,293.488417610758,569.0417748917749,1030.2274532116146,16.857142857142858,7759.647338451639,98.65566595713655,644.7287367724867,1341.4026707419564,987.7926778759728,130.8839244089244,812.7104374461517,213.64834702334701,52.611464787935375,15.11111111111111,21.82089947089947,1934.3991897861258,1416.8856542241285,4524.76053992392,496.7024280787439,4651.34027773431,678.8459666456112,2161.6644235057743,11415.061269315702,999.1140207884569,58.091600529100525,36.310544217687074,86.52847222222222,123.82142857142857,370.03224524658344,303.9423471136706,68.64349103277675,545.6167614792614,962.742328042328,61.21475468975469,133.15300453514737,201.36434412148697,180.8440883190883,12.84126984126984,195.67757936507937,150.06042568542568,0.5128205128205128,117.03869047619047,1008.227471146926,1706.6873250644271,61.860819029897975,87.05820105820106,200.40782828282826,8.214285714285714,8105.820921879092,5666.086361144857,439.4465848965849,310.6320312832971,737.7312606114298,313.93267195767197,0.6666666666666666,2818.2849557475843,1371.3019509767892,160.02575757575758,5585.0718997030735,0.7407407407407407,2968.9862854737853,3694.2674909395823,866.3234810769487,4981.564228645668,3840.96057078074,135.6526455026455,1237.6270846217274,30.106060606060606,1039.655425262568,117.15664682539682,2207.9861384205033,101.72222222222221,140.25653235653235,20.788690476190474,131.33246753246752,555.0058575683576,147.07721330956625,111.71137566137565,111.48910662749948,2006.9592557905057,139.48167903525047,8.277777777777777,3.6309523809523805,37.80483405483405,1483.0087372283801,677.6977272727272,982.8015873015872,2.761904761904762,123.46349206349205,30.244505494505493,107.75396825396825,15.25,308.0321067821068,7.222222222222221,1590.0670542420542,6.984126984126984,183.74420995670994,35.470238095238095,279.6172438672439,405.14182114182114,165.09646464646465,101.41916099773243,1168.8577785275154,9.706349206349206,3.9999999999999996,305.4232196375053,35.15746753246753,71.03208828208828,33.583333333333336,20.55952380952381,71.5,85.3028453028453,110.53544973544973,71.44444444444444,253.1403225859108,165.00054112554113,10.541666666666666,30.244047619047617,19.587301587301585,5.952380952380952,122.47073065823065,232.2046098151361,1806.6359173234173,253.4454004329004,69.60529100529101,36.47307812013694,8.222222222222221,222.03142135642136,512.0694254139107,41.166666666666664,155.54410589410588,300.51542994042995,163.45512173012173,19.185425685425685,16.64186507936508,341.283813700919,20.063492063492063,183.27262849236533,437.33629385320563,746.7172161172161,65.75921855921855,161.033516285302,976.9719563722728,1074.6335799121514,137.71547619047618,69.76758056758057,320.82067377067375,200.93650793650792,144.36928811928811,6.25,47.8304131054131,304.7195767195767,0.8333333333333333,26.721350078492932,4.5,57.81944444444444,70.78095238095239,15.05952380952381,90.35979575979576,231.34259259259258,11.369408369408369,143.7609126984127,19.333333333333332,14.121212121212121,2.6785714285714284,174.84353564087607,0.625,3.8095238095238093,2.5,4.4523809523809526,20.805555555555554,130.8037037037037,2.0,21.1031746031746,82.8476430976431,16.328523328523328,66.76289682539682,2.4,0.0,27.92222222222222,0.0,37.854497354497354,21.347883597883598,0.0,37.21801346801347,24.9781746031746,98.48174603174603,20.552777777777777,55.78044733044733,5.972222222222222,9.506944444444443
965.8906834922874,3784.6912340737786,1936.1916201350984,7.569444444444445,175.03925120772945,263.82328042328044,24.107142857142854,4.412037037037036,52.68650793650794,17.88888888888889,57.583333333333336,247.32125880655292,10.383333333333333,1616.4258481170245,18.964285714285715,367.25,289.40168507016335,157.9831349206349,7.107142857142857,396.593253968254,66.48611111111111,212.6526455026455,55.226190476190474,57.01587301587301,304.23017702909004,550.2603787392018,157.53373015873015,24.878968253968253,1059.948015873016,276.12301587301585,38.64285714285714,1131.4827030812326,101.11507936507937,15.40079365079365,2.3203338806787084,2.5,32.5,90.00992063492063,250.0032679738562,51.46825396825397,17.023809523809526,41.68650793650794,4.166666666666666,0.47619047619047616,15.273809523809522,20.205555555555556,20.076190476190476,47.644444444444446,21.924603174603174,12.88888888888889,11.333333333333332,147.765873015873,117.70405719759168,9.5,11.333333333333332,7.916666666666666,7.5,402.3816896066896,548.9834521687462,20.587301587301585,41.103835978835974,32.72222222222222,59.5515873015873,19.5,482.7076035395001,51.78174603174603,7.5,936.0633597883598,9.533333333333333,356.16544168391994,944.3371980676328,165.96195144724555,752.0581756206756,320.2261904761905,7.25,149.24894957983193,5.942028985507246,133.884126984127,15.765873015873016,94.95833333333333,42.77777777777778,24.23015873015873,13.61111111111111,3.611111111111111,52.15277777777777,128.20238095238093,2.6666666666666665,11.222222222222221,395.22497029114675,7.083333333333333,2.0,4.75,204.33928571428572,1066.1896825396825,202.9155719759168,32.84722222222222,1.3333333333333333,12.291666666666666,1.0,3420.5753968253966,2.0,39.08333333333333,1.25,108.27777777777777,13.095238095238095,13.222222222222221,5.833333333333333,33.5,16.218542568542567,9.526785714285714,6.25,70.73134920634921,5.0,75.76388888888889,39.51120689655173,43.02777777777778,2.6547619047619047,54.64285714285714,2.9365079365079363,32.08611111111111,3.333333333333333,5.833333333333333,0.0,58.095238095238095,2.5,0.0,1.3333333333333333,7.023809523809524,2.5,8.833333333333334,67.86111111111111,371.60079365079366,22.297619047619047,0.0,2.5,0.5,30.416666666666664,26.5,5.726190476190476,45.71560846560846,29.480158730158728,5.0,20.22222222222222,6.666666666666666,9.177579365079366,4.652777777777778,8.5,23.282828282828284,0.625,31.638888888888886,13.26388888888889,26.634920634920633,0.0,3.4953703703703702,6.734788359788359,38.625,6.666666666666666,5.416666666666666,0.3333333333333333,9.86111111111111,29.64285714285714,619.9345238095239,44.279761904761905,7.936507936507937,0.0,1.6666666666666665,2.9166666666666665,1.1111111111111112,9.416666666666666,2.0,0.0,0.0,6.5,0.0,48.08333333333333,6.666666666666666,6.666666666666666,54.27777777777778,0.0,2.5,2.2222222222222223,0.0,0.0,0.0,0.0,1.6666666666666665,2.5,17.751984126984127,0.0,0.0,13.925,4.75,31.36111111111111,5.555555555555555,5.238095238095238,11.222222222222221,5.476190476190476,1.3333333333333333,0.0,0.0
3265.0561766936767,8423.840909705632,5713.107434232638,27.736961451247165,1334.4709536673213,985.8040924178529,33.77766106442577,36.627206982249,188.4186406186406,95.8197693179836,247.268315018315,1776.641956852671,93.3109410430839,1216.491355734213,68.15270047412903,1029.172834903192,539.3897661337262,491.9890781176495,102.69438431938431,1221.5225422725423,372.99647266313934,301.77034202569916,55.5813492063492,284.2743321493321,1124.0110061235061,1019.5270578588855,1101.4874985827491,322.65398285576856,2621.310543006376,1156.636050986051,595.4396666825238,2902.8134965876507,367.19492372706657,66.84559884559884,0.5,30.996286121286122,180.7422619047619,326.32597371764035,252.10458731605348,233.1531746031746,121.67336876086875,68.26904761904761,9.166833166833166,25.163548752834465,109.35380806362949,111.25481859410431,30.428571428571427,241.11020923520923,126.74036281179137,2.5,31.460978835978835,154.1597381376793,210.17446885125455,12.149659863945578,40.982142857142854,172.53688672438673,17.48829365079365,3521.2061140579,1320.5552409752597,53.840754483611626,65.19732337379396,230.69090097066103,378.33637566137565,25.61111111111111,1210.162062338533,271.05446799932093,15.63558201058201,5173.2195600695595,1.183673469387755,1696.0533015925873,1213.3642806112343,364.10239422497824,1631.2951223489913,603.8252011330848,22.938492063492063,481.1162938912939,2.5925925925925926,1569.0079020846877,25.023809523809522,470.34761389404247,164.1460840746555,61.24404761904762,2.71978021978022,20.297619047619047,66.5626726448155,135.2751924001924,17.44139194139194,50.13095238095238,931.5853108531679,6.736111111111111,1.6666666666666665,2.714285714285714,141.46158933658933,1264.6818241943242,112.22956349206349,529.1170033670033,24.304232804232804,341.2141303996346,2.3095238095238093,171.88988095238093,10.44047619047619,285.9512471655329,14.509528170242456,2207.1486903969044,27.5,33.99801587301587,21.416666666666664,27.23824786324786,27.78314659197012,43.85793650793651,7.845238095238095,298.760471010471,3.498015873015873,13.452380952380953,106.41325886415171,91.98089873089873,13.877594627594627,63.59722222222222,40.19708994708994,39.375,33.84508547008547,23.57178932178932,12.178932178932179,15.087301587301587,17.57142857142857,18.689814814814813,47.9890873015873,20.319444444444443,19.34163059163059,7.020833333333333,51.976190476190474,383.0754054146911,92.94036226930963,25.88806471306471,199.21979001390764,4.819444444444445,22.837301587301585,115.0125313283208,79.22023809523809,127.76663059163059,34.738095238095234,16.38095238095238,14.097222222222221,4.474962207105064,201.56033685403986,45.160301999587716,44.67857142857143,80.1406776094276,82.96722379603295,77.65073571652519,54.186868686868685,172.4781746031746,8.212121212121211,40.70238095238095,37.55441317941318,2.0202020202020203,1.4285714285714284,117.13302154195011,0.0,44.747231934731936,120.49710012210012,11.51388888888889,105.32883089133088,4.5,10.164743887985816,103.18456133813277,1.25,26.05237550181912,227.2280149948902,0.0,0.6666666666666666,3.3730158730158726,0.0,0.5357142857142857,188.93412698412698,5.448863636363636,0.0,28.13095238095238,9.19047619047619,2.1079931972789114,34.401927437641724,5.037037037037037,7.384920634920634,17.234126984126984,3.73015873015873,0.8333333333333333,1.0476190476190474,1.25,15.978571428571428,2.0238095238095237,12.309523809523808,13.229497354497353,4.0,16.464285714285715,16.578463203463205,13.923469387755102,28.66137566137566,18.484126984126984,9.80952380952381,11.428571428571429
14306.692250843927,33303.76942788903,15782.10720500785,598.0040627362056,4318.735865410042,2834.3325116237015,211.34848052029716,125.59001910787624,282.6293377762113,358.82128979940234,897.4573778073777,6924.378001329145,111.88968253968254,7175.647831311033,342.5452895579775,3554.5034287665326,2221.235392615415,1793.9535885371677,527.4280603655603,4845.275949711664,1922.9471872331255,1636.460604607033,481.9914545164158,416.90471287971286,3690.3831166396953,2756.813931923177,3527.164631971936,915.4992684104485,10883.617373872694,3808.706488031779,3049.293633615062,12484.524688351992,698.1819483014796,221.4732556386968,16.886904761904763,69.30064102564103,827.563474025974,1750.746394500561,1102.653186297829,794.0395382395382,277.0094198129912,151.43770213796475,99.40790459540459,112.8265306122449,117.56183168683168,212.81448412698413,62.70896464646464,808.841922356396,534.1532570603999,30.078571428571426,102.50536223036222,381.8231089086352,622.2732265306859,60.86054421768707,277.9426406926407,445.26711897820917,50.92231842231842,12987.49017556448,5616.211770158501,129.28574798217656,300.5565925685727,1287.7618776134752,1484.3804007500435,144.95921855921856,6166.972699798765,1350.0319476208344,67.60543186971758,17078.43414953461,56.68630443630443,5201.134719381148,4977.042049898593,1827.4623783818731,5099.0563134241,3585.5994435269045,92.375,1685.0776973687687,24.07638888888889,7158.721636934842,69.28902116402116,1430.7884635493062,532.2205149348006,641.366936645275,79.70515873015873,55.178021978021974,823.4258998276855,382.95644540644537,81.35915810768752,70.62626262626263,2215.801457095536,136.95403439153438,11.666666666666666,6.083333333333333,440.1802488633371,6191.717812004006,630.414553964554,6375.768742368742,44.87698412698413,401.0939945422613,56.8471459096459,313.1520202020202,143.92757936507937,1410.7737356558785,39.13692458335316,3584.23726174619,98.40873015873015,48.81096681096681,64.06486291486291,75.48321123321124,108.681734006734,358.43367003367,118.66504329004329,533.5501020474235,44.81475468975469,87.73006160506161,737.3767142445658,108.59938672438672,69.32834757834758,234.17129629629628,97.38425925925925,149.86302308802308,78.79404747013106,92.64749066293183,80.43225623582767,159.19844282701425,38.85514670514671,44.103747641247644,101.60515873015872,70.4263838013838,90.72270322270322,85.17460317460318,242.54479000531632,1729.3280165601593,80.66666666666667,78.8927035927036,146.49997224997225,43.013888888888886,77.01544011544011,83.07903439153439,351.74301046176043,262.9749784257137,64.56732503607503,25.146825396825395,132.6593481409658,23.448773448773448,818.7329959567354,104.85260770975056,109.70775350380613,109.46933020683021,278.71527882714855,199.74511969511968,108.02717652717652,687.0829356707521,409.3789728789729,30.475859788359788,150.9181216931217,25.073412698412696,53.753054711587154,259.32173818245246,15.42361111111111,270.56754779611924,769.452352971103,72.90674603174602,1139.4713009213008,24.746031746031747,85.06524579528781,231.4733470155739,5.7407407407407405,130.81045103226475,1103.5417525790424,141.0776515151515,20.25892857142857,17.658730158730158,1.9715909090909092,14.083333333333332,1184.7695413261201,33.25,27.888736263736263,181.74523809523808,30.035714285714285,29.64030612244898,204.16964285714286,36.05952380952381,58.68253968253968,62.52573121323121,4.707722832722832,8.88888888888889,1.625,24.99264069264069,126.64523809523808,24.907326007326006,20.19642857142857,117.82671957671957,22.0,15.837301587301587,12.925595238095237,50.53018707482993,107.58210678210678,103.61460143886615,3.45021645021645,150.90463564213564
8768.140615722976,33106.34092840932,11421.040542626752,145.97862554112552,4122.118392958529,3523.4772037641324,717.0776753501167,600.7717091459739,1723.719655421145,1097.7475101431742,1629.4299755608558,5813.291690448758,630.5717395038823,6135.199976946448,191.26571594899767,1439.0586055750575,4777.558839634475,2229.867746168929,347.43746161045317,2742.4491840416717,994.6881044069938,531.747498543655,128.26238113738114,706.6358139680058,4282.678451110485,3591.4915871073945,4225.7015350013735,840.7378562569933,10376.414094152316,1925.223416727751,2253.3742119036197,10167.283128785779,3202.0364248374403,166.83482879063374,29.40412072875127,143.30028350061244,980.2306354204463,1911.4913881329667,1013.380769898528,737.9286237571952,975.9190298652484,426.8387496762497,311.302997002997,154.23229859461063,937.6314094305166,991.4203772852821,12.892857142857142,447.78182597129967,233.37171360385645,6.287878787878787,277.959276478423,2273.1396561824745,3513.365445040047,181.4715453406243,141.5454262513086,365.05618922005476,57.41448412698413,17791.664017661846,6276.604887253946,979.3959618268442,2222.7620842902497,1224.4131842503182,2002.3870099164587,223.37171492528634,5540.09208831417,2009.673354400283,228.98982683982683,10189.211050486721,26.476473922902493,7490.96615620014,3302.9367033884732,2724.8185925420726,9233.557884810816,3478.444071717579,230.34155782805323,5670.486413268535,391.386428226617,3501.5071297709314,556.7316315611428,4877.325579032773,299.973948420001,582.8201788951789,110.7710924113235,482.18827162056255,799.7275054667318,783.851411839426,315.1292662162238,229.6960398866582,7983.660653114376,193.59245119959405,35.489393939393935,6.551587301587301,398.622002997003,1402.524993985635,172.91299261083742,321.7763107263107,136.65868205868205,193.9474025974026,79.52178724053724,751.8848622782446,50.31913919413919,304.5938251563251,200.78932083711496,1251.7939883373706,162.49747474747474,96.90452939917225,124.00764472455649,475.8324755936088,740.4967833096391,341.90205026455027,152.34325396825398,2477.003803773266,94.69329110767467,95.15353535353535,1473.1423951625613,355.901208976209,345.7159956057015,259.94021164021166,295.6047147297147,694.7403637234872,314.6633227883228,1179.2349483849484,148.80973285973286,120.77238464150228,146.87012987012986,62.80310846560847,144.0769882894883,101.25524475524475,148.4217232043319,100.2270091020091,654.7085883901673,1115.9179593554593,475.4848583677531,126.3083916083916,534.5112419443302,46.21503496503497,660.4142592879872,800.7394357289921,156.86544011544012,896.2332916616557,1113.630840831039,298.95118180581267,320.89886086136084,131.51058861773146,431.991193991194,132.40372312872313,479.8675244761545,898.2955272540759,418.7848113751785,225.97473188719317,541.4717627100146,1415.8864063365545,100.75228475228475,617.2669432419432,91.57983250321959,326.921627582657,93.22547082547082,148.8499293734588,38.33465608465608,250.2358492384808,160.5529761904762,54.00396825396825,81.13675213675214,19.76270461564579,271.7012078501209,130.84718614718614,25.833152958152958,78.57413419913419,305.15260182651485,82.00151515151515,10.456654456654457,13.007936507936508,63.916666666666664,27.67953342953343,159.8707671957672,13.319234006734007,97.36902427637722,36.87023809523809,44.517556517556514,25.663690476190474,463.8087939779794,23.288359788359788,155.5468781218781,110.01318549175691,39.994098494098495,103.79998473748473,18.062169312169313,11.011904761904761,86.78570226070225,29.242243867243868,131.26513671513672,156.57103689960832,10.0,124.27163299663299,104.49517281660138,54.22012987012987,91.34563492063492,124.88589898663427,39.4449494949495,153.76762902130548
2144.4549181483003,8956.927607022271,1792.3920827988343,36.07539682539682,1410.3516969428347,688.2148220134106,58.28095238095238,10.603174603174603,66.20615079365079,132.33740796240795,232.79837067694208,2003.5957385207385,95.95036676286676,1430.5552822177822,23.50595238095238,1128.906474557066,543.5997746373935,755.7824864004817,14.757936507936508,367.40073211102623,129.54235021458106,222.86357623857623,110.14585137085137,108.68621933621934,783.6752498510957,1111.7799725513237,358.4955213693117,320.8169216991585,3498.6149965588997,100.15342982299504,62.39157868275515,2357.738186933445,435.43402014652014,23.98102453102453,25.13924963924964,3.9166666666666665,86.81969974469975,1101.722619047619,342.5473137973138,127.25158730158729,327.23137200101485,103.7115779392565,60.812809875309874,6.909356725146198,21.06715969215969,35.79076479076479,13.718650793650792,112.87876382876382,35.95238095238095,4.330357142857142,144.3148198575618,79.31851957566244,99.49343711843711,32.907738095238095,17.30753968253968,581.637497176313,127.13406209414612,2491.1807680352968,1247.1551940618392,59.218493807779524,244.37838063495957,185.01982968298756,1375.109997409695,39.504808590102705,598.8989197762694,954.0637749534034,128.170547309833,2177.1054078718553,228.93502063238904,728.1164654789654,338.34604086466123,2654.8250510014486,1384.9012170334538,780.2926279463718,75.94087592301878,123.828946419078,18.26190476190476,238.53380750410824,106.52696608946609,127.4412531912532,6.6798941798941796,53.075274725274724,38.072399822399824,83.68669108669108,160.62863155363155,24.06765130294542,75.88867521367521,3.333333333333333,557.6070943671434,9.722222222222221,62.2962962962963,15.930555555555555,495.4682685613607,44.157828282828284,78.09538239538239,8.1,43.1140873015873,22.193831168831167,57.474458874458875,5.888888888888888,170.5456291724149,19.704545454545453,13.892551892551893,2.9375,33.6031746031746,3.385770975056689,3.458333333333333,18.794444444444444,238.340657524341,55.729677729677725,32.48664021164021,361.46455905205903,14.950396825396826,192.11775952805365,23.03472222222222,95.92160576351752,12.5625,6.5,21.355158730158728,91.71946386946387,3.75,31.991558441558443,19.164682539682538,30.065656565656564,45.3015873015873,7.193650793650794,6.674603174603174,6.611111111111111,33.66058016058016,15.029761904761903,38.99623015873016,41.654761904761905,0.0,50.26125541125541,105.56714198499913,23.243253968253967,28.179761904761904,11.533333333333333,74.48630952380952,12.537400793650793,25.818877551020407,13.666666666666666,32.13095238095238,138.33151491365777,448.9099273936459,12.36111111111111,6.014547952047952,5.955898268398268,21.927073732718892,13.669642857142858,15.112599206349206,3.373015873015873,27.220238095238095,90.68079004329005,13.653968253968253,51.81315836940837,8.928571428571429,3.222222222222222,7.982804232804233,3.1777777777777776,20.432539682539684,2.2222222222222223,2.5,62.53637566137566,56.12523587523587,7.728174603174603,16.482142857142858,0.0,11.33838383838384,38.525252525252526,86.2446996229891,21.720238095238095,30.73051023051023,40.27308802308802,14.444444444444445,533.3836659372373,130.60630110630112,334.3215187590188,11.84126984126984,4.166666666666666,200.90086390217968,32.166666666666664,13.869047619047619,0.22222222222222224,10.75,3.9715608465608465,11.938644688644688,12.338177695320553,2.473484848484848,39.09424603174603,0.5,8.999206349206348,17.136904761904763,2.0436507936507935,0.18181818181818182,24.219336219336217,0.5,136.09089706589705,3.4999999999999996,20.233037795537797
1788.7422939312714,20234.298861584935,5715.105616656274,114.34144142894142,795.4984816944359,2212.836569426702,174.25291167166168,89.31195073989191,544.4266826889325,360.3380109889619,439.99598336051076,908.5884125070022,25.67067948391478,2427.656428955636,4.666756854256854,944.348628569274,2012.0847205364162,1887.5702969817132,17.29350649350649,1348.8066051519224,366.8701193307971,473.9089000911369,125.76215312465312,151.32109865955772,881.2459159356441,1107.095682982022,2019.0299239168803,912.9856858530796,8321.71435289038,252.13698754948754,446.94762310129954,4173.232536525845,1062.8056099780204,36.37263036527742,34.62262471217579,10.301242140212729,209.98004033004034,624.3382583045895,595.9534288160029,228.5472518222518,227.7053737928738,355.75636484932,108.36444080157315,60.762526405949984,87.663573001073,261.95965746127507,15.40382672882673,59.12945777419461,27.281568793525313,66.82363551481198,76.84695665316795,2383.575691574221,1138.0757946001368,30.85660173160173,24.904641654641654,489.2119714223305,43.31708384208384,8796.009427746154,2108.6171242104883,92.8890022015022,11965.038742408859,461.155630291621,2389.4329386590443,39.871753246753244,1939.6826499662327,634.8813166274904,374.8370773990339,4070.7041877740717,308.38249510467597,2307.5928556794656,1676.688153140266,3300.2853477650874,3010.0138218246743,1221.9081257183316,41.49057236623026,1273.1140067952097,134.6466588966589,269.03113292325475,485.82377054776435,645.5681781181781,147.5709692159692,23.751063288563287,25.283910533910532,85.7734176934177,213.79309856809857,96.30752412791887,53.284656084656085,60.692952466913816,2953.060597285312,42.83206099456099,55.46347402597402,20.72053872053872,63.60035816579934,32.08567358567358,22.709747197247196,1.3675213675213675,134.93615458615457,7.229231418163306,172.31312393603415,53.9828431372549,8.83558571058571,40.67376407275788,100.20510314132605,49.32481772613351,6.908730158730159,0.8761904761904762,25.52382448992356,163.63438336858061,303.9362677025388,67.29079371055326,23.370665445665445,1008.2609514260249,10.512217412217412,16.28141246836899,148.7508522878088,176.93566404499066,7.0,9.132275132275131,45.058851279439516,220.18306986486166,18.743085346026522,55.55244360902255,141.20603701853702,20.907647907647906,41.903318903318905,12.052777777777777,44.61704961704962,9.48015873015873,62.48692973692974,14.41557239057239,81.55052978422543,76.38832371332371,90.42573873494926,21.510427072927072,142.52041564100386,8.547619047619047,272.8233790364225,198.96756576756576,24.98472222222222,298.70656658156656,36.54129897879898,10.802028746107693,21.91437728937729,28.992882117882118,262.62733901966976,33.37924796620449,283.6104197402185,492.24644290894287,520.8137355527717,16.523282273282273,44.90182955128607,477.0823613288767,41.225974025974025,94.35,5.3392857142857135,398.48711583991906,70.80307309064207,23.12236334865645,24.020747770747768,34.84351566189802,47.45071225071225,3.533333333333333,1.3333333333333333,62.823820865218146,166.66096094451356,7.798520923520924,70.79383116883116,16.296296296296294,2.6222222222222222,40.594105894105894,50.051680509033446,3.9166666666666665,18.59447843822844,18.855089355089355,27.806204906204904,9.088888888888889,174.91575609894576,1.8,47.25055989761872,13.550976800976802,269.97107375625177,21.819249922191098,99.96002770306175,18.06168831168831,88.5104948738556,73.48558154808154,17.478174603174605,1.4722222222222223,10.868855218855218,133.48971606853186,20.505221386800333,10.674603174603174,1.9913419913419914,30.952380952380953,119.52705627705627,5.2660256410256405,1.3095238095238093,108.59030996523256,10.842782276203328,76.49221534743207
5989.819876035107,17473.260243328154,7300.318879649762,80.6796731046731,3835.6851900744755,948.8180574327632,40.56794261294261,146.68270007303622,198.4153658841159,617.0819266051409,764.2059685684685,9190.09266587713,39.75376984126984,2271.687724276927,79.12520303770303,725.1837184776786,1319.077855093086,1511.3701960129122,294.01166564916565,1956.0794550026692,934.0171897546898,333.45646945646945,26.5765916015529,56.98113275613275,1257.4149679024679,1739.7709008584009,1164.5197758267418,691.2443194760422,5692.729808084646,3098.170675375822,2437.9749847374846,7041.114694551092,472.49390739978975,52.43546777296777,55.11878234424674,87.85527898027898,270.89230769230767,1015.941582029082,598.8118553404267,1515.9101791726791,258.96210832817974,162.46532640639782,27.438401875901874,114.30666099773242,75.0579365079365,123.50977818477818,12.984699940582294,153.69451058201057,165.8223544973545,21.74350649350649,71.09131493506493,341.20699994449996,539.6978093543883,12.5,107.67496392496392,281.2004524031835,6.326719576719576,9481.035087713768,2603.817163743897,116.95832647744412,240.46859732790182,1184.9510703363258,953.1700086950086,55.267461704961704,3101.3365987602797,1481.0602320519624,20.13162234590806,8059.443608866684,29.90307932807933,2190.1023615273616,2566.1135841943615,2490.512120854558,3565.7823765172448,1713.348460744049,118.62673992673992,1433.143784225034,12.079004329004329,1947.0751684434456,109.62800717800718,647.038177127883,111.70990259740259,140.04595173835662,10.345238095238095,13.333333333333332,296.39228569745484,78.03611111111111,26.83326613473672,37.714646464646464,1446.027626077626,58.91682345432345,1.25,12.916666666666666,61.09155838714662,1553.175319041758,564.1511479261479,1525.1278487594277,96.25077977577978,55.23154780948899,81.25099206349206,0.2777777777777778,34.70833333333333,609.4520372901952,150.46801690373118,875.8353887514602,8.444444444444445,48.2030303030303,19.10930735930736,69.91777688685583,16.92965367965368,560.6187044437045,51.07738095238095,599.7171655394869,22.087481962481963,67.43298368298368,328.12725767094963,81.12520442520443,19.845238095238095,57.66798941798942,82.7739898989899,65.767118992119,19.032140858224448,103.86492905242905,213.1102023637738,149.45478000835143,81.35185185185185,268.74951576201573,15.747354497354497,27.833237133237134,194.4172124172124,45.59722222222222,41.41759259259259,180.11666666666667,82.25674603174603,91.3113035113035,163.74318181818182,24.88095238095238,14.892857142857142,73.29220779220779,19.47222222222222,316.81780996781,30.408311133311134,6.69047619047619,69.31779701779702,16.56644880174292,122.61845892203034,32.0282634032634,50.97222222222222,65.97751322751323,116.40343915343915,156.8048951048951,356.6634037259037,1198.104359066859,259.70795685795684,114.50196007696007,62.76693121693121,40.854905783214605,47.51768364616493,161.58187519180166,1.4285714285714284,361.0786914225879,286.6391714766715,2.9761904761904763,617.1417277167277,16.4563721001221,58.24098124098124,143.8015873015873,9.735449735449734,45.54980936819172,1753.4068121693122,12.493131868131869,12.059523809523808,1.0714285714285712,17.830209142709144,2.083333333333333,574.444417132575,0.2777777777777778,7.708982683982684,59.415079365079364,13.298026048026047,23.86706349206349,247.99645691609976,0.6060606060606061,14.536309523809523,22.12343674843675,28.86719854219854,11.964285714285714,4.125,26.906084656084655,85.14523809523808,30.52319902319902,4.8627946127946124,50.61142376142376,1.0,1.6944444444444444,23.291666666666668,21.694444444444443,45.13786075036075,81.68962981462981,0.0,67.29778992936888
4260.4484496323785,25050.779948910003,8630.001052045587,101.89918745275888,2635.194132289668,2975.833389573887,208.81206272555892,120.27476888191174,149.52261321195144,306.21496849057826,823.2352462352462,3542.6896310360594,13.0,6644.775614861329,55.31099257884972,2189.3563497711275,2952.097531385067,274.9869230802486,129.50595238095238,1619.1277777777777,785.2944302521646,288.7767290249433,149.64880952380952,39.12612387612388,1386.7431818181817,3524.469040879755,2326.8706362148587,427.94412492269635,6865.784890175962,2657.1714290908712,2371.465301563516,4931.847360755548,482.7793456867344,51.18809523809524,70.7041847041847,40.922619047619044,39.535714285714285,562.1073412698413,253.69682539682537,61.28373015873016,160.22696377696377,62.511111111111106,1.6666666666666665,177.88463718820861,83.93452380952381,104.62301587301587,7.513888888888888,219.96845654345654,69.90011337868481,2.5,84.48934990662931,262.57566137566135,1151.7235260770974,16.775510204081634,61.291666666666664,135.1367798867799,7.696428571428571,5568.02956178254,4824.718885887688,305.12834338280766,204.22208151908782,1194.8095238095239,663.7226890756302,18.0,3648.629329004329,961.6686507936507,31.75595238095238,12262.247983773133,21.506493506493506,1165.5076814058957,4982.615238450145,1197.3598007180324,3536.9377384189884,1490.01968437566,38.588383838383834,720.5327228327228,1.875,2448.0211504049917,84.19444444444444,432.24594155844153,147.7514172335601,170.24007936507937,5.833333333333333,68.02645502645503,144.7199074074074,46.156746031746025,53.28151260504202,25.40079365079365,1068.1857697857697,240.83333333333334,2.0,0.0,101.13095238095238,3313.8277972027972,215.55912698412698,1385.8149577951406,2.5,159.4940142723756,0.0,945.2361111111111,1.25,464.7517006802721,13.928571428571427,1440.2833587047871,26.875,22.701814058956913,59.03373015873016,89.23145155498096,102.80357142857143,13.058730158730159,24.333333333333332,401.4106782106782,1.0714285714285712,67.42857142857143,194.72397443826014,17.625,10.63020313020313,10.0,30.22222222222222,57.148809523809526,63.4781746031746,53.738095238095234,11.722222222222221,50.74084249084249,8.095238095238095,6.333333333333333,32.69642857142857,32.388888888888886,8.208333333333332,2.1666666666666665,36.79563492063492,353.2547670583385,7.470238095238095,121.07142857142857,13.333333333333332,61.90277777777778,51.84126984126984,23.711309523809522,18.875,59.703835978835976,91.0079365079365,34.288766788766786,6.125,0.0,238.74173002534346,15.287414965986395,225.9563492063492,39.33026695526696,71.32951577276255,95.80357142857143,157.94132653061223,142.88095238095238,11.30952380952381,31.319444444444443,30.672385620915033,20.375,14.166666666666666,151.35151704621242,0.0,104.04365079365078,204.99676434676434,154.58333333333334,95.7063492063492,0.8333333333333333,18.87488480240581,34.271258503401356,24.86111111111111,47.10060690943044,250.01500600240095,3.6111111111111107,24.166666666666664,0.3571428571428571,0.0,0.0,380.3989491989492,13.833333333333332,1.1111111111111112,9.543650793650794,1.488095238095238,21.94019274376417,33.32270408163265,5.333333333333333,30.17063492063492,4.746031746031746,2.3125,0.0,0.1904761904761905,0.0,127.375,0.0,16.785714285714285,36.845238095238095,0.0,4.9523809523809526,5.9642857142857135,24.901502267573697,18.825396825396822,52.677336552336556,0.9523809523809523,0.5555555555555556
16461.36830603019,192066.7056388624,37951.09793371954,138.91432456432457,12601.277781003493,17779.072429160027,1705.6786267849618,656.0101852668029,882.7264273031964,1918.311478365116,2750.11486231853,8027.31842525876,1271.0484689524517,15286.170514561642,102.54398935687635,7287.963417208465,12280.09378841544,12853.020683485041,115.74385495109179,6477.152549700329,2039.3851713316733,6785.741987074902,2704.5210920673485,1547.6194723374122,7791.8210386215915,6876.2463935972,6585.621645610654,6297.295441627298,48207.32235132929,1534.0005409917821,1353.5189004782203,36655.22463076111,4870.332719976457,134.27024004046064,238.0347426788161,52.78658732335202,1386.4955506395909,3715.777389652544,9686.029136552848,1545.4730745587433,1836.9954480709462,2416.342855941479,894.5215204380964,285.5914016105403,942.5450257401025,819.5484696208639,385.627161645544,1281.9075553751823,130.1979315973881,309.35379117070295,1196.7111540534072,1250.0838977462035,1357.408673486775,90.97199940582293,45.75763588263588,4284.470939960485,1050.7581082810743,35816.712871594595,14399.150803019214,1913.2492771011403,45903.45987352654,3450.7165610606858,8503.706590855461,1797.8852634837929,13379.096019973947,6588.182823211025,2166.9431166761683,46107.98165694502,14065.009120024457,7345.434412616881,12248.203827573738,65519.73800111352,20360.253698689477,16981.734444256374,298.92610898917286,1447.3490780183083,608.6146648370786,1233.6013394382617,757.416390409363,3103.292315496855,232.34937081437081,191.9816244601959,531.9112226261149,2172.4424571663935,1444.2294838986181,684.7353491723278,1231.616566046603,296.0148320464559,4993.076645345119,203.08361810045247,515.8097588233807,81.38843795093796,3774.1277973515507,1900.0767422830081,934.3963006778796,117.55939800939801,675.3889196329985,87.95447121105016,784.865320423757,1158.9740014380975,572.1126099857192,95.93497647147028,519.2907408767703,193.9074074074074,362.8394660894661,33.03959492888064,136.00443363825715,583.785830207302,4694.068589661776,1136.3623019993124,1090.2891075231819,4234.692945618076,283.1768467127987,1845.730776917211,449.0722071079031,2694.0956054374287,91.4894536019536,329.00909368409367,236.62670472229294,624.1007323957255,221.46783107243633,176.35523769602716,505.0960535467523,478.4860112110112,1299.4027472110397,249.46573664430807,123.91729289229289,58.314407814407815,692.7465836474788,92.86256956551074,830.5049101575912,1935.837617577246,450.60992520551343,500.47541856291855,1083.4936140000425,139.74423909423908,1100.5054988688564,291.13861503420327,2467.5239145152823,964.827923171886,494.18724712004786,139.51472250659558,293.2645836619521,762.3691590505666,5151.765922675762,807.2179626038233,274.99341445591443,231.05547930905072,2219.0996426919633,71.61114117364117,287.0291550558755,554.8477774875702,688.4214935923695,450.4086487586487,70.59603097022452,828.4526825852652,240.62483955169424,55.61003137235389,288.72014858001364,99.3454198249864,164.43096486846486,138.07814407814408,65.82575757575758,1184.9316438739183,1363.4168279944724,136.27362914862914,1023.1677321861144,107.74743867243868,86.09355459355459,611.0683651316004,704.0448149688862,140.87604115293988,382.2015624393352,374.15284583141727,144.84481721981723,886.370706674278,6352.857950259125,501.6470127095127,426.3997890997891,25.57421051171051,1703.8442097576772,128.45435786979905,150.80546576889455,15.395981333481332,753.8269672367127,395.09421596921595,354.3329928513752,246.52209100423386,89.87154882154883,1157.740215557347,102.94355967758223,55.946825396825396,277.4788406038406,49.3015873015873,23.84325396825397,48.896284271284266,36.467261904761905,492.6844263336136,46.137102049996784,555.803518330941
2781.4763635305217,30180.328127190376,8446.057874494982,32.84199134199134,4203.1274176469815,2499.7459038682878,295.221116654828,303.7402740628547,823.6589197352355,277.12466047024867,803.5949159736555,2679.4436716060754,125.33258066134778,4128.862692719246,48.27020202020202,1007.2272030591563,2550.4984861642733,2288.125649344725,145.9229856104856,1668.7963760198254,495.38479575979574,719.0872954444935,433.91101880575565,226.3490300549124,1987.2190633088949,1416.2500107590215,3754.929188985972,774.6456769770505,6848.048545124869,1114.093485009616,348.72921522921524,6454.79335142422,1596.1452021875082,57.28021978021978,24.215367965367964,45.81944444444444,217.23859036008403,699.7167824006059,1349.2454109525002,507.23744453001416,464.8282614882426,275.13823818080783,130.73424614601086,65.95859213250517,221.87581862581862,246.34957861503514,16.7324016563147,210.22441447441446,57.85410830999066,45.607559107559105,264.88429670687736,718.764045518353,1028.7899544330544,39.03113553113553,33.80494505494505,336.6543392065451,141.70310245310245,10531.357564084978,2966.0291275709387,292.2089479148303,7433.117284066181,726.5259566962787,1553.108171841918,130.42857142857142,2431.5526208121855,973.4537533578215,347.9289497052655,7765.506370258662,927.4035310253098,2009.3959199939536,1720.4122672076232,4861.921573545226,3604.7236349443388,2201.9019319432764,103.71800421800421,1581.1798740092083,60.925324675324674,1469.5548063048063,357.91977717091197,1098.7707397245067,197.53020419458775,110.66314070252426,46.463786213786214,240.8526048417562,441.25675826905336,145.23715538847117,211.17862692862693,89.62868705200829,3677.3218548751443,33.27228327228327,55.948773448773444,17.833333333333332,504.3377788868374,552.0215348377113,373.8976203535027,312.9741092241092,150.28954378954379,80.54753416518122,124.65846069135543,248.89438626507592,54.83382140735082,161.50840825840825,68.32105394605395,137.62175324675326,80.12985114300903,18.77777777777778,37.05596255596256,188.87204437258362,596.530612819077,276.93659118659116,33.96475746475746,909.0741354287314,21.835067710067708,94.55952380952381,244.36674436674437,206.1134707506191,44.07539682539682,6.111111111111111,78.69017094017094,211.4965034965035,47.51587301587301,256.81648906648905,85.48726110490816,36.514901764901765,122.81859952912585,37.74603174603175,56.44642857142857,19.595238095238095,81.93963226316167,40.1031746031746,134.59361471861473,483.2078983261391,117.98677248677248,83.36904761904762,160.74188719776956,46.76190476190476,177.51174971324082,332.2589502270285,81.7826797385621,538.9603528852755,241.3085249797711,98.01664578111946,89.66962861699703,108.57503607503608,436.0176003420596,142.1103896103896,197.71820751712056,312.0771099652679,437.7854356750673,85.88064713064713,184.89816202316203,665.9817267688363,46.65079365079365,208.69365356865356,49.480368198110135,200.94156170626758,33.19047619047619,176.94895382395381,11.929292929292929,57.95238095238095,101.94913419913419,58.83333333333333,7.5,24.613478139793926,328.59271284271284,21.98748473748474,152.24247974247973,42.96398046398046,83.9471916971917,107.7804646334058,165.94434731934732,3.0,33.363095238095234,36.52489177489177,78.82575757575758,75.23051948051948,275.9733044733045,37.00036075036075,23.11111111111111,12.28968253968254,315.4099095349095,10.90909090909091,54.23038073038073,26.108225108225106,67.63448393711552,18.359649122807017,9.281135531135531,26.049783549783548,41.33730158730159,60.06673881673881,31.621794871794872,18.083694083694084,23.63095238095238,30.65451215451215,34.55266955266955,34.87337662337662,12.023809523809524,50.502087284695975,24.33712121212121,67.41049681395981
2077.9034030362122,12870.954217256176,2870.5726667472304,2.0,1382.2368141214963,448.7889748186235,16.273738720429897,7.698412698412698,43.84110334110334,202.08170856920856,54.333768546268544,759.6168248390429,7.916666666666667,767.5085633670935,13.833333333333332,181.99027315277314,360.4181798457391,639.1023159259614,10.416666666666666,229.94693114769396,71.36057692307692,158.3054116935696,104.31926079376687,108.89240753799577,439.7201983746101,402.2126218581327,500.93260311117456,87.01954606066448,2941.1888217978963,475.18164675591635,28.346444978023925,4819.402941645849,102.59280678471855,15.373612498612498,42.31701412622465,1.5,199.59920634920636,85.38140048948873,1447.1476564137574,37.28042328042328,129.53485893191774,97.11086669801335,6.484126984126983,5.581313131313132,48.49058358048128,11.666666666666666,12.555555555555555,72.78769841269842,3.0906593406593403,6.19457671957672,21.709488428238426,103.20882173382174,97.31204906204906,2.954545454545454,9.31547619047619,179.8675327214543,11.46754496488539,1395.913337099983,1039.483352021109,5.194638694638694,435.4034406034768,120.04506361139264,705.2911372396667,35.733333333333334,697.5589279027982,239.682629900079,59.0929834054834,2365.687850190299,399.0610530346952,1317.3535288813925,806.2421817893121,5512.9990730679365,1939.7003105450933,416.13954337771975,30.563542938542938,93.56481481481481,9.87341394237946,78.17135642135642,9.375899462855985,117.90655918155917,12.924603174603174,8.883928571428571,9.65945165945166,30.348055131143365,345.307948995449,41.48630351130351,10.5,7.166666666666666,100.25895332880627,13.308080808080808,11.011904761904763,1.5505952380952381,101.19363020020914,302.48849206349206,163.76153753653753,11.71111111111111,5.939393939393939,3.333333333333333,46.818241943241944,25.36111111111111,24.024891774891774,11.333333333333332,28.76593314093314,7.5476190476190474,0.7692307692307692,2.0634920634920633,4.0,11.105742296918768,370.2827433971571,404.37251703118574,8.910714285714285,132.57858554467597,6.342655438243673,47.8106437372422,21.438277000777,885.8366914017068,0.41666666666666663,5.441071428571428,4.6269841269841265,5.203518703518704,1.2142857142857142,20.14616402116402,2.814814814814815,58.33052503052503,111.99797466590333,0.7142857142857142,2.7777777777777777,2.083333333333333,13.523809523809522,13.277777777777779,35.58068783068783,62.28829503829504,23.998029748029747,5.083333333333333,18.325396825396822,5.773809523809524,3.6363636363636367,3.333333333333333,236.0128157272614,10.773544973544974,12.625,5.535714285714286,42.68968531468531,3.9722222222222223,163.27806112016637,12.19047619047619,1.4583333333333333,5.4563492063492065,11.699001291106555,1.5209790209790208,9.012820512820513,29.63095238095238,24.97542735042735,16.964285714285715,0.0,28.33993294287412,6.577380952380952,1.04235347985348,1.777777777777778,3.333333333333333,6.011904761904761,2.0,4.707792207792208,20.433417987146058,60.16423105761341,0.0,85.46236171236171,45.96645021645021,0.5,26.108766233766232,52.551587301587304,0.5882352941176471,20.345543345543344,110.60573593073593,14.825396825396824,52.62901912901913,98.57099191658016,5.0,1.6666666666666665,2.2222222222222223,40.278416028416025,5.0,1.446078431372549,0.0,61.405611055611054,0.5555555555555556,10.732323232323232,10.847222222222221,0.6060606060606061,5.340681248575986,0.0,0.0,7.65079365079365,9.90079365079365,0.0,0.0,0.8333333333333333,25.906267751855985,2.5,4.16028416028416
3348.6080258604234,10464.793794482328,2278.8569352089617,4.678571428571428,1409.3326390385214,1099.4744490774315,204.56712962962962,60.463522588522586,37.666580193897126,196.5352332852333,106.30688061938062,695.4239094239094,74.42831147610559,1475.5080636955636,2.9166666666666665,545.2154484404484,1112.1974942555437,1048.4984350444877,5.1123642439431904,580.1392658267658,325.8255952380952,179.37896825396825,143.90506253006254,68.49188311688312,677.6056355681355,870.4801569245454,297.3773797886701,473.4173893229234,2416.4277607039216,29.11255411255411,81.20182860082241,2595.5047869764394,415.37287345007934,29.103835978835978,17.846320346320347,3.6805555555555554,45.91170634920635,224.0347222222222,341.2460657534187,39.39021164021164,159.81245004995006,533.1617543676367,28.01962481962482,42.02777777777778,126.41624579124579,104.65323565323565,4.59998334998335,20.003812853812853,70.53490259740259,5.011904761904762,99.91786819811013,92.41630591630592,53.10214785214785,7.916666666666666,2.964285714285714,443.2349296944885,27.615079365079364,1739.0076430730935,1518.2881355973461,91.50180375180375,482.42326337663025,943.64612646269,630.7166684894626,73.17231842231841,1395.3254418511772,384.4800246050246,50.07738095238095,2173.08819120638,374.4360269360269,1060.5462764359822,995.0758134270187,3782.536922867531,1116.008830358095,1353.1558251464885,30.349206349206348,248.7509637693461,42.16984126984127,99.00687044437043,63.84722222222222,459.07804232804233,36.87752525252525,22.628968253968253,20.361577964519142,161.59909210156889,136.5162763162763,35.916666666666664,207.76533189033188,4.128787878787879,1042.1850394975395,4.277777777777778,23.65204678362573,3.0297619047619047,115.7933414872059,56.96161075766339,35.02651515151515,0.0,20.156565656565657,10.375,34.41992802519118,17.541666666666668,58.82347282347282,5.853174603174603,160.007565147271,4.756944444444445,75.2209249084249,13.595238095238095,4.416666666666667,38.6875,294.95200517075517,62.938311688311686,7.36863711001642,548.5184075184075,8.383838383838384,31.166666666666664,9.130952380952381,58.914522977022976,2.2817460317460316,5.625,4.152777777777778,13.5,201.90674603174602,50.766955266955264,35.0,33.30544455544455,81.90819597069597,1.845238095238095,9.5883954008954,2.206349206349206,10.80621693121693,2.388888888888889,20.691738816738816,133.67757936507937,49.58244206773618,57.307960557960556,62.48435263566842,26.797619047619047,82.02997696747697,8.108465608465607,102.46230158730158,154.0875256279668,23.479166666666664,6.5056022408963585,33.15277777777778,83.61694677871148,327.1922633896318,43.297619047619044,10.384615384615383,1.0,34.92586910945545,6.738095238095238,14.028725660304607,3.8472222222222223,14.419117647058822,5.836580086580087,5.527777777777778,84.1242784992785,39.29960317460317,5.469696969696969,3.0,8.14679691653376,2.595959595959596,8.625,0.0,17.878306878306876,70.94397405426817,41.94444444444444,28.144771894771893,3.8055555555555554,2.6944444444444446,12.235916588857766,87.9340969766313,4.734848484848484,52.33694083694083,42.74278499278499,5.25,44.85227272727273,139.4081289081289,34.60164835164835,33.6765873015873,1.7487026862026862,52.59036796536796,21.369123931623932,0.5555555555555556,2.4545454545454546,18.275974025974026,11.339285714285714,0.0,6.666666666666666,28.75,24.35233285233285,7.417124542124542,3.1349206349206344,7.416666666666666,1.4285714285714284,1.7857142857142856,22.37797619047619,0.9761904761904762,22.269540644540644,8.666666666666666,9.384393384393384
3310.268228475774,14852.7709169548,4602.250395957109,7.261904761904761,1634.0499729222252,1128.9092978074984,231.46884265166827,75.34531084857171,148.01959808153416,908.2085619983806,450.89426565655054,961.7025038609072,22.040404040404038,1958.7630302055118,24.81050298907442,916.9797456098539,2292.208428479474,1155.3639521853806,44.06098762348762,973.9020656674885,505.0831632495553,189.16215157391628,161.52311037079943,97.46341621341621,1039.9667500906223,1533.884915553733,1266.7728836316842,493.3456188597298,5254.024191399086,750.1675823515109,262.8876318592705,4681.982356324288,764.3474766684664,23.24524803899804,112.51105866487671,31.258849372571177,145.0804930052829,128.38990691847835,823.2481554872138,196.25543967781363,113.64411051911051,505.84782293259184,129.577876984127,47.082734760366336,135.07638303961832,152.99357624487655,27.278729207300636,69.15103415103415,17.478465978465977,9.588203463203463,71.84514771127442,347.44038454409696,435.56608619728917,48.96645021645021,34.08201058201058,148.5784415203533,19.96123642439432,5644.775094755948,2192.435880157521,395.6894474826873,3122.2842207842486,1202.4271697667525,1689.944768569892,32.28398453398454,2504.330673578714,1143.3335919813474,107.31442829657115,4074.22499689331,203.27697058979666,3788.309926899644,1086.8657065425123,3088.602849899429,2512.834412730036,842.598414207767,24.9095860048241,583.0856825331449,277.1143698388446,287.5726855178239,504.3626820189189,700.1647512540369,18.11093795093795,25.13690476190476,12.443177270908363,90.6703835978836,949.1752420866322,143.42015722372864,67.52810828588159,82.87388888099304,706.2246931103034,95.23328768181709,28.04383116883117,2.738095238095238,90.98843427104296,173.08388833388832,47.66025641025641,12.328754578754578,367.7534416606785,16.452380952380953,113.25940695155091,30.361111111111107,15.42905242905243,22.098119420957765,230.24853896103895,123.46418738435544,19.444444444444446,6.553030303030303,4.4226190476190474,185.52051618589863,179.20429601339717,287.63768474172883,14.96031746031746,662.9948321364287,13.722055722055721,18.387316387316385,85.39064639064638,298.0560383144597,17.41056166056166,0.0,7.421106671106671,215.90872594897363,35.10306915306915,149.91069710712569,398.22480116755327,12.698809523809523,53.50019425019425,42.01638150209579,19.06056179270465,3.3516483516483513,163.97910095109896,6.162698412698412,996.1755609447189,23.31060606060606,124.76716426848006,55.89942643724156,315.343425744935,2.5,74.69287225886605,139.29842108374717,63.29983392929821,736.023583882905,32.637973137973134,10.680555555555555,141.7941984915669,25.86384448884449,96.75431392959588,82.10233789319923,59.47185960631339,52.84883172383172,310.3093197177541,31.334140066282924,125.83305604895993,190.70101783137497,75.4062049062049,106.34765516929382,10.815018315018314,760.7215668269516,49.23162469714194,35.92284044133183,10.567821067821066,46.094794164343035,25.238331113331114,0.0,2.8703703703703702,25.48957199777633,289.2065080344492,11.142424242424243,189.01345876345877,14.913454270597127,226.75781671348173,39.170297295297296,71.30250305250306,1.25,28.87099481400952,22.31089466089466,14.873015873015872,3.4722222222222223,159.67126011243658,0.0,4.009740259740259,12.086276818419675,297.28855413592254,4.515151515151516,23.9239047989048,8.339782085082836,106.8524805238621,16.66053391053391,0.2857142857142857,7.833333333333333,32.138888888888886,16.26581807081807,5.051432694289837,20.9948371734086,5.294642857142857,25.73051948051948,27.33220161481031,5.740079365079365,3.5769230769230766,51.1981149647116,1.12,66.43025289525289
7004.376056429974,39958.98214614485,18136.935406374127,134.76592851592852,7496.751344905299,2515.7549634523293,253.7456562333512,186.29138321995464,636.2805257301055,709.6247900234624,903.6940354035942,6628.248703713509,26.58829365079365,4086.463815278289,102.20134032634033,4083.161283689547,2314.6075430579335,1683.823656514766,241.0117364117364,2406.8611464593605,1299.9288041594175,346.60714285714283,89.32382711457788,77.49444444444444,4359.174348799349,5347.990021844627,3234.2222141979105,1698.5623967691195,6729.651312626837,7860.431284020556,2188.9001160947755,10434.162088730887,484.13710666914136,128.81461569476275,11.303571428571427,113.47491152638212,125.29920634920634,939.648433973434,521.9128191253191,582.5542328042328,336.42025589478317,233.43052342486496,10.808698246198245,116.27983920841064,147.9054834054834,120.64484126984127,23.92361111111111,210.5563986938987,160.56997354497355,40.21320346320346,138.96704793028323,812.9768687087766,956.3565288756078,9.921085858585858,72.29383116883116,406.1460493773511,21.56382275132275,16996.618888033237,5550.439494162896,227.6972210538,560.2112525954437,1240.0434458672848,1172.4629645409057,28.378968253968253,4420.489596427922,2391.060704846643,23.993935958221673,13850.834265155307,91.5465367965368,2724.521216963864,6972.64181780752,2398.6115010148324,4053.7943299607114,9005.70035731037,65.14377289377289,1106.251572039072,14.777777777777779,3344.3007344070757,162.19375763125763,1128.4890446125667,337.6308621933622,295.8479227558277,53.55860805860806,45.68584656084656,275.726095255507,76.41984126984127,116.97613742466683,53.61050061050061,1635.4643643393642,126.8905932030932,2.5,2.083333333333333,178.58912615162615,3956.193339868334,1008.6676758426759,4350.109193453577,55.2265873015873,125.08095238095237,47.970238095238095,74.30555555555556,13.248015873015873,817.0140054390055,92.37100399600399,1920.4993733779447,1.3392857142857142,31.947365642487593,32.29365079365079,124.85037878787878,76.7329365079365,241.83429764679764,59.692821067821065,1560.2189267412482,5.625,44.05826118326118,354.2476414967901,28.831379268879267,53.61668192918193,25.041666666666664,38.541666666666664,28.744769119769117,42.244680170763765,81.88274688274689,179.6421225147729,343.0818982604697,40.73160173160173,45.78228715728716,38.38359788359788,21.566648629148627,27.61019536019536,72.78472222222221,72.67857142857143,332.83025308025304,21.254960317460316,183.8151515151515,171.06564824064824,60.498778998778995,65.11448412698412,57.89718614718615,69.98845598845598,155.38470904095902,83.90169552669552,38.84722222222222,63.6633464574641,11.340619075913194,294.329063595135,64.4140989729225,92.17363886113885,48.045304232804234,167.21246831914826,104.5460927960928,141.2770528083028,379.7261904761905,745.3152417688132,134.34734015984014,192.82637332710863,46.89306301641828,23.834630178031038,213.70890911920324,2.1875,290.35853246934073,443.50316535316534,28.392857142857142,378.09965422691903,1.25,7.958333333333333,98.24007936507937,4.797979797979798,163.09027492115726,569.0214877714877,8.649801587301587,592.9414682539682,1.4583333333333333,9.243826349089506,1.25,661.375061154593,0.5,7.490530303030303,31.006349206349206,3.9074074074074074,59.326388888888886,186.49167697381984,4.880952380952381,25.19047619047619,12.952380952380953,103.03156565656565,8.222222222222221,0.0,8.820767195767196,151.48253968253968,19.95734126984127,2.824074074074074,104.90277777777777,7.5,10.0,3.341269841269841,18.21863553113553,43.13690476190476,179.2156919392533,4.654761904761904,102.3542931483721
1371.7996457246456,6496.057159659215,1436.4971141374392,2.5,949.1548478074213,884.4151382026382,49.91203703703704,44.69360269360269,39.095238095238095,50.82142857142857,117.53463203463203,1092.6067899692898,54.35218253968254,1558.6211232550518,10.083333333333332,493.2987928737929,254.77644485144484,668.8717967762085,12.621212121212121,409.13888888888886,269.50201187701185,155.63888888888889,238.05853174603175,116.01165223665224,673.9483962674752,1101.4897358618334,700.6122012907726,117.84523809523809,1976.418989088397,249.50774736958945,78.46157059314953,2792.894702332125,154.3596681096681,42.95238095238095,27.08270676691729,1.6666666666666665,24.035936285936288,234.17613636363635,1135.6079783520572,27.166666666666668,68.3895202020202,51.555916305916305,14.916666666666666,0.8333333333333333,17.817810457516337,22.75,16.476190476190474,328.5813492063492,8.928571428571429,8.057539682539682,50.5,95.24603174603175,65.91702741702741,11.25,16.666666666666664,141.369708994709,43.19581807081807,1261.4008779003361,650.0093101343101,76.36904761904762,218.58228759544548,157.48693592269444,815.5082852332852,14.444444444444443,681.6294816294816,278.9517246038985,40.628350815850816,748.9326625308242,86.62037037037037,396.63268213268213,499.3348844782668,1646.9970573715138,705.3926767676768,798.8823391477803,49.43452380952381,59.08180708180708,21.416666666666668,106.88888888888889,6.447649572649572,156.62327405709757,9.97339466089466,31.825396825396826,15.083333333333332,33.36896981014628,71.70899470899471,13.928571428571429,14.222222222222221,43.888888888888886,139.09587634587635,5.918803418803419,9.074074074074074,26.0,55.614177489177486,610.4151875901875,599.4513888888889,16.666666666666664,18.214285714285715,0.0,30.805555555555557,270.1335978835979,209.40674603174602,18.277777777777775,34.1060606060606,15.333333333333334,6.25,1.4285714285714284,0.0,94.47222222222223,176.0610590390002,56.77777777777778,41.955938697318004,187.95445295445293,70.14583333333333,564.563492063492,14.88888888888889,122.93417366946778,1.6666666666666665,96.71031746031746,0.0,52.70833333333333,33.416666666666664,3.8392857142857144,8.666666666666666,13.666666666666666,28.333333333333332,5.0,19.90277777777778,10.555555555555555,30.5,9.305555555555555,24.623015873015873,530.4404761904761,35.773809523809526,20.976190476190474,11.666666666666666,7.69047619047619,17.36111111111111,0.38461538461538464,300.2593795093795,67.69907407407408,17.886904761904763,34.44444444444444,23.333333333333332,23.003968253968253,119.03756613756613,91.13888888888889,6.25,3.333333333333333,24.791666666666664,22.59027777777778,8.166666666666666,21.856060606060606,10.416666666666666,27.476190476190474,2.9166666666666665,32.64285714285714,7.5,2.5,5.0,15.0,6.405122655122655,29.833333333333332,15.722222222222221,7.071428571428571,28.98538961038961,3.75,456.89069264069263,36.086933899433895,0.0,18.0,54.654761904761905,1.6666666666666665,1.976190476190476,37.68145743145743,23.333333333333332,36.73290598290598,107.72427017427017,45.0,7.777777777777778,0.0,208.02696608946607,6.666666666666666,3.011904761904762,12.0,24.333333333333332,4.5,0.641025641025641,19.5,16.666666666666664,7.603535353535354,0.0,10.666666666666666,0.5555555555555556,0.2777777777777778,0.0,5.0,0.0,0.0,1.25,0.0
16881.910908694786,44730.74127779209,19105.852264999394,194.60476511792302,5555.083552547658,7633.573725817808,904.8978662405133,653.1194950202303,855.5257631257631,921.9400853775853,1846.6321980890257,8745.464086876347,1339.7714886964886,19122.29235346625,337.6353091353091,3457.950566893424,4752.073638315331,3333.5039973063,310.79647297147295,3317.993493733935,1127.5925150687056,3145.1510937067133,1752.5789779664779,783.0947968697968,6315.504701084817,5820.060611816116,5945.50972958142,1646.3674795112295,18433.6417525457,2640.1539492671072,1386.1002089005765,17347.603034153144,3033.529382423132,391.01634199134196,146.99587500621982,215.79781746031745,1279.8508709544424,2767.014029026529,3828.272825298483,882.231746031746,602.6464466089466,1640.7791593988022,199.79382006882005,223.39502164502164,1000.176455026455,1260.0284042346543,143.65555555555554,2297.849603174603,428.9563492063492,174.5,1023.9295024420024,2390.229274627489,1382.8684788870135,253.98730158730157,304.9503968253968,856.0231180856181,533.3656454326097,14379.6324570482,8264.823432666528,666.0688926153211,3979.2806602438955,1586.6164917786932,3536.722746631675,339.5023286237572,5268.359543851367,2969.228213153948,609.1174792139078,15484.677309317616,147.75501443001443,4609.117197666033,9035.929889543322,6550.9829083798895,11300.189178675591,10343.955890642357,677.5959269566412,1352.316659944659,283.02536231884056,2557.99812568384,470.85575396825396,2072.6112463924965,644.428373015873,456.5469017094017,230.36507936507937,609.3329365079364,1017.2434093440672,1017.4164237808974,656.0216524216524,430.30483405483403,3067.035985818829,258.9657287157287,124.2037037037037,163.64285714285714,1096.260304047804,4147.839736652237,1928.886901340996,546.6964285714286,198.26388888888889,310.7198232323232,107.25122234791353,7446.989817821068,343.514389662134,783.0367063492064,238.06448412698413,840.6318181818182,571.7093253968254,141.8564800279086,163.36527777777778,758.4975177600178,2034.1834869385464,438.95099206349204,341.84007936507936,1978.8956522644023,103.4375,5155.763257575757,702.1870952443151,585.0449762226078,109.98651348651349,473.34226190476187,126.31367243867243,737.173013098013,717.4642857142857,241.44563492063492,88.67460317460316,544.1269841269841,300.82756132756134,125.46944444444445,160.56001984126982,275.70734126984127,277.2824074074074,138.7473214285714,1269.8174603174602,3704.31433982684,350.42543077837195,212.17165103415104,507.7991307634165,131.58888888888887,586.2377378340614,680.8232787980853,1159.7280723905724,955.8659181096681,580.9959626780005,416.14642857142854,482.1359126984127,596.0646869004012,1116.6480100820436,413.27480158730157,356.12573537573536,252.4778671695951,453.9684294871795,553.7083994708995,417.8253885003885,627.5778540903541,203.8095238095238,603.1933566433567,167.03968253968253,416.4637742975978,201.62896825396825,104.99356962481963,31.833333333333332,114.64725274725274,824.2237357549857,707.6111111111111,213.13095238095238,296.92195767195767,600.7361111111111,204.43686868686868,855.5289802789803,261.4904761904762,151.91041666666666,75.6984126984127,105.95833333333333,39.448412698412696,645.223544973545,50.12222222222222,987.928373015873,98.97789858950573,1029.377772227772,385.2151875901876,73.74007936507937,74.44444444444444,671.3738095238095,274.5833333333333,216.6765873015873,92.36557886557887,84.94047619047619,33.19047619047619,131.69078144078145,57.16383219954648,82.72031024531024,68.89087301587301,92.57420634920635,150.7922619047619,265.4136904761905,103.80634920634921,74.58612914862914,143.68511904761905,237.25198412698413,671.9440476190476,40.829365079365076,21.279761904761905
234.05187998276233,2872.102473383698,65.68885281385282,24.906776556776556,83.81385281385282,472.82804695304696,0.5,60.38235606985607,89.42183742183742,15.554924242424242,45.13113275613276,40.522366522366525,0.7142857142857142,410.7719336219336,1.5714285714285712,67.11069154275675,203.93595062345062,486.7255568505568,8.857142857142856,230.9204244829245,23.978354978354975,257.1001984126984,48.835470085470085,17.521825396825395,59.41196303696304,264.34426749720865,208.24698495948496,60.54379648129648,1168.8232680162027,55.52993697478991,208.79126984126984,1064.41147708112,448.1964604037746,1.3888888888888888,1.0,5.317460317460317,19.904761904761905,305.74843711500057,6.981601731601732,16.51984126984127,61.475746475746476,416.0470429824283,57.90873015873016,13.253968253968253,35.107142857142854,39.64116161616161,4.0,48.1991341991342,2.0,8.014880952380953,43.77777777777777,240.15818903318902,759.3592231181517,20.333333333333332,2.986291486291486,18.133361678004533,1.3333333333333333,3573.8193689919804,49.0118006993007,1.25,67.4316859066859,183.90927431578692,427.2047558922559,10.373015873015873,299.68831937346977,57.36031746031746,1.0989010989010988,74.48597409978484,1.0416666666666665,570.6388681408031,557.9619708994709,69.8938492063492,576.3838013838014,53.97222222222222,4.642857142857142,381.58964183964184,142.7660346189758,74.89484126984127,17.817460317460316,89.58405483405483,1.7989417989417986,3.5476190476190474,20.833333333333332,50.76190476190476,112.33658702408702,1.4285714285714284,130.67635142635143,7.345238095238095,657.7731247510659,7.492063492063492,2.2817460317460316,7.857142857142857,0.0,0.0,1.357142857142857,0.5555555555555556,1.6666666666666665,1.964285714285714,2.6805555555555554,2.821428571428571,0.625,0.0,3.921356421356421,0.0,7.309523809523809,0.38461538461538464,2.121212121212121,10.282738095238095,0.0,2.5,0.0,278.679514533086,0.0,1.9444444444444444,214.5297040922041,0.0,0.0,2.0,5.0,3.2976190476190474,9.65031265031265,16.166666666666664,54.62337662337662,0.0,0.0,0.8928571428571428,8.783730158730158,2.5,0.0,1.6666666666666665,0.0,0.0,9.043650793650794,3.076923076923077,5.621212121212121,3.571428571428571,18.025793650793652,19.189393939393938,0.0,98.11037573537573,6.730555555555555,3.333333333333333,0.0,18.800925925925924,0.0,1.5476190476190474,29.923153235653235,145.51928811928812,0.0,12.011363636363637,46.23813196607314,162.89880952380952,5.0,0.7142857142857142,4.125,0.0,63.15258352758352,0.0,52.095238095238095,11.089285714285715,0.0,0.0,0.0,0.15625,24.212662337662337,2.4305555555555554,0.0,14.942460317460316,0.0,0.0,0.0,0.0,0.6818181818181819,9.151360544217686,0.0,0.0,2.0109126984126986,0.0,3.6210826210826212,5.843434343434343,113.73057498057499,4.738095238095238,29.40417377027284,4.761904761904762,0.625,17.44047619047619,0.0,0.0,0.0,13.787698412698411,14.791666666666666,0.4545454545454546,0.0,0.0,2.5,0.625,0.0,0.0,0.7142857142857142,9.540965978465978
