12255.195977633477,1331.5169552669554,3670.5559301809303,6816.6960429276605,2403.6160714285716,1114.4528388278388,5411.844012469012,3736.946178821179,7289.421768998975,2771.315836940837,3925.9243996744,2856.282166907167,5730.1332001332,5729.831592019093,2511.35101010101,3856.9226190476193,961.2905844155845,6118.344081844082,10592.324585137085,13464.015782828283,4289.039201539202,1949.2162698412699,6909.771964146964,6338.631333943834,3491.471716741113,9392.473221223221,4483.293650793651,10162.068503256003,1138.7748015873017,1631.904553779554,732.4473443223443,3591.554834054834,208.71031746031747,439.2162698412699,5263.670010545011,1149.7421777568836,111.45833333333334,1480.2544351073764,411.1904761904762,3032.3908730158732,2751.554625929626,2574.0275974025976,777.1329365079365,1859.593253968254,2166.28382034632,223.86904761904762,2017.778194028194,2048.541944166944,818.641774891775,287.3888888888889,218.36309523809524,503.257733007733,330.9830447330447,126.45833333333334,186.38888888888889,1200.8612914862915,465.2480158730159,130.0297619047619,2025.5313783438783,203.51190476190476,2804.788059163059,271.23015873015873,20.810185185185183,558.1415343915344,357.1031746031746,2403.79773004773,1387.3953823953825,1493.0095598845598,240.27777777777777,231.07142857142858,41.785714285714285,620.2876984126984,835.3582407930235,33.75,33.68855606758832,1966.140873015873,44.66269841269841,789.6329365079365,224.66269841269843,185.41666666666666,1109.457486957487,144.02777777777777,274.3650793650794,220.54112554112555,1453.881673881674,93.54166666666667,2.245903737839222,2.245903737839222,287.2042596611562,943.9679070929071,2.245903737839222,325.11904761904765,14.930555555555555,45.833333333333336,1482.863005050505,1276.1210317460318,2017.362012987013,1239.1964285714287,294.24873737373736,2.245903737839222,2.245903737839222,5.023681515617,27.459037378392217,1849.4429181929181,29.583333333333332,180.625,109.4047619047619,353.234126984127,14.583333333333334,1271.0999417249418,2143.155663780664,27.5,1138.8988095238096,37.5,274.82142857142856,81.25,229.96452621452622,41.69642857142857,476.0227272727273,1951.1752136752136,308.4821428571429,8.333333333333334,13.541666666666668,79.16666666666667,1064.2182696530522,161.89484126984127,241.55923733129617,146.32783882783883,277.11309523809524,183.25036075036076,51.904761904761905,3184.012445887446,407.6996083981378,214.45526695526695,79.70238095238095,336.6765873015873,28.78787878787879,66.07142857142857,121.34920634920636,63.33333333333333,37.5,55.92948717948718,10.0,214.04761904761907,137.6875901875902,9.722222222222223,155.83333333333334,650.406746031746,191.26501035196688,65.89285714285714,98.15656565656566,95.63250517598344,154.70238095238096,480.64331501831504,81.25,16.666666666666668,1.1111111111111112,501.80357142857144,56.458333333333336,130.65476190476193,273.9583333333333,177.29166666666669,1839.9603174603176,366.31944444444446,0.0,316.20726495726495,38.095238095238095,0.0,159.02777777777777,32.5,3.571428571428571,312.906746031746,142.5,321.37896825396825,8.125,10.714285714285714,547.696608946609,551.0714285714286,231.25,84.16666666666667,5.0,0.0,25.238095238095237,54.166666666666664,0.0,133.57142857142858,35.30555555555556,116.25,217.23590585659554,0.0,0.0,326.3699494949495,12.5,167.43055555555554,87.0436507936508,5.555555555555555,672.6686507936508,18.75,232.71419552669553,117.81746031746032,0.0,91.62878787878788,8.75,10.416666666666668,72.5,0.0,153.53174603174602,0.0,6.666666666666667,343.8888888888889,3.1242743527226287,85.40360501567399,51.02272727272727,83.21428571428572,514.0441176470588,161.13095238095238,32.291666666666664,96.22294372294373,0.0,25.3968253968254,32.083333333333336,9.027777777777779,301.765873015873,0.0,0.0,50.0,33.88888888888889,94.33531746031747,8.333333333333334,166.5873015873016,6.25,12.5,347.50992063492066,13.333333333333334,0.0,62.5,12.5,7.5,0.0,73.57142857142857,20.0,25.0,188.19444444444446,3.125,91.11111111111111,0.0,0.0,0.0,187.5
8133.555555555556,2856.443833943834,3017.5,634.4345238095239,1652.2222222222222,1079.513888888889,3553.920634920635,671.5277777777778,1044.1666666666667,862.6388888888889,547.8472222222223,3088.472222222222,3195.5833333333335,850.4166666666667,264.1666666666667,946.0416666666667,1231.0416666666667,1230.2564102564104,200.41666666666669,3531.912393162393,4098.836805555556,1667.1041666666667,1073.75,254.86111111111111,618.9583333333334,261.0416666666667,2669.9305555555557,1723.3814102564102,1163.2905982905984,420.2083333333333,1788.7583943833945,605.0,783.5555555555555,172.91666666666669,366.52777777777777,101.25,501.5873015873016,226.34057971014494,104.16666666666667,658.4722222222223,363.75,347.9166666666667,229.16666666666669,261.3888888888889,393.33333333333337,150.97222222222223,92.70833333333334,145.83333333333334,283.3333333333333,240.83333333333334,629.6666666666666,1136.6239316239316,454.72222222222223,241.66666666666666,318.3333333333333,140.27777777777777,31.25,809.8611111111111,105.41666666666667,254.16666666666669,312.9166666666667,191.66666666666669,25.0,223.33333333333334,54.16666666666667,39.583333333333336,145.53418803418805,627.3397435897436,307.36111111111114,1.3888888888888888,259.5,112.5,76.66666666666667,47.01388888888889,41.582661290322584,196.66666666666669,25.0,274.44444444444446,19.791666666666668,634.8397435897436,33.333333333333336,170.83333333333334,75.0,91.66666666666667,316.4583333333333,43.75,2.772177419354839,2.772177419354839,3.3643892339544514,126.19791666666667,2.772177419354839,45.833333333333336,194.58333333333334,120.41666666666667,211.11111111111111,202.30555555555554,209.375,104.16666666666667,213.33333333333334,2.772177419354839,2.772177419354839,2.772177419354839,27.721774193548388,39.16666666666667,47.01388888888889,89.375,132.77777777777777,139.72222222222223,75.83333333333334,170.0,123.33333333333334,25.0,64.58333333333333,6.944444444444445,156.25,62.5,50.0,57.5,20.833333333333332,88.33333333333333,85.06944444444444,8.333333333333334,6.25,98.95833333333334,47.91666666666667,258.27777777777777,103.36538461538461,30.0,48.75,40.83333333333333,79.16666666666667,10.0,57.083333333333336,75.0,70.83333333333334,71.52777777777777,66.66666666666667,33.333333333333336,0.0,56.66666666666667,1795.2777777777778,18.75,0.0,91.66666666666667,43.75,0.0,133.55555555555557,95.83333333333333,46.66666666666667,136.9047619047619,257.0833333333333,23.333333333333336,33.333333333333336,79.22619047619048,25.0,58.333333333333336,6.25,37.5,0.0,102.08333333333334,73.61111111111111,41.66666666666667,30.555555555555557,100.0,8.333333333333334,0.0,12.5,0.0,0.0,42.708333333333336,25.0,7.5,41.66666666666667,8.333333333333334,12.5,12.5,8.333333333333334,65.0,12.5,83.33333333333333,0.0,0.0,0.0,0.0,52.08333333333333,12.5,0.0,45.833333333333336,35.97222222222222,25.0,0.0,0.0,3.4722222222222223,25.0,0.0,20.0,0.0,7.5,50.0,2.0833333333333335,0.0,0.0,0.0,0.0,0.0,0.0,50.0,0.0,0.0,0.0,1.6821946169772257,42.77950310559006,0.0,39.02777777777778,12.5,0.0,70.08333333333334,5.0,25.0,0.0,75.0,50.0,0.0,25.0,0.0,12.5,0.0,0.0,0.0,0.0,0.0,0.0,8.333333333333334,0.0,0.0,9.375,30.0,0.0,0.0,0.0,0.0,12.5,0.0,6.25,0.0,32.5,12.5,32.5,18.75
20818.747740637446,1463.0831127614217,4920.212385993636,1881.5383574758575,1414.041417821309,1806.3510101010102,4151.601800976801,1526.0058677705736,2467.056277056277,2246.9756394204924,2266.3532185407184,5170.722194472194,2397.362012987013,2242.777977710043,202.9671717171717,1861.7836815961816,651.8760844418739,3171.136475630082,3623.491330717893,7056.253093217288,5276.169560773857,2494.998196248196,602.1072330447331,1904.0628676878678,1155.2953643578644,4631.191485899366,2889.7148395585896,3375.824599012099,753.7955447330447,839.2392676767677,1996.9140030970661,555.0111672446325,743.4367368742369,253.859126984127,1065.1373556998558,1246.118881118881,250.93326812076813,507.34737484737485,544.2144660894661,2391.9007034632036,1062.7549533799533,663.90863997114,1160.7996777528028,926.594215969216,1417.1194661819661,608.4573412698413,950.1100288600288,633.2841914491624,591.0750360750361,522.2529761904761,107.98611111111111,3940.7986422618774,364.6921596921597,206.72619047619048,360.7755230880231,996.5205627705628,184.02777777777777,87.77777777777777,389.9319083694084,35.97222222222222,352.76785714285717,153.16468253968253,283.2251082251082,2420.643020635938,29.583333333333332,1412.954267954268,224.375,183.19444444444446,158.75,15.972222222222221,133.22245564892623,9.166666666666668,76.57467532467533,142.38095238095238,97.6532406828796,253.53174603174602,840.855388484065,108.64448051948052,312.674512987013,309.0408312447786,383.62763257983846,62.217261904761905,20.13888888888889,110.65656565656566,328.8492063492063,167.3372113997114,6.430850966160227,6.430850966160227,173.12175143696882,239.07738095238096,6.430850966160227,351.2579067174655,9.821428571428571,9.177489177489178,501.9047619047619,103.25487012987013,954.3154761904763,184.61309523809524,364.5301226551227,6.430850966160227,6.430850966160227,6.430850966160227,64.30850966160227,386.52146464646466,50.714285714285715,133.96419552669553,7.142857142857142,122.1329365079365,100.33820346320346,689.3568237318237,362.99152236652236,43.25066137566137,561.9399697524698,26.041666666666664,183.47222222222223,394.91011303511306,72.26128038628039,10.03996003996004,180.97222222222223,661.8876262626262,113.15476190476191,63.98809523809524,38.92045454545455,72.56349206349206,122.29166666666667,27.49331550802139,164.7446099651982,25.0,18.541666666666668,119.17929292929293,6.25,512.9049422799422,335.9417665667666,80.83333333333333,22.32142857142857,124.86111111111111,23.908730158730158,171.29298941798942,123.2093253968254,254.5141663891664,79.44444444444444,37.878787878787875,41.66666666666667,16.022727272727273,59.464285714285715,0.0,44.44444444444444,86.66666666666667,39.48412698412698,0.0,177.22222222222223,19.74206349206349,65.27777777777777,24.09722222222222,23.541666666666668,37.22222222222222,133.11256311256312,84.06439393939394,187.38782051282053,317.8075396825397,36.75595238095238,74.64871933621933,34.82142857142857,70.41666666666667,17.410714285714285,148.2043650793651,4.166666666666667,71.4709595959596,156.25,32.29166666666667,12.5,9.523809523809524,5.625,24.633838383838384,14.583333333333334,60.0,153.21338383838383,6.089743589743589,180.10760073260073,31.944444444444446,24.131944444444443,0.0,71.68154761904762,5.0,60.22171083370594,51.09126984126984,472.9302503052503,115.31836219336219,24.0625,77.76785714285714,325.7296380090498,30.892857142857142,131.92994505494505,10.84505772005772,57.4215367965368,15.416666666666668,50.0,0.0,199.44444444444446,28.125,504.58957708957706,13.333333333333334,5.431547619047619,0.0,208.95833333333334,0.0,5.0,0.0,2.7777777777777777,10.0,2.16991341991342,45.14309764309765,10.833333333333334,7.5,440.4698310948311,169.82905982905982,133.0952380952381,25.833333333333332,37.5,276.7063492063492,34.30059523809524,6.349206349206349,25.0,39.82142857142857,13.842592592592592,41.36904761904762,10.0,22.36111111111111,44.791666666666664,0.0,17.5,26.21527777777778,0.0,0.0,50.0,11.25,16.666666666666668,89.32539682539682,154.48743386243385,41.34615384615385,5.555555555555555,0.0,48.67424242424243,38.125,25.0,5.902777777777778,19.19642857142857,5.902777777777778,65.45138888888889
5440.599333536834,1093.263888888889,2085.5920815295817,199.70833333333334,598.4027777777778,907.4027777777778,1925.9203042328043,1179.763888888889,652.6388888888889,1422.5555555555557,679.4166666666666,537.6805555555555,2221.2103174603176,1116.0257936507937,131.73611111111111,1330.8402777777778,221.25,666.3958333333334,376.4166666666667,1473.563492063492,1540.267857142857,380.4265873015873,355.49305555555554,238.24305555555554,440.2281746031746,371.1954365079365,2011.4421296296296,1743.2815320572674,275.0,129.83333333333334,256.04308390022675,215.5952380952381,343.5763888888889,551.2256493506494,75.55555555555556,153.95833333333334,139.90277777777777,473.1607142857143,56.666666666666664,601.0297619047619,28.375,409.3650793650794,247.5,149.79166666666666,224.40972222222223,95.08333333333334,113.33333333333333,219.27083333333334,72.56944444444444,34.44444444444444,839.4444444444445,284.9107142857143,211.66666666666666,381.42045454545456,120.20833333333334,16.875,746.8819444444445,748.3333333333334,56.90972222222222,37.708333333333336,154.16666666666666,125.0,312.2916666666667,91.45833333333334,130.20833333333334,36.458333333333336,37.96296296296296,71.66666666666667,38.75,133.95833333333334,400.25465506715506,84.79166666666667,31.770833333333332,73.42261904761905,27.272727272727273,58.75,6.25,67.41666666666667,36.25,306.25,21.875,162.91666666666669,41.66666666666667,34.375,42.5,988.1693306693307,0.9848484848484849,0.9848484848484849,4.675925925925926,25.833333333333336,0.9848484848484849,28.333333333333336,113.54166666666667,149.52083333333334,0.0,168.33333333333334,18.75,0.0,9.722222222222221,13.484848484848484,0.9848484848484849,0.9848484848484849,14.848484848484848,10.0,64.25595238095238,24.166666666666668,54.583333333333336,9.375,8.333333333333334,22.083333333333336,39.583333333333336,249.375,22.5,73.95833333333334,21.875,60.833333333333336,1.6666666666666667,11.458333333333334,39.02777777777778,149.79166666666669,724.8263888888889,12.5,239.125,15.416666666666668,20.833333333333336,16.666666666666668,57.03703703703704,14.166666666666668,193.02083333333334,35.625,0.0,37.708333333333336,68.33333333333333,52.29166666666667,69.02777777777779,19.166666666666668,5.0,0.0,156.28156565656568,0.0,176.97916666666666,17.291666666666668,8.333333333333334,33.05555555555556,170.41666666666669,50.0,110.0,23.194444444444443,38.98809523809524,8.125,5.0,19.49404761904762,51.875,33.333333333333336,33.125,182.43055555555557,0.0,0.0,5.625,96.70833333333334,29.166666666666668,56.25,0.0,1.6666666666666667,136.75595238095238,22.77777777777778,0.0,27.083333333333336,31.25,8.333333333333334,14.583333333333334,0.0,4.6875,8.333333333333334,17.5,6.666666666666667,151.57407407407408,10.416666666666668,10.416666666666668,20.0,12.5,70.83333333333333,31.25,27.291666666666668,102.81857187319372,0.0,0.0,0.0,50.46626984126984,0.0,0.0,12.5,3.125,0.0,0.0,2.7777777777777777,12.5,278.3814102564103,1.5625,0.0,0.0,0.0,7.125,350.0,39.583333333333336,33.71617965367965,8.333333333333334,134.8647186147186,8.333333333333334,13.88888888888889,0.4629629629629629,8.333333333333332,0.0,10.0,12.5,0.0,0.0,28.75,16.666666666666668,8.333333333333334,44.583333333333336,0.0,6.25,0.0,0.0,5.555555555555555,25.0,1.3888888888888888,112.15277777777779,6.25,12.5,0.0,12.5,0.0,0.0,45.833333333333336,2.5,0.0,0.0,0.0,20.0,0.0,0.0,0.0,0.0,14.423076923076923,6.25,14.423076923076923,0.0
2355.406746031746,209.60497835497836,770.426332926333,488.2142857142857,220.51767676767676,297.00667388167386,1013.561507936508,225.2579365079365,266.4186507936508,461.656746031746,385.28769841269843,1470.6845238095239,794.7925685425686,215.47313797313797,373.2142857142857,360.05799755799757,8.333333333333334,216.79563492063494,477.20238095238096,982.9265873015873,1779.2702864511375,458.9484126984127,176.94444444444446,106.54761904761905,390.625,141.2962962962963,274.44444444444446,455.25198412698415,173.21403133903135,109.76190476190476,593.4689615939616,240.5239898989899,85.625,361.3392857142857,35.75,37.5,0.0,280.38690476190476,56.97916666666667,807.9662698412699,455.92261904761904,385.515873015873,72.51984126984127,125.25883838383838,138.73015873015873,0.0,22.5,51.98412698412698,103.1547619047619,14.871933621933623,33.333333333333336,542.9166666666666,241.41865079365078,0.0,329.02777777777777,132.8125,11.944444444444445,145.06944444444446,39.285714285714285,27.916666666666668,98.59217171717172,53.51190476190476,10.714285714285714,178.55158730158732,60.41666666666667,37.5,0.0,26.379870129870127,22.916666666666668,198.88888888888889,117.61904761904762,9.563492063492063,33.80952380952381,56.72077922077922,23.506546644844516,30.0,0.0,9.722222222222221,28.97727272727273,2.0833333333333335,14.285714285714285,22.708333333333336,2.5,1.0416666666666667,0.0,2.5,1.567103109656301,1.567103109656301,52.95454545454545,27.77777777777778,1.567103109656301,16.666666666666664,1.1904761904761905,106.25,23.75,0.0,3.125,12.5,28.720238095238095,1.567103109656301,1.567103109656301,1.567103109656301,15.671031096563011,3.125,29.6969696969697,8.333333333333334,2.5,37.5,45.01984126984127,5.555555555555555,51.89393939393939,0.0,0.0,35.297619047619044,236.11111111111111,7.291666666666667,2.7777777777777777,0.0,9.166666666666668,0.0,0.0,33.333333333333336,13.59848484848485,0.0,23.055555555555557,17.857142857142854,0.0,0.0,13.333333333333334,41.66666666666667,43.75,0.0,0.0,16.666666666666668,25.0,2.0833333333333335,3.571428571428571,106.56565656565657,0.0,0.0,93.125,15.625,94.58333333333333,5.0,3.125,8.333333333333334,59.04761904761905,0.0,0.0,61.30952380952381,0.0,0.0,6.25,0.0,0.0,0.0,5.555555555555555,25.0,4.166666666666667,3.571428571428571,0.0,0.0,0.0,0.0,2.7777777777777777,0.0,8.333333333333332,0.0,0.0,3.571428571428571,0.0,8.333333333333334,0.0,0.0,0.0,10.357142857142858,0.0,0.0,0.0,0.0,5.0,493.80952380952385,0.0,2.7777777777777777,12.121212121212121,0.0,60.0,11.696428571428571,0.0,0.0,0.0,0.0,0.0,0.0,0.0,0.0,0.0,58.333333333333336,0.0,0.0,5.0,0.0,0.0,0.0,42.738095238095234,0.0,3.125,0.0,0.0,0.0,0.0,0.0,0.0,0.0,0.0,47.22222222222222,0.0,0.0,0.0,0.0,0.0,0.0,0.0,0.0,0.0,1.1904761904761905,3.125,0.0,10.0,5.0,0.0,0.0,0.0,0.0,0.0,0.0,0.0,0.0,0.0,0.0,0.0,0.0,6.25,0.0,0.0,0.0,0.0,0.0,0.0
2489.4002525252527,601.7532467532468,1488.0555555555557,151.5625,602.5,420.20833333333337,1032.9166666666667,471.1607142857143,133.33333333333334,780.5019841269841,587.9563492063492,1308.888888888889,903.6805555555555,252.08333333333334,162.08333333333334,184.51388888888889,73.61111111111111,453.33333333333337,223.33333333333334,881.25,1411.0218253968253,534.9305555555555,195.83333333333334,181.57142857142858,191.66666666666666,185.41666666666669,973.3066239316239,586.3194444444445,151.04166666666666,119.58333333333334,214.16666666666669,56.25,147.02380952380952,29.166666666666664,312.0833333333333,108.33333333333334,75.83333333333333,84.16666666666667,6.25,338.9583333333333,142.00757575757575,316.9246031746032,138.57142857142856,252.08333333333334,260.06944444444446,5.0,71.25,186.25,85.34722222222223,0.0,227.5,97.1875,100.625,181.25,134.79166666666666,87.5,25.0,310.625,100.0,119.09722222222223,54.16666666666667,33.333333333333336,208.33333333333334,143.0654761904762,41.66666666666667,86.66666666666667,41.66666666666667,78.125,20.833333333333336,187.5,335.0,10.416666666666668,41.66666666666667,4.166666666666667,41.605571847507335,39.583333333333336,37.916666666666664,52.083333333333336,93.05555555555556,287.5,33.333333333333336,96.25,43.75,8.333333333333334,75.0,56.25,2.7737047898338223,2.7737047898338223,0.0,0.0,2.7737047898338223,0.0,33.333333333333336,70.83333333333334,74.58333333333333,58.333333333333336,72.5,54.16666666666667,29.166666666666668,2.7737047898338223,2.7737047898338223,2.7737047898338223,27.737047898338222,33.333333333333336,4.166666666666667,10.0,68.75,31.25,0.0,50.0,25.0,12.5,25.0,68.93939393939394,2.7777777777777777,16.666666666666668,11.11111111111111,20.833333333333336,0.0,37.5,1.923076923076923,0.0,0.0,15.416666666666668,16.666666666666668,47.91666666666667,18.229166666666668,0.0,10.416666666666668,18.75,12.5,11.25,37.5,38.125,56.25,0.0,75.0,11.458333333333334,0.0,6.25,191.66666666666666,0.0,25.0,29.305555555555557,6.25,12.5,0.0,3.125,32.22222222222222,14.583333333333334,25.0,16.11111111111111,0.0,20.833333333333336,21.95283882783883,1.6666666666666667,0.0,25.0,25.0,25.0,8.333333333333334,56.25,29.166666666666668,50.0,0.0,2.7777777777777777,0.0,25.0,0.0,0.0,12.5,0.0,3.125,0.0,0.0,0.0,0.0,0.0,0.0,0.0,8.333333333333334,8.75,25.0,0.0,20.0,0.0,0.625,8.333333333333334,25.0,0.0,0.0,0.0,0.0,2.0833333333333335,0.0,12.152777777777779,0.0,6.25,12.5,0.0,0.0,0.0,0.0,0.0,5.0,0.0,0.0,0.0,62.5,37.5,0.0,0.0,0.0,0.0,0.0,0.0,33.333333333333336,0.0,33.333333333333336,0.0,50.0,0.0,31.25,0.0,0.0,0.0,0.0,0.0,0.0,16.666666666666668,0.0,0.0,16.666666666666668,0.0,0.0,0.0,0.0,0.0,0.0,0.0,0.0,0.0,180.55555555555557,0.0,0.0,0.0,0.0,0.0,0.0
2004.7232142857142,844.9503968253969,394.82142857142856,9.25,31.25,78.5,428.4761904761905,148.91666666666666,159.58333333333334,830.4722222222222,119.75,816.9672619047619,288.7797619047619,192.0,116.66666666666667,113.91666666666667,35.0,62.01190476190476,45.30952380952381,253.22222222222223,579.4444444444445,18.333333333333336,42.25,30.77777777777778,72.22222222222223,111.54761904761905,248.5,153.08333333333334,32.291666666666664,44.75,125.97222222222223,32.708333333333336,21.25,49.16666666666667,20.833333333333336,7.5,45.16666666666667,92.01785714285714,0.0,299.48611111111114,53.083333333333336,157.08333333333334,25.0,20.833333333333336,18.75,57.91666666666667,47.91666666666667,38.541666666666664,14.583333333333334,12.5,101.25,114.40476190476191,15.0,16.071428571428573,31.48809523809524,0.0,23.500000000000004,300.55555555555554,0.0,1.6666666666666667,0.0,25.0,70.0,7.5,8.333333333333334,25.0,5.0,6.25,4.166666666666667,107.08333333333334,42.833333333333336,0.625,83.33333333333333,39.01785714285714,8.321114369501467,0.0,3.571428571428571,0.0,0.0,35.20833333333333,0.0,1.6666666666666667,6.25,16.666666666666668,0.0,49.583333333333336,0.5547409579667645,0.5547409579667645,0.0,0.0,0.5547409579667645,0.0,100.83333333333334,1.0,0.0,12.5,0.0,0.0,0.0,0.5547409579667645,0.5547409579667645,0.5547409579667645,5.547409579667645,0.0,14.017857142857142,0.0,0.0,16.666666666666668,18.75,0.0,41.66666666666667,74.16666666666667,17.857142857142854,0.0,0.0,25.0,4.166666666666667,62.083333333333336,4.166666666666667,5.0,27.5,0.0,25.875,0.0,0.0,6.25,7.777777777777778,0.0,5.0,5.0,0.0,5.0,7.916666666666667,0.0,8.75,0.0,43.75,0.0,7.803030303030303,0.0,0.0,0.0,136.48809523809524,1.25,6.25,6.666666666666667,0.0,3.125,0.0,0.0,0.0,0.0,0.0,0.0,0.0,2.5,0.0,0.0,0.0,30.166666666666668,0.0,0.0,0.0,0.0,0.0,5.0,0.0,0.0,0.0,0.0,119.16666666666667,0.0,0.0,0.0,0.0,0.0,8.958333333333334,0.0,0.0,0.0,0.0,104.88095238095238,0.0,5.0,0.0,0.0,0.0,0.0,0.0,0.0,0.0,8.333333333333334,3.125,0.0,0.0,0.0,0.0,33.75,12.5,0.0,0.0,0.0,1.0,10.833333333333334,27.5,0.0,0.0,0.0,5.0,0.0,0.0,0.0,0.0,0.0,0.0,0.0,0.0,2.5,0.0,0.0,0.0,0.0,0.0,0.0,0.0,0.0,0.0,0.0,0.0,0.0,0.0,0.0,0.0,0.0,0.0,0.0,0.0,0.0,0.0,0.0,0.0,0.0,0.0,0.0,0.0,0.0,0.0,0.0,12.5
272.2916666666667,25.0,5.0,31.944444444444443,12.5,16.666666666666668,25.0,0.0,0.0,4.166666666666667,0.0,25.0,0.0,0.0,0.0,0.0,0.0,0.0,0.0,0.0,0.0,0.0,0.0,0.0,4.166666666666667,0.0,0.0,0.0,25.0,0.0,0.0,0.0,25.0,0.0,0.0,0.0,42.64705882352941,0.0,8.333333333333334,0.0,0.0,0.0,0.0,0.0,0.0,4.166666666666667,0.0,0.0,0.0,0.0,0.0,0.0,0.0,25.0,0.0,0.0,0.0,0.0,25.0,0.0,0.0,0.0,0.0,0.0,0.0,0.0,0.0,0.0,0.0,0.0,0.0,0.0,0.0,0.0,0.0,0.0,0.0,0.0,0.0,0.0,0.0,0.0,0.0,0.0,0.0,0.0,0.0,0.0,47.31617647058824,25.0,0.0,0.0,0.0,0.0,0.0,0.0,0.0,0.0,0.0,0.0,0.0,0.0,0.0,0.0,0.0,0.0,0.0,0.0,0.0,12.5,0.0,0.0,0.0,0.0,0.0,0.0,0.0,0.0,0.0,0.0,0.0,0.0,0.0,0.0,0.0,0.0,0.0,0.0,0.0,0.0,0.0,0.0,0.0,0.0,0.0,0.0,0.0,0.0,0.0,25.0,0.0,0.0,0.0,0.0,0.0,0.0,0.0,0.0,0.0,0.0,0.0,0.0,0.0,0.0,0.0,0.0,0.0,0.0,0.0,0.0,0.0,0.0,0.0,0.0,0.0,0.0,4.166666666666667,0.0,0.0,0.0,0.0,0.0,0.0,0.0,0.0,0.0,0.0,0.0,0.0,0.0,0.0,0.0,0.0,0.0,0.0,0.0,0.0,0.0,0.0,12.5,0.0,0.0,0.0,0.0,12.5,0.0,0.0,0.0,0.0,0.0,0.0,12.941176470588236,0.0,0.0,0.0,0.0,0.0,0.0,0.0,0.0,0.0,0.0,6.470588235294118,0.0,0.0,0.0,0.0,0.0,0.0,0.0,0.0,0.0,0.0,0.0,0.0,0.0,0.0,0.0,0.0,0.0,0.0,0.0,0.0,0.0,0.0,0.0,0.0,0.0,0.0,0.0,0.0,0.0,0.0,0.0,0.0,0.0,0.0,0.0,0.0
4399.27907046657,1746.314484126984,1552.7232142857142,1231.5972222222222,2648.5209235209236,2967.230567226891,2594.249549062049,1119.9908910533911,1471.438492063492,4982.028679653679,2556.815476190476,1618.6607142857142,1059.938141923436,741.1426767676768,2407.225012732366,684.0261994949495,0.7352941176470588,965.0297619047619,265.89285714285717,958.561507936508,4192.246572871573,3203.692175879676,320.11904761904765,1678.9375,998.2242063492064,1173.9583333333333,2703.887896825397,2668.8665674603176,269.5833333333333,661.2797619047619,1186.34604978355,663.7261002886003,16.333333333333336,85.11904761904762,1095.650668775669,279.3154761904762,17.5,440.23313492063494,211.43939393939394,513.2738095238095,967.3511904761905,542.6488095238095,2065.8531746031745,532.8021284271284,1296.8650793650795,548.0654761904761,407.4601370851371,2192.467622655123,138.89880952380952,110.41666666666667,98.90128968253968,198.0654761904762,1107.6488095238096,19.166666666666668,217.5,224.51388888888889,196.04166666666669,143.7251984126984,340.625,143.05555555555554,237.08333333333334,136.18055555555557,6.527777777777778,91.71626984126985,46.18055555555556,639.5535714285714,282.26190476190476,120.23809523809524,64.58333333333333,2199.7064393939395,72.4702380952381,197.41815476190476,119.65277777777779,76.25,25.0,280.0595238095238,15.0,182.08333333333334,510.6547619047619,102.59559884559884,86.875,139.58333333333334,135.9325396825397,175.109126984127,5.555555555555555,0.0,0.0,0.0,95.57234432234432,496.67676767676767,0.0,405.01488095238096,38.75,126.19047619047619,237.67857142857144,355.81349206349205,236.21031746031747,213.37301587301587,132.46527777777777,0.0,0.0,0.0,0.0,174.43452380952382,4.166666666666667,398.4334415584416,383.640873015873,171.8154761904762,12.5,100.83333333333334,253.60119047619048,0.0,146.25,51.592592592592595,427.0833333333333,0.0,133.00595238095238,25.0,146.93452380952382,395.9821428571429,73.33333333333334,120.83333333333333,9.166666666666668,68.75,537.7240896358544,105.53571428571429,12.5,8.333333333333334,0.0,67.99603174603175,138.95833333333334,835.4560574229693,3.571428571428571,26.38888888888889,110.14880952380952,202.5,25.34722222222222,12.878787878787879,0.0,68.84920634920636,0.9259259259259258,1.3888888888888888,173.95833333333334,49.13194444444445,171.66666666666666,42.0,186.91666666666666,57.0247113997114,36.31410256410256,5.0,64.73214285714286,18.15705128205128,85.0,28.80952380952381,171.25,0.0,0.0,15.0,0.0,30.0,8.333333333333334,0.0,6.25,334.2857142857143,25.0,4.166666666666667,49.78670634920635,0.0,75.83333333333333,5.0,25.0,12.321428571428571,18.333333333333336,36.64366883116883,5.0,0.0,0.0,18.125,1.8518518518518516,8.333333333333334,61.160714285714285,177.38095238095238,31.25,0.0,0.0,0.0,0.0,0.0,10.9375,0.0,0.0,48.52272727272727,0.0,0.0,9.375,27.083333333333336,0.0,0.0,75.41666666666667,5.0,0.0,93.48901098901099,0.0,0.0,0.0,0.0,53.333333333333336,0.0,0.0,76.66666666666667,1.0416666666666667,21.25,46.744505494505496,20.0,0.0,0.0,0.0,0.0,4.166666666666667,0.0,11.25,5.0,83.02083333333334,0.0,0.0,0.0,3.3333333333333335,51.875,0.0,153.95833333333334,10.416666666666668,0.0,8.571428571428571,1.3888888888888888,0.0,19.564393939393938,0.0,0.0,0.0,12.5,0.0,0.0,0.0,15.0,12.5,0.0,0.0,0.0,12.5
1241.4037698412699,131.25,412.77462121212125,11.458333333333334,111.11111111111111,43.19444444444444,393.8492063492064,97.56944444444444,90.07936507936508,226.59722222222223,160.83333333333334,300.17361111111114,248.68055555555557,243.66071428571428,36.80555555555556,134.375,146.875,179.11764705882354,128.125,120.68452380952381,503.63153594771245,104.16666666666667,20.833333333333332,20.833333333333336,85.76388888888889,85.69444444444444,744.4444444444445,320.83333333333337,110.41666666666667,0.0,68.75,84.72222222222223,92.70833333333334,68.75,15.277777777777779,46.89542483660131,22.84722222222222,41.66666666666667,14.583333333333334,40.625,9.375,14.23611111111111,45.833333333333336,13.541666666666668,26.38888888888889,5.0,8.333333333333334,5.208333333333334,9.375,12.5,101.04166666666667,98.66071428571429,14.583333333333334,49.33712121212121,31.875,7.5,53.47222222222223,101.73611111111111,9.920634920634921,12.5,30.555555555555557,38.19444444444444,81.25,0.0,27.083333333333332,4.166666666666667,6.25,8.333333333333334,25.0,7.291666666666667,126.18055555555556,23.958333333333336,0.0,23.541666666666668,11.196524064171122,3.125,9.375,0.0,3.125,0.0,0.0,45.833333333333336,0.0,13.541666666666668,6.25,315.8479020979021,0.7464349376114081,0.7464349376114081,0.0,0.0,0.7464349376114081,25.0,12.5,23.958333333333336,0.0,35.41666666666667,33.333333333333336,0.0,6.944444444444445,0.7464349376114081,0.7464349376114081,0.7464349376114081,7.464349376114082,0.0,19.375,0.0,12.5,0.0,4.166666666666667,8.333333333333334,0.0,127.70833333333334,0.0,3.125,0.0,25.0,0.0,8.333333333333334,6.25,6.25,78.92361111111111,0.0,16.875,6.25,0.0,0.0,30.82010582010582,4.166666666666667,0.0,15.625,0.0,0.0,20.833333333333336,6.25,19.72222222222222,0.0,0.0,0.0,16.666666666666668,0.0,104.6875,3.125,0.0,4.166666666666667,0.0,13.75,0.0,0.0,0.0,3.125,0.0,0.0,0.0,0.0,0.0,31.944444444444446,0.0,0.0,0.0,13.541666666666668,0.0,14.583333333333334,0.0,12.5,3.125,0.0,0.0,12.5,12.5,0.0,8.333333333333334,0.0,0.0,0.0,0.0,3.3333333333333335,3.7037037037037033,8.333333333333334,0.0,3.75,0.0,0.0,16.666666666666668,11.458333333333334,0.0,0.0,0.0,0.0,0.0,0.0,0.0,0.0,0.0,0.0,0.0,0.0,0.0,63.958333333333336,0.0,0.0,0.0,0.0,3.125,5.0,0.0,8.452380952380953,0.0,33.80952380952381,0.0,0.0,0.0,0.0,0.0,4.166666666666667,0.0,0.0,0.0,0.0,0.0,0.0,0.0,6.25,0.0,0.0,0.0,0.0,0.0,12.5,15.347222222222221,0.0,0.0,0.0,0.0,0.0,0.0,0.0,0.0,0.0,0.0,0.0,0.0,0.0,0.0,0.0,0.0,0.0,2.0833333333333335,0.0,0.0
508.2638888888889,31.43939393939394,166.66666666666669,62.5,30.833333333333336,103.125,327.67195767195767,46.875,113.88888888888889,223.95833333333334,265.27777777777777,156.04166666666666,32.986111111111114,113.54166666666667,35.416666666666664,396.4099326599327,43.05555555555556,68.05555555555556,1.6666666666666667,217.40079365079364,119.23611111111111,41.66666666666667,11.11111111111111,8.333333333333334,25.833333333333332,25.0,115.625,85.41666666666667,18.75,25.0,114.86111111111111,15.833333333333334,0.0,27.822871572871573,203.33333333333334,8.333333333333334,10.0,0.0,8.333333333333334,16.805555555555557,0.0,230.625,0.0,3.125,12.5,18.75,0.0,0.0,81.25,267.36652236652236,81.25,0.0,0.0,25.0,8.333333333333334,70.83333333333334,50.0,150.55555555555557,0.0,5.0,23.055555555555557,12.5,0.0,3.125,6.25,0.0,0.0,0.0,124.62962962962963,43.33333333333333,10.0,25.0,0.0,0.0,0.0,0.0,8.333333333333334,0.0,0.0,6.25,0.0,4.166666666666667,0.0,0.0,6.25,6.25,0.0,0.0,0.0,0.0,0.0,0.0,0.0,50.0,0.0,29.166666666666668,0.0,0.0,0.0,0.0,0.0,0.0,0.0,1.6666666666666667,0.0,0.0,0.0,0.0,0.0,0.0,8.333333333333334,29.166666666666668,0.0,0.0,0.0,0.0,540.6216931216932,6.25,0.0,0.0,3.125,0.0,8.333333333333334,25.0,25.0,0.0,0.0,0.0,0.0,0.0,4.166666666666667,0.0,0.0,0.0,9.722222222222221,0.0,0.0,0.0,6.25,0.0,0.0,0.0,5.0,0.0,0.0,0.0,0.0,0.0,8.333333333333332,0.0,0.0,4.166666666666666,0.0,25.0,0.0,0.0,10.0,45.74074074074074,0.0,0.0,2.0833333333333335,0.0,0.0,0.0,0.0,0.0,0.0,0.0,12.5,0.0,0.0,0.0,0.0,23.88888888888889,3.125,0.0,0.0,4.166666666666667,0.0,0.0,0.0,0.0,0.0,0.0,6.0606060606060606,0.0,0.0,0.0,0.0,0.0,0.0,8.333333333333334,5.0,0.0,0.0,0.0,0.0,2.5,0.0,0.0,0.0,0.0,0.0,0.0,0.0,2.272727272727273,0.0,9.090909090909092,0.0,8.333333333333334,0.0,0.0,0.0,0.0,0.0,0.0,0.0,0.0,0.0,0.0,0.0,0.0,0.0,0.0,0.0,0.0,0.0,0.0,0.0,0.0,0.0,0.0,0.0,0.0,6.25,0.0,0.0,0.0,0.0,0.0,0.0,0.0,0.0,0.0,0.0,0.0,0.0,0.0,0.0
3513.7169312169312,666.8154761904761,1847.202380952381,108.33333333333333,199.86111111111111,309.86111111111114,1199.5651455026455,89.30555555555556,232.53968253968253,525.7956349206349,671.1904761904761,2617.1428571428573,1125.9027777777778,306.94444444444446,196.1904761904762,1007.371632996633,134.72222222222223,169.86111111111111,310.0,453.6309523809524,603.5019841269841,410.0,117.0138888888889,47.66666666666667,55.833333333333336,354.484126984127,602.1527777777778,810.3125,113.75,94.79166666666667,215.11093073593074,84.24603174603175,8.333333333333334,38.96825396825397,133.61111111111111,42.15277777777778,100.0,74.47916666666667,43.75,657.311507936508,34.583333333333336,590.814393939394,1.0416666666666667,243.33333333333334,56.25,23.333333333333336,64.16666666666667,123.33333333333334,97.73809523809524,169.09992784992784,283.33333333333337,129.73214285714286,519.4494047619048,101.66666666666667,223.33333333333334,16.11111111111111,50.0,357.0138888888889,12.916666666666668,57.87698412698413,111.11111111111111,5.0,26.25,37.5,29.166666666666668,231.25,0.0,2.7777777777777777,62.31481481481482,385.0,165.87301587301587,121.36904761904762,44.861111111111114,23.333333333333336,17.424242424242426,1.25,7.5,25.0,111.11111111111111,0.0,66.66666666666667,157.08333333333331,10.277777777777779,29.166666666666668,37.5,12.5,1.1616161616161618,1.1616161616161618,0.0,2.5,1.1616161616161618,25.0,223.51190476190476,343.4821428571429,30.654761904761905,0.0,1.5625,29.166666666666668,8.333333333333334,1.1616161616161618,1.1616161616161618,1.1616161616161618,11.616161616161618,1.6666666666666667,0.0,0.0,8.333333333333334,6.25,27.916666666666668,38.095238095238095,58.333333333333336,79.16666666666667,0.0,52.592592592592595,0.0,0.0,282.8108465608466,25.0,0.0,25.0,0.0,50.80128205128205,11.25,6.25,18.055555555555557,32.5,10.416666666666668,2.0833333333333335,8.333333333333334,18.75,25.0,17.5,0.0,68.88888888888889,27.77777777777778,0.0,34.72222222222222,0.0,0.0,12.5,13.425925925925926,0.0,40.625,2.7777777777777777,2.0833333333333335,33.33333333333333,41.666666666666664,0.0,19.444444444444443,8.333333333333334,1.1904761904761905,9.722222222222221,0.0,8.333333333333334,50.0,0.0,10.0,45.78703703703704,0.0,0.0,16.666666666666668,0.0,4.166666666666667,0.0,0.0,0.0,0.0,0.0,4.166666666666667,0.0,0.0,60.41666666666667,9.375,11.944444444444445,0.0,0.0,0.0,47.91666666666667,1.8518518518518516,0.0,0.0,176.90018315018315,0.0,0.0,0.0,53.84615384615385,1.875,0.0,0.0,0.0,10.0,0.0,0.0,4.166666666666667,0.0,50.0,12.5,5.0,0.0,0.0,13.333333333333334,0.0,0.0,200.0,0.0,15.408549783549784,0.0,61.634199134199136,12.5,20.833333333333336,0.0,0.0,0.0,0.0,13.125,0.625,0.0,0.0,0.0,0.0,0.0,0.0,6.25,0.0,0.0,0.35714285714285715,3.3333333333333335,0.0,0.0,0.0,0.0,0.0,33.333333333333336,1.3888888888888888,0.0,0.0,0.0,11.30952380952381,0.0,0.0,0.0,0.0,361.11111111111114,0.0,0.0,0.0,0.0,0.0,0.0
5097.098544973545,537.3462301587301,2712.3863636363635,726.4583333333334,630.327380952381,782.0297619047619,1898.6401593575506,1560.1651334776336,2282.0386904761904,1526.3912337662339,2873.154761904762,1689.781746031746,1697.0413165266107,1842.572496947497,2083.782913165266,688.0654761904763,259.4852941176471,1534.5171957671957,1303.095238095238,2757.154761904762,1368.7599206349207,922.0034269670898,1332.9265873015872,1485.5119047619048,599.0530303030304,2433.0555555555557,1487.0694444444446,4618.392857142857,378.4449404761905,201.28472222222223,748.8228785103786,1150.029761904762,103.25,300.9375,1366.6021825396826,179.265873015873,83.77976190476191,216.25,466.14583333333337,1573.794642857143,607.0337301587301,1065.186507936508,225.7390873015873,596.7559523809524,780.3526334776335,253.45941558441558,1088.7420634920636,609.4880952380953,119.76934523809524,147.71825396825398,316.1645962732919,300.13723544973544,812.0882936507937,155.9156976744186,309.40972222222223,258.7504509379509,498.5763888888889,320.54563492063494,430.69444444444446,147.63888888888889,371.875,138.42261904761904,177.63888888888889,368.1060606060606,214.92559523809524,411.01686507936506,144.26767676767676,312.8720238095238,30.729166666666668,452.32142857142856,119.55357142857143,106.25,265.55555555555554,99.375,33.79875504918772,284.02777777777777,81.66666666666667,219.34722222222223,64.02777777777777,62.202380952380956,278.15025252525254,85.97222222222223,678.4722222222223,199.88636363636365,221.07142857142858,288.95833333333337,2.2532503366125143,2.2532503366125143,38.61471861471861,400.19642857142856,2.2532503366125143,27.22222222222222,17.36111111111111,132.02380952380952,607.3958333333334,168.17460317460316,321.3323643410853,335.43650793650795,105.90277777777779,2.2532503366125143,2.2532503366125143,7.80880589216807,22.532503366125145,833.9980158730159,27.708333333333336,244.0376984126984,88.64583333333334,60.06944444444445,23.75,194.02777777777777,232.1875,18.333333333333336,109.65277777777777,61.300925925925924,25.0,45.833333333333336,104.00462962962963,79.0625,220.625,539.2063492063493,279.7916666666667,77.08333333333334,0.0,158.75,210.9672619047619,266.59722222222223,57.44047619047619,71.14583333333333,89.47916666666667,132.15277777777777,61.66666666666667,478.71031746031747,143.75,51.736111111111114,212.67857142857144,55.0,44.72222222222222,47.232142857142854,167.22222222222223,26.279761904761905,170.8594807432017,6.458333333333334,66.63690476190476,172.36111111111111,144.375,82.51388888888889,129.75,190.34722222222223,59.02298605786978,126.90476190476191,30.044642857142858,29.51149302893489,4.166666666666667,91.38888888888889,137.36111111111111,19.791666666666668,10.208333333333334,262.22222222222223,116.96428571428572,483.82440476190476,53.47222222222222,119.79166666666667,118.05555555555556,104.79166666666667,0.0,38.72863247863248,9.027777777777779,25.0,253.0952380952381,57.5,17.1875,49.10714285714286,14.583333333333334,73.26388888888889,37.5,80.35714285714286,68.36805555555556,103.54166666666667,10.185185185185185,102.91666666666667,33.333333333333336,114.56845238095238,9.375,8.333333333333334,5.0,129.16666666666669,2.7777777777777777,12.5,26.041666666666668,0.0,1.5625,26.944444444444443,0.0,43.19444444444444,4.166666666666667,8.194444444444445,52.77777777777778,20.833333333333336,68.64583333333333,41.46825396825397,0.0,27.976190476190478,5.0,20.833333333333336,21.25,10.948067632850242,70.0,43.792270531400966,6.25,130.5952380952381,1.5692640692640691,29.91341991341991,30.654761904761905,42.916666666666664,15.277777777777779,6.25,2.0833333333333335,0.0,9.375,0.0,37.083333333333336,30.615079365079367,194.16666666666669,31.25,12.5,0.0,16.52777777777778,37.083333333333336,11.458333333333334,10.416666666666668,12.5,25.0,50.0,1.3888888888888888,8.035714285714285,10.069444444444445,32.5,6.25,0.0,2.0833333333333335,0.0,3.125,43.05555555555556,14.166666666666668,42.013888888888886,0.0,0.0,0.0,20.0
1121.5118078508506,142.85166940339354,809.4642857142858,299.2216810966811,466.0929232804233,619.8412698412699,908.4637901609884,475.48050608395437,250.2058531746032,480.955762987013,248.7202380952381,677.3247354497355,931.6691396838456,576.454422800299,25.208333333333336,205.08942446442447,137.08333333333334,185.68452380952382,60.01488095238095,1362.3215612002377,692.6538369201969,174.80654761904762,648.3556547619048,38.913690476190474,233.51190476190476,408.9741781498247,817.4206349206349,833.1220238095239,609.8235744140917,171.66666666666669,313.2881916933641,70.27586996336997,31.845238095238095,81.875,133.6492135315665,47.5,41.79067460317461,73.95833333333333,97.08333333333334,197.76785714285714,123.30357142857143,105.53571428571429,100.86805555555556,102.91886651261652,601.9329853153382,397.83730158730157,10.416666666666668,39.285714285714285,129.24004515599344,156.51785714285714,23.958333333333336,306.3379145696219,119.25189393939394,26.041666666666668,0.0,32.395833333333336,7.291666666666667,4.6875,88.05555555555556,67.50045093795094,4.166666666666667,48.854166666666664,97.89434523809524,118.28881766381767,27.5,7.5396825396825395,2.0833333333333335,11.25,0.0,6.25,68.8568376068376,66.66666666666667,8.333333333333334,21.444235588972433,120.51872979870454,56.04166666666667,7.291666666666667,275.61011904761904,4.583333333333334,165.03635408807824,212.63040834613415,5.9523809523809526,64.13690476190476,0.9615384615384615,33.51190476190476,93.64547038327527,6.506804208802524,6.506804208802524,96.79271708683474,21.32936507936508,6.506804208802524,37.84123563218391,18.75,7.8125,3.125,20.27777777777778,59.345238095238095,23.125,48.660714285714285,6.506804208802524,6.506804208802524,6.506804208802524,65.06804208802525,50.208333333333336,14.152568922305765,150.53571428571428,40.92261904761905,100.41666666666667,40.848214285714285,78.76488095238095,0.0,99.60813492063492,133.953373015873,4.166666666666667,6.696428571428571,124.15075944170772,19.49404761904762,1.7857142857142856,52.67857142857143,29.017857142857142,20.416666666666668,3.125,20.833333333333336,27.083333333333336,25.0,0.0,157.8360073868257,2.5,33.75,0.0,3.6458333333333335,0.0,48.888888888888886,12.916666666666668,2.0833333333333335,6.666666666666667,4.166666666666667,98.06826713076714,41.66666666666667,62.60416666666667,24.166666666666668,14.523809523809524,0.0,1.5625,0.0,1.25,59.82142857142857,1.5625,18.40277777777778,18.4375,0.0,9.20138888888889,6.818181818181818,0.0,55.206043956043956,7.5176508344030815,121.89458020050125,0.0,9.375,44.79166666666667,37.083333333333336,52.604166666666664,2.5,20.833333333333332,12.5,0.2976190476190476,7.5,74.0327380952381,1.25,36.80555555555556,2.0833333333333335,0.0,4.166666666666667,0.0,0.78125,0.0,58.47039473684211,6.25,4.285714285714286,21.577380952380953,17.77777777777778,0.0,38.611111111111114,6.845238095238095,89.50103057861679,0.6097560975609756,30.853174603174605,11.805555555555555,0.0,282.1759259259259,21.89484126984127,0.0,15.277777777777779,0.0,44.791666666666664,6.25,0.0,0.0,0.0,0.0,15.104166666666668,7.291666666666667,2.0833333333333335,0.0,0.0,0.8928571428571428,0.0,3.571428571428571,0.0,0.0,0.0,0.0,3.6458333333333335,0.0,13.601190476190476,0.0,0.0,17.77777777777778,8.296130952380953,40.67460317460318,3.125,18.452380952380953,0.0,7.083333333333334,53.5218253968254,0.0,5.729166666666667,17.916666666666668,22.916666666666664,0.0,50.05952380952381,1.25,0.0,30.43154761904762,0.0,5.344742063492063,2.0833333333333335,12.5,17.5,1.5151515151515151,33.66147741147741,0.0,0.0,1.7857142857142856,4.017857142857142,8.333333333333334,8.110119047619047,8.333333333333334,0.0
1600.9350994185554,240.3844246031746,207.56380772005772,162.61363636363637,289.18650793650795,231.83170995670997,444.15064102564105,217.00396825396825,190.8270202020202,463.47638472638477,175.94510582010582,271.6666666666667,190.86309523809524,157.07142857142858,36.875,207.38095238095238,52.083333333333336,144.29651251526252,200.7905505952381,831.5542328042328,331.4583333333333,158.9310893355011,111.01190476190476,41.66666666666667,235.625,365.53841991341994,147.49255952380952,371.6666666666667,133.68055555555554,114.55476508785333,658.125,81.46825396825398,0.78125,37.5,253.5741341991342,38.333333333333336,25.0,111.55303030303031,16.666666666666668,58.4375,70.0,149.76190476190476,14.676339285714286,79.51388888888889,93.22916666666667,5.769230769230768,50.0,114.48750901875901,157.73809523809524,40.53921568627451,115.0,294.0515873015873,38.57142857142858,16.666666666666668,13.461538461538462,67.88690476190476,70.83333333333333,0.0,59.16666666666667,36.458333333333336,137.5,25.0,10.79695767195767,450.47003777472526,16.07142857142857,90.83333333333333,55.0,30.982142857142854,6.25,2.0833333333333335,0.0,25.0,0.0,51.866883116883116,10.416666666666666,157.5,0.0,50.0,37.5,0.0,8.402777777777779,8.333333333333334,9.375,1.7857142857142856,28.57142857142857,64.6875,0.6944444444444444,0.6944444444444444,22.632575757575758,26.81818181818182,0.6944444444444444,5.431547619047619,0.0,0.0,6.25,23.214285714285715,0.0,0.0,0.0,0.6944444444444444,0.6944444444444444,0.6944444444444444,6.944444444444445,25.0,51.866883116883116,123.51370035193564,0.0,0.0,75.0,15.694444444444445,0.0,0.0,23.214285714285715,12.5,50.0,29.791666666666668,8.333333333333334,3.571428571428571,25.0,0.0,0.0,0.0,3.125,0.0,0.0,0.0,0.0,12.5,0.0,15.625,0.0,62.5,4.166666666666667,0.0,0.0,38.88888888888889,12.5,9.375,0.0,10.0,0.0,9.545454545454547,0.0,0.0,8.333333333333334,0.0,0.0,18.333333333333336,12.669683257918551,0.0,10.416666666666668,6.334841628959276,0.0,4.166666666666667,0.0,0.0,0.0,50.0,25.0,0.0,0.0,3.766025641025641,8.333333333333334,0.0,0.0,7.348484848484849,2.5,3.0,0.0,0.0,0.0,15.625,0.0,0.0,0.0,50.0,0.0,0.0,0.0,0.0,0.0,0.0,0.0,0.0,0.0,20.833333333333336,55.50595238095238,0.0,32.29166666666667,16.666666666666668,8.333333333333334,2.272727272727273,8.125,10.294117647058822,27.430555555555557,0.0,0.0,0.0,0.0,0.0,31.944444444444443,13.257575757575758,0.0,0.0,0.0,2.272727272727273,0.0,9.090909090909092,0.0,15.0,0.0,0.0,6.628787878787879,0.0,50.23148148148148,0.0,0.0,0.0,0.0,12.053571428571427,0.0,6.25,3.571428571428571,0.0,8.333333333333332,0.0,0.0,0.0,0.0,0.0,0.0,0.0,4.166666666666667,0.0,4.166666666666667,0.0,5.0,0.0,56.07142857142857,12.5,0.0,4.166666666666667,0.0,0.0,0.0,0.0,0.0,0.0,0.0
653.7797619047619,50.17857142857143,193.75,112.88690476190476,7.083333333333334,127.14556277056278,394.55357142857144,132.84722222222223,100.89285714285714,48.80952380952381,68.50198412698413,273.75,388.640873015873,43.05555555555556,157.67857142857142,477.70833333333337,13.333333333333332,28.125,51.38888888888889,571.3598785473786,783.546176046176,5.0,77.77777777777779,25.0,0.0,6.944444444444445,163.33333333333334,257.0287698412698,12.5,15.0,65.63852813852814,44.861111111111114,87.70833333333334,4.166666666666667,6.25,48.958333333333336,14.583333333333334,11.904761904761905,8.333333333333334,696.6212722462723,27.916666666666668,86.66666666666667,13.591269841269842,27.22222222222222,21.825396825396826,26.785714285714285,7.738095238095237,14.583333333333334,59.345238095238095,21.875,77.97619047619048,254.96031746031747,94.44444444444444,66.66666666666667,70.11904761904762,0.0,19.444444444444443,52.361111111111114,37.5,19.583333333333332,29.285714285714285,8.333333333333334,0.0,0.0,33.333333333333336,29.166666666666664,12.5,0.0,8.333333333333334,16.071428571428573,0.0,17.36111111111111,4.166666666666666,5.357142857142858,0.0,40.625,11.458333333333334,0.0,40.23809523809524,2.0833333333333335,0.0,25.0,8.928571428571427,1.0416666666666667,0.0,14.583333333333334,0.0,0.0,0.0,19.02777777777778,0.0,0.0,13.69047619047619,52.083333333333336,0.0,0.0,0.0,12.5,6.25,0.0,0.0,0.0,0.0,5.625,0.0,0.0,4.166666666666667,0.0,6.388888888888889,0.0,0.0,6.25,12.5,0.0,36.11111111111111,0.0,0.0,0.0,0.0,0.0,0.0,6.25,7.3484848484848495,0.0,0.0,0.0,0.0,0.0,4.166666666666666,0.0,20.0,0.0,0.0,0.0,0.0,2.0833333333333335,0.0,0.0,50.0,0.0,0.0,0.0,66.01190476190476,0.0,0.0,8.333333333333334,49.70238095238095,0.0,5.0,0.0,0.0,2.5,0.0,0.0,8.333333333333334,0.0,5.555555555555555,3.125,25.0,0.0,0.0,0.0,0.0,0.0,2.7777777777777777,0.0,0.0,25.0,0.0,0.0,0.0,4.166666666666667,0.0,0.0,0.0,0.0,0.0,0.0,0.0,0.0,0.0,16.666666666666668,0.0,2.7777777777777777,0.0,4.166666666666667,0.0,4.166666666666667,0.0,0.0,4.166666666666667,0.0,0.0,0.0,0.0,0.0,6.25,0.0,0.0,6.25,0.0,0.0,0.0,0.0,0.0,0.0,0.0,0.0,0.0,0.0,0.0,0.0,0.0,0.0,0.0,0.0,0.0,0.0,0.0,0.0,0.0,0.0,0.0,0.0,0.0,1.1904761904761905,0.0,0.0,0.0,0.0,0.0,0.0,0.0,0.0,0.0,0.0,0.0,0.0,0.0,0.0,0.0,6.25,0.0,0.0,0.0,0.0,0.0,0.0,0.0
5629.715909090909,930.5059523809524,1358.0555555555557,15.0,777.0833333333334,466.0416666666667,757.9166666666666,564.375,59.464285714285715,1042.0833333333333,826.1111111111111,1917.0833333333333,364.7718253968254,237.5,490.8333333333333,379.1666666666667,48.611111111111114,542.0833333333334,217.08333333333334,822.3611111111111,1584.375,251.25,16.666666666666668,87.5,147.56944444444446,187.17261904761907,1431.6666666666667,386.18055555555554,284.58333333333337,31.25,250.41666666666669,58.333333333333336,32.142857142857146,6.25,76.875,12.5,0.0,5.0,31.25,751.25,186.04166666666669,551.6468253968254,11.458333333333334,139.92424242424244,108.33333333333333,0.0,21.25,212.5,93.75,37.5,50.0,191.25,442.6388888888889,25.0,360.2083333333333,29.166666666666668,0.0,503.3333333333333,10.0,0.0,12.5,0.0,0.0,0.0,12.5,33.333333333333336,8.333333333333334,25.0,23.958333333333336,89.58333333333333,50.0,22.916666666666668,0.0,0.0,0.0,4.166666666666667,0.0,31.25,0.0,25.0,0.0,66.66666666666667,25.0,131.25,50.0,0.0,0.0,0.0,0.0,74.375,0.0,6.25,70.83333333333333,37.5,22.083333333333336,6.25,12.5,3.125,27.5,0.0,0.0,0.0,0.0,8.333333333333334,0.0,12.5,12.5,0.0,0.0,0.0,8.333333333333334,8.333333333333334,0.0,8.333333333333334,0.0,0.0,35.833333333333336,22.916666666666668,0.0,0.0,0.0,0.0,0.0,0.0,0.0,12.5,0.0,0.0,0.0,0.0,2.5,12.5,0.0,12.5,0.0,0.0,0.0,0.0,0.0,0.0,0.0,0.0,12.5,0.0,0.0,0.0,0.0,0.0,12.5,0.0,16.666666666666664,6.25,19.31818181818182,0.0,0.0,0.0,0.0,0.0,0.0,0.0,17.5,0.0,6.25,0.0,0.0,0.0,0.0,0.0,0.0,0.0,0.0,0.0,12.5,0.0,0.0,0.0,0.0,0.0,0.0,0.0,0.0,29.583333333333336,0.0,0.0,0.0,0.0,0.0,0.0,0.0,0.0,0.0,1.7857142857142856,0.0,0.0,0.0,0.0,0.0,0.0,37.5,0.0,0.0,0.0,0.0,5.0,0.0,0.0,12.5,0.0,0.0,0.0,0.0,0.0,0.0,0.0,0.0,0.0,0.0,0.0,0.0,0.0,0.0,0.0,0.0,0.0,5.0,0.0,0.0,0.0,0.0,0.0,0.0,0.0,0.0,0.0,0.0,0.0,0.0,0.0,0.0,0.0,0.0,0.0,0.0,0.0,0.0,0.0,0.0,0.0,0.0
32436.408411925255,4009.153234466945,8012.505520636241,1475.3517316017317,6605.623721186222,3302.7334797555386,5547.652089982512,2985.7800791960276,1752.329770923521,3820.350743006993,3753.4169466239778,8119.7477498135395,4590.164068308376,2236.18771642504,988.0555555555555,1716.0472833326094,1747.0727362914863,3652.848967005217,805.5891504329004,6471.412334660972,8706.506271636159,1453.8481620718462,1386.4260912698412,346.9650974025974,2212.7962662337663,1683.1541474860442,4016.645737160443,6969.658778721278,3107.9768437777484,2445.646645021645,4262.327703574946,306.96771142863827,1996.847041847042,599.3501984126984,1488.0233788744945,528.9285714285714,1285.5520541549954,649.6074800803062,767.3051948051948,1535.4383434038423,1845.8725764975766,543.6542824865194,1529.034541847042,886.8265791703292,2717.8811566011173,1804.9870731120732,312.9166666666667,1704.5814647776858,1269.8154419813902,1849.2202842377262,947.7876984126984,12154.415141679745,930.6126482213439,792.4537037037037,219.5976800976801,251.2806637806638,330.0,863.1696428571429,546.1891233766233,323.7653318903319,224.8962842712843,185.24305555555557,1358.1236753697692,5634.724405972568,6.25,82.21230158730158,208.86904761904762,788.8352272727273,51.736111111111114,52.083333333333336,487.6300262237762,56.66666666666667,41.53409090909091,793.8648312976117,746.6687611364251,323.9583333333333,683.1387362637363,755.5604209387104,535.6299603174604,1618.8151563938736,1216.977901131127,41.145833333333336,90.20833333333333,44.71153846153847,920.188492063492,531.9292005420054,44.89696502814263,44.89696502814263,395.4487346901125,704.8710317460318,44.89696502814263,394.5475848385331,135.0,25.550595238095237,658.5912698412699,340.734126984127,1363.198051948052,406.4484126984127,505.01488095238096,91.21275450182684,44.89696502814263,44.89696502814263,448.9696502814263,83.72294372294373,705.2537201865006,945.3762093405558,499.64781746031747,460.5578898225957,99.0625,1247.5622294372295,222.64880952380952,484.3538588800686,1035.7093253968253,29.166666666666668,477.11309523809524,1035.7274210983112,13.75,20.535714285714285,356.7513736263736,409.72343738133213,576.3988095238095,148.24404761904762,198.26388888888889,1331.456168831169,109.37049062049063,217.25198412698413,770.723451854622,182.1031746031746,322.8571428571429,169.9810606060606,18.645833333333332,33.99122807017544,401.4980158730159,10.238095238095237,53.86363636363637,145.57539682539684,36.48809523809524,757.9272507397508,753.8640873015873,530.4617604617605,1859.4642857142858,128.24404761904762,5.208333333333334,72.39583333333333,15.0,46.875,515.705266955267,173.58630952380952,30.878776241679468,21.5625,74.30555555555556,15.439388120839734,29.15945165945166,58.720238095238095,110.4143772893773,243.1281514449037,480.5117021600145,53.94642857142857,310.1001082251082,588.5416666666666,113.1547619047619,242.63621794871796,56.66666666666667,107.93154761904762,466.80555555555554,159.46428571428572,127.08333333333334,545.8420815295815,591.0416666666666,92.9265873015873,45.27777777777778,70.83333333333333,13.541666666666668,30.92888471177945,6.7336309523809526,62.79761904761905,484.71859098503836,12.5,565.843253968254,304.55627705627705,424.1468253968254,0.0,254.890873015873,27.51831501831502,276.9297741456712,162.19705768486256,2667.5476190476193,852.0039682539683,261.6666666666667,1488.837962962963,2751.9742063492063,1.7857142857142856,152.01388888888889,131.33748196248197,188.97168803418802,33.57142857142857,262.11309523809524,0.0,96.0515873015873,19.345238095238095,1170.1541514041514,99.80252268371464,16.36904761904762,22.5,149.6825396825397,50.93035361377753,12.5,203.7214144551101,42.083333333333336,111.30952380952381,6.815666431900653,128.898926991143,46.329832770428744,8.333333333333332,68.5813492063492,197.58567821067822,221.64772727272728,36.66666666666667,60.79363344988345,1518.9042207792209,48.75,95.40764790764791,0.0,152.66233766233768,320.59193121693124,78.82936507936508,5.729166666666667,64.13780663780663,56.36904761904762,13.125,93.98809523809524,303.8938492063492,4.166666666666667,178.6904761904762,299.4791666666667,40.28521825396825,41.36904761904762,83.92857142857143,640.8304843304843,60.75757575757576,208.08066933066934,327.8174603174603,50.0,113.24404761904762,41.7742673992674,32.638888888888886,63.2093253968254,32.638888888888886,67.28670634920636
1263.1520562770563,89.58333333333334,263.5416666666667,25.0,630.7142857142858,154.7718253968254,373.8095238095238,92.46031746031746,163.39285714285714,75.0,193.29365079365078,159.617303992304,146.66666666666666,52.77777777777778,8.333333333333334,122.5,104.16666666666667,299.64285714285717,76.5625,148.00595238095238,202.08333333333334,68.1547619047619,97.91666666666667,27.77777777777778,77.97619047619048,28.125,619.1666666666666,448.51190476190476,0.0,25.0,259.1666666666667,37.5,217.82738095238096,541.6666666666666,66.07142857142857,4.166666666666667,9.166666666666668,29.166666666666668,25.0,213.97997835497836,128.64583333333334,71.875,117.91666666666667,12.5,107.5,25.0,12.5,819.3452380952381,0.0,103.125,97.5,214.0542328042328,35.9375,20.833333333333336,0.0,39.583333333333336,0.0,37.5,0.0,33.333333333333336,0.0,265.7738095238095,572.3873873873874,160.5392156862745,3.125,0.0,0.0,0.0,75.0,30.0,0.0,0.0,120.83333333333334,0.0,45.35809528693779,29.166666666666668,36.458333333333336,63.69047619047619,10.0,0.0,22.22222222222222,0.0,0.0,18.75,12.5,0.0,3.0238730191291863,3.0238730191291863,43.75,0.0,3.0238730191291863,82.5,20.833333333333336,0.0,6.25,25.0,0.0,32.5,4.166666666666667,3.0238730191291863,3.0238730191291863,3.0238730191291863,30.23873019129186,0.0,0.0,295.8333333333333,0.0,10.0,4.166666666666667,0.0,25.0,0.0,0.0,3.125,0.0,244.44444444444446,0.0,12.5,5.0,0.0,37.5,0.0,0.0,50.0,75.0,25.0,25.0,26.5625,0.0,0.0,50.0,0.0,12.5,0.0,0.0,25.0,0.0,12.5,0.0,12.5,46.25,0.0,0.0,0.0,45.833333333333336,41.66666666666667,0.0,0.0,0.0,0.0,9.375,0.0,0.0,0.0,0.0,25.0,0.0,0.0,4.166666666666667,0.0,0.0,33.75,0.0,0.0,0.0,0.0,14.166666666666668,0.0,0.0,0.0,0.0,0.0,0.0,0.0,3.125,0.0,0.0,9.375,0.0,25.0,0.0,25.0,8.333333333333334,0.0,22.22222222222222,0.0,11.805555555555555,0.0,0.0,150.0,4.166666666666667,0.0,0.0,0.0,0.0,0.0,0.0,0.0,0.0,6.25,75.0,0.0,0.0,6.25,0.0,0.0,0.0,0.0,2.0833333333333335,0.0,0.0,0.0,0.0,0.0,0.0,0.0,8.333333333333334,2.0833333333333335,0.0,0.3968253968253968,0.0,0.0,0.0,25.0,3.571428571428571,0.0,0.0,0.0,0.0,0.0,10.0,17.857142857142854,0.0,0.0,8.333333333333334,0.0,0.0,0.0,0.0,12.5,0.0,0.0,0.0,0.0,0.0,25.0,0.0,25.0,7.142857142857142
4057.8703202168676,214.1170634920635,1141.2358966712682,137.77281746031747,263.78472222222223,758.9141414141415,1852.9103702884663,413.0077561327561,293.05555555555554,556.3726718757679,117.2730774127833,480.6817874677782,395.58531746031747,70.86309523809524,36.964285714285715,260.5654761904762,66.75347222222223,182.29166666666669,52.27272727272727,403.3234126984127,1210.7910093862106,300.75396825396825,9.027777777777779,137.6984126984127,137.05357142857142,44.16666666666667,700.7738095238095,451.8253968253968,196.72619047619048,26.470588235294116,303.84555137844615,28.57142857142857,686.7222283650302,25.0,18.154761904761905,29.86111111111111,33.8474025974026,27.5,219.39102564102564,989.2416340539405,85.7936507936508,6.25,6.944444444444445,37.00396825396825,213.32251082251082,109.79166666666667,8.522727272727273,48.392857142857146,77.77777777777779,129.46428571428572,268.40277777777777,1013.4738218223125,102.72727272727273,252.32142857142858,200.67640692640694,96.25,6.944444444444445,383.0952380952381,21.25,32.73809523809524,0.0,28.96825396825397,52.58298933608531,82.94642857142857,4.166666666666667,12.5,2.0833333333333335,4.166666666666667,0.0,0.0,74.39732142857143,0.0,12.5,152.2387318563789,10.714285714285715,12.5,0.0,0.0,1.25,45.625,83.33333333333334,0.0,2.0833333333333335,0.0,90.27777777777779,12.5,0.7142857142857143,0.7142857142857143,2.1739130434782608,0.0,0.7142857142857143,22.77777777777778,0.0,0.0,16.666666666666668,0.0,6.25,7.291666666666667,2.0833333333333335,0.7142857142857143,0.7142857142857143,0.7142857142857143,7.142857142857143,6.25,152.2387318563789,13.194444444444445,18.75,1.6666666666666667,0.0,0.0,25.0,0.0,40.86309523809524,0.0,30.555555555555557,38.38383838383838,0.0,0.0,31.25,15.0,29.166666666666668,2.7777777777777777,0.0,175.0,0.0,0.0,0.0,6.25,0.0,0.0,0.0,15.625,0.0,0.0,0.0,0.0,1.1904761904761905,3.3333333333333335,8.333333333333334,2.5,29.563492063492067,1.7857142857142856,0.0,0.0,0.0,1.0869565217391304,156.5079365079365,19.642857142857142,0.0,0.0,21.52777777777778,0.0,47.77777777777778,0.0,0.0,0.0,0.0,0.0,7.738095238095238,0.0,0.0,4.166666666666667,0.0,30.555555555555557,305.08169934640523,0.0,0.0,4.791666666666667,17.857142857142854,18.948412698412696,0.0,0.0,0.0,0.0,0.0,5.0,0.0,0.0,0.0,0.0,8.75,0.0,2.5,0.0,185.7516339869281,0.0,0.0,3.6616161616161618,0.0,31.5625,30.416666666666668,0.0,0.0,0.0,0.0,0.0,0.0,0.0,0.0,0.0,54.4172932330827,0.0,0.0,8.333333333333334,2.5,5.555555555555555,0.0,22.22222222222222,0.0,0.0,1.0869565217391304,19.565217391304348,0.0,0.0,0.0,0.0,49.107142857142854,0.0,0.0,12.5,0.0,0.0,0.0,25.0,0.0,0.0,0.0,16.666666666666668,0.0,0.0,0.0,63.88888888888889,0.0,5.416666666666667,16.666666666666668,0.0,0.0,0.0,13.81578947368421,0.0,0.0,0.0,0.0,0.0,0.0,21.944444444444443,0.0,21.944444444444443,0.0
2679.9900493025493,181.48809523809524,672.4451358826359,561.9379578754579,519.1617063492064,394.18831168831167,706.7712842712843,261.48809523809524,264.95726495726495,1832.4751984126985,384.37957875457874,818.3063464313465,1694.9255952380954,233.39781746031747,48.79807692307693,94.66666666666667,39.583333333333336,465.2878787878788,115.47619047619048,482.8641844266844,699.2708333333334,216.66666666666669,81.66666666666667,26.458333333333336,71.04166666666667,708.0059523809524,495.11904761904765,585.9036796536797,467.32007575757575,101.04166666666667,437.0982142857143,32.77777777777778,131.73611111111111,2.0833333333333335,329.84713203463207,27.083333333333332,10.208333333333334,69.64285714285714,128.33333333333334,168.45238095238096,843.7701418951419,77.67857142857143,578.2211538461538,101.30952380952381,393.18948412698415,243.89880952380952,25.0,366.57738095238096,120.00496031746032,98.15773809523809,195.0,1040.0367063492063,313.03902116402116,13.425925925925927,3.869047619047619,20.833333333333336,4.166666666666667,0.0,112.91666666666667,29.0625,91.30952380952381,0.0,131.69642857142858,232.14285714285717,0.0,0.0,6.666666666666667,43.75,50.69444444444444,0.0,72.61904761904762,4.166666666666667,4.166666666666667,33.26839826839827,46.41321044546851,0.0,4.166666666666667,32.083333333333336,8.412698412698413,136.45833333333334,10.625,0.0,43.333333333333336,0.0,4.166666666666667,19.642857142857142,0.26881720430107525,0.26881720430107525,123.18108974358974,136.07142857142858,0.26881720430107525,33.660714285714285,0.0,0.0,32.20238095238095,53.125,60.68948412698413,17.651515151515152,0.0,0.26881720430107525,0.26881720430107525,0.26881720430107525,2.6881720430107525,0.0,16.601731601731604,30.357142857142858,0.0,4.166666666666667,0.0,139.76190476190476,0.0,31.07142857142857,305.80357142857144,0.0,25.0,6.25,12.5,0.0,1.25,17.708333333333336,10.0,4.166666666666667,0.0,179.16666666666666,9.375,59.375,192.70833333333334,21.666666666666668,18.75,92.57575757575758,0.0,0.0,24.166666666666668,9.166666666666668,0.0,6.25,0.0,124.28571428571428,135.83333333333334,19.444444444444443,0.0,66.66666666666667,0.0,2.0833333333333335,0.0,0.0,0.0,4.166666666666667,0.0,7.142857142857142,6.25,0.0,1.7857142857142856,7.5,0.0,12.5,81.52777777777777,6.625,5.833333333333333,49.16666666666667,8.333333333333334,35.625,0.0,0.0,3.125,0.0,0.0,6.666666666666667,0.0,8.333333333333334,2.5,8.333333333333334,5.0,20.833333333333336,0.0,0.0,12.954545454545455,0.0,0.0,7.083333333333333,0.0,0.0,14.177489177489178,0.0,0.0,3.9583333333333335,37.48809523809524,12.5,5.0,27.77777777777778,5.357142857142857,0.0,4.166666666666667,29.821428571428573,29.78174603174603,0.0,6.666666666666667,0.0,128.75,12.5,4.166666666666667,0.0,2.5,0.0,0.0,0.0,0.0,0.0,6.666666666666667,0.0,0.0,0.0,0.0,0.0,0.0,50.0,51.458333333333336,8.333333333333334,6.25,62.5,0.0,0.0,0.0,25.0,35.416666666666664,0.0,0.0,0.0,16.666666666666668,1.7857142857142856,91.66666666666667,6.25,0.0,0.8333333333333334,0.0,0.0,0.0,12.5,12.5,0.0,36.74242424242424,8.333333333333334,0.0,0.0,7.291666666666667,0.0,20.833333333333336,0.0,0.0
437.19381313131316,233.11285936285935,406.51227244977247,123.64087301587301,103.47222222222223,116.74603174603175,244.03318903318905,431.5071733821734,676.2564518814519,383.7942612942613,353.4722755543068,238.1035052910053,103.41314935064935,42.23556998556999,219.7420634920635,93.25396825396825,53.47222222222223,240.0376984126984,281.54761904761904,418.3874458874459,203.23554917304918,93.45238095238095,52.708333333333336,232.31150793650795,65.48701298701299,182.8945707070707,221.59569597069597,601.9047619047619,207.00892857142858,144.69696969696972,86.52292152292152,127.35042735042735,35.0,76.5625,254.41468253968253,0.0,55.32738095238095,1.3888888888888888,106.46645021645021,22.94642857142857,288.7507631257631,136.36904761904762,119.47240259740259,235.4418498168498,292.40499084249086,26.875,85.0,132.1031746031746,49.16666666666667,27.22222222222222,0.0,85.80919312169313,90.12896825396825,0.0,25.694444444444443,61.97916666666667,43.75,12.5,54.583333333333336,0.0,153.04112554112555,12.5,28.430989583333336,156.82196275946276,0.0,76.33928571428572,32.34126984126984,64.0625,6.25,0.0,10.714285714285714,0.0,39.004329004329,36.93181818181819,13.671875,90.86309523809524,49.742063492063494,13.839285714285714,4.583333333333333,37.5,89.32387057387056,0.0,0.0,11.706349206349206,38.88888888888889,0.0,0.9114583333333334,0.9114583333333334,16.75595238095238,252.93650793650792,0.9114583333333334,458.4653540903541,0.0,0.0,81.90476190476191,42.5,75.52083333333334,8.333333333333334,74.16666666666667,0.9114583333333334,0.9114583333333334,0.9114583333333334,9.114583333333334,261.22294372294374,36.93181818181819,89.16666666666667,2.5,30.208333333333336,22.5,20.089285714285715,72.67857142857143,0.0,111.96581196581197,0.0,18.75,10.9375,2.380952380952381,0.0,21.875,50.0,17.38095238095238,10.0,0.0,0.0,40.353396603396604,14.911616161616163,93.7054078877928,23.26388888888889,37.5,30.113636363636367,0.0,66.66666666666667,48.214285714285715,4.166666666666667,12.5,9.880952380952381,5.0,1.7857142857142856,12.5,0.0,0.0,26.52972027972028,23.75,6.25,16.666666666666668,0.0,12.5,70.83333333333334,0.0,8.333333333333334,0.0,0.0,2.857142857142857,14.930555555555555,17.36111111111111,0.0,2.0833333333333335,0.0,26.38888888888889,0.0,0.0,0.0,24.166666666666668,15.550595238095237,0.0,23.636363636363637,0.0,3.0,30.555555555555557,5.0,0.0,59.16666666666667,0.0,16.319444444444443,1.7857142857142856,10.0,1.3888888888888888,0.0,12.5,12.5,17.1875,0.0,0.0,0.0,0.0,53.03030303030303,109.0079365079365,0.0,10.491071428571427,12.5,0.0,0.0,0.0,2.7777777777777777,9.419642857142858,0.0,21.875,0.0,0.0,19.345238095238095,0.0,5.0,0.0,0.0,0.0,0.0,12.5,0.0,0.0,0.0,1.1904761904761905,21.428571428571427,2.5,33.333333333333336,136.2145800349125,66.50432900432901,0.0,26.944444444444443,0.0,1.5873015873015872,1.5625,0.0,0.0,0.0,0.0,0.0,0.0,0.0,0.0,3.125,0.0,43.506493506493506,0.0,0.0,1.0869565217391304,15.0,0.0,0.0,0.7142857142857143,0.0,4.761904761904762,0.0,6.25,0.0,15.0,0.0,0.0,0.0,0.0
2085.9474206349205,271.01190476190476,402.38425925925924,403.81944444444446,247.91666666666666,128.24404761904762,678.7152777777778,141.68650793650795,149.34027777777777,171.10119047619048,131.59722222222223,1110.2380952380952,308.47222222222223,3.541666666666667,655.2380952380953,396.4583333333333,16.666666666666668,85.44642857142857,53.47222222222223,653.4299843674844,1062.0382395382396,89.51388888888889,134.44444444444446,70.83333333333334,29.166666666666668,9.25925925925926,105.05952380952381,395.94742063492066,95.50925925925927,3.125,564.5075757575758,18.61111111111111,52.291666666666664,50.0,35.0,70.20833333333333,4.166666666666667,1104.126984126984,1.5625,755.4936267436268,38.18452380952381,162.5595238095238,13.591269841269842,22.22222222222222,287.6587301587302,30.0,42.5,86.11111111111111,80.83333333333334,0.0,247.05357142857144,311.59722222222223,71.80555555555556,25.0,393.2142857142857,89.6875,2.7777777777777777,123.19444444444444,4.166666666666667,8.333333333333332,31.507936507936506,8.333333333333334,6.25,652.9166666666666,13.333333333333334,8.333333333333334,12.5,0.0,0.0,41.07142857142857,220.5952380952381,4.861111111111111,14.166666666666666,5.357142857142858,0.0,0.0,22.916666666666668,12.5,0.0,8.333333333333334,62.5,117.03869047619048,8.928571428571427,1.0416666666666667,0.0,0.0,0.0,0.0,7.5,42.45039682539682,0.0,0.0,19.94047619047619,15.625,0.0,0.0,3.125,12.5,18.75,0.0,0.0,0.0,0.0,5.625,0.0,0.0,2.0833333333333335,0.0,6.388888888888889,0.0,0.0,6.25,12.5,8.333333333333334,36.11111111111111,0.0,0.0,43.75,0.0,8.333333333333334,0.0,5.208333333333334,1.6666666666666667,0.0,6.388888888888889,0.0,0.0,0.0,4.166666666666666,0.0,6.25,0.0,0.0,0.0,10.863095238095237,2.0833333333333335,0.0,15.0,0.0,0.0,0.0,0.0,77.26190476190476,0.0,15.267857142857142,5.0,5.9523809523809526,0.0,0.0,36.25,12.5,0.0,0.0,0.0,26.904761904761905,0.0,5.555555555555555,3.125,0.0,0.0,0.0,0.0,0.0,0.0,2.7777777777777777,0.0,0.0,0.0,0.0,0.0,0.0,29.166666666666668,0.0,0.0,0.0,0.0,0.0,0.0,6.25,0.0,0.0,219.04761904761904,0.0,2.7777777777777777,0.0,0.0,0.0,0.0,0.0,0.0,0.0,0.0,0.0,0.0,0.0,12.5,6.25,32.916666666666664,0.0,6.25,0.0,0.0,0.0,0.0,0.0,0.0,0.0,0.0,0.0,0.0,0.0,0.0,0.0,0.0,0.0,0.0,0.0,0.0,0.0,0.0,0.0,0.0,8.571428571428571,0.0,0.0,1.1904761904761905,0.0,0.0,0.0,0.0,0.0,0.0,0.0,0.0,8.035714285714285,0.0,0.0,0.0,0.0,0.0,0.0,0.0,0.0,0.0,0.0,0.0,0.0,0.0,0.0
4338.313492063492,646.3888888888889,1494.1997354497355,264.2013888888889,890.1388888888889,1009.6428571428571,2629.6338383838383,698.8888888888889,340.4166666666667,757.3412698412699,897.9464285714286,815.7738095238095,1508.7400793650793,1077.013888888889,117.5,649.7222222222223,203.05555555555554,315.4166666666667,57.916666666666664,2234.2791005291006,1549.2708333333333,1082.7876984126985,85.76388888888889,15.277777777777779,340.97222222222223,45.833333333333336,1857.1176564495531,602.4147992530345,587.5,65.97222222222223,1389.1323858151568,193.75,830.3670634920635,37.5,277.962962962963,29.166666666666668,102.91666666666667,98.28463203463204,12.5,1209.3371212121212,333.1547619047619,29.166666666666668,85.55555555555556,200.69444444444446,333.3333333333333,23.333333333333336,12.5,418.25396825396825,493.81944444444446,233.33333333333334,982.1527777777778,535.3125,62.175925925925924,687.6818783068783,40.0,12.5,0.0,620.5357142857143,4.166666666666667,37.29166666666667,113.88888888888889,79.16666666666667,393.75,71.875,8.333333333333334,120.83333333333334,4.62962962962963,16.666666666666668,12.5,25.0,282.5,16.666666666666668,45.833333333333336,31.845238095238095,36.302923387096776,14.583333333333334,138.19444444444446,29.166666666666668,37.5,172.60416666666666,183.33333333333334,8.333333333333334,39.583333333333336,0.0,6.25,48.541666666666664,2.003528225806452,2.003528225806452,32.38095238095238,101.04166666666667,2.003528225806452,22.77777777777778,54.16666666666667,12.5,81.25,208.33333333333334,108.33333333333334,25.0,0.0,2.003528225806452,2.003528225806452,2.003528225806452,20.035282258064516,0.0,31.845238095238095,54.16666666666667,0.0,51.66666666666667,0.0,18.75,12.5,18.75,20.833333333333336,12.5,37.5,239.375,0.0,0.0,36.94444444444444,14.583333333333334,21.875,16.666666666666668,25.0,569.3144499178982,0.0,75.0,25.0,14.583333333333334,50.0,50.0,0.8620689655172414,8.333333333333334,20.833333333333336,25.0,0.0,0.0,25.0,0.0,31.111111111111114,27.8125,1464.1666666666667,42.85714285714286,0.0,0.0,0.0,0.0,51.38888888888889,87.5,0.0,22.5,0.0,0.0,14.285714285714285,35.41666666666667,0.0,12.5,70.13888888888889,0.0,0.0,100.0,0.0,0.0,0.0,27.77777777777778,564.0079365079365,37.5,8.333333333333334,2.0833333333333335,83.33333333333334,57.175925925925924,12.5,0.0,8.333333333333334,8.333333333333334,8.333333333333334,3.571428571428571,83.33333333333334,0.0,41.666666666666664,0.0,41.31944444444444,33.333333333333336,0.0,37.5,284.41362246319807,0.0,0.0,6.25,138.74007936507937,52.083333333333336,25.0,20.833333333333336,12.5,0.0,3.125,0.0,16.666666666666664,0.0,0.0,0.0,5.0,0.0,14.583333333333334,0.0,12.5,23.348214285714285,0.0,93.39285714285714,0.0,0.0,1.1904761904761905,21.428571428571427,0.0,0.0,0.0,4.166666666666667,117.72727272727273,0.0,41.66666666666667,0.0,0.0,0.0,0.0,66.66666666666667,12.5,0.0,0.0,0.0,0.0,0.0,0.0,0.0,0.0,58.333333333333336,0.0,0.0,25.0,25.0,8.928571428571427,0.0,13.333333333333334,170.83333333333334,0.0,4.166666666666667,0.0,31.25,25.0,31.25,0.0
45897.140493657935,12227.2904491342,19530.115028389486,4081.339285714286,10078.540764790765,6998.182269119769,20550.20272725622,6485.158730158731,6004.136904761905,9451.713113275613,6148.041666666667,16043.625992063493,17635.4161552779,7872.130456349207,1577.2628066378068,4364.054196859904,4465.424534756431,5873.929154995331,1290.0,17336.773488163508,21374.491615276493,8666.704434293097,3061.9742063492063,1425.391865079365,4240.175319092577,3421.3262085137085,21711.124902374904,16102.995373747211,4246.073908730159,2451.4930555555557,16469.930996365347,3385.8419184981685,5303.144715116755,1473.6458333333333,2767.709419428729,1375.4631984372697,783.4577922077922,2868.470367494824,1378.2796717171718,9144.915674603175,1853.4943181818182,2824.325396825397,2270.0992063492063,2659.84623015873,3516.1840834818777,1450.9941378066378,1007.202380952381,2787.3611111111113,1374.7743055555557,970.1686507936508,5924.129701518288,6691.211640211641,2677.9498792270533,3464.764904023625,2752.514880952381,1234.092261904762,1164.5833333333333,3848.895823583324,737.4503968253969,1235.675505050505,1543.263888888889,1179.8948273948274,2427.901785714286,3823.9126255688757,698.4375,596.8204365079365,483.3399470899471,1823.3382936507937,948.8144841269841,737.3263888888889,2728.8207866479925,587.8199404761905,363.8541666666667,487.2733918128655,619.4114902551548,1031.0416666666667,589.5833333333334,1941.5099206349207,555.1041666666666,3121.1025432900433,528.9136904761905,1091.3690476190477,632.6190476190476,382.6488095238095,1894.751984126984,1102.9596560846562,40.76632157256588,40.76632157256588,271.5542302480882,909.2261904761905,40.76632157256588,733.9136904761905,1025.0,1048.0208333333333,803.2440476190476,1157.2876984126985,1309.7698643410854,622.1527777777778,672.7083333333334,53.26632157256588,40.76632157256588,40.76632157256588,407.6632157256588,251.66666666666669,385.60672514619887,1115.342261904762,963.2738095238095,311.31944444444446,859.375,1325.92306998557,692.8422619047619,573.3531746031746,1025.763888888889,223.6426767676768,500.97222222222223,833.4821428571429,371.7857142857143,462.3958333333333,285.33730158730157,876.348544973545,1491.8055555555557,352.67857142857144,164.23611111111111,1624.564393939394,762.4652777777778,801.9305555555555,1236.121907555364,336.48809523809524,535.3571428571429,519.4056637806638,197.70833333333334,249.98842592592592,978.4821428571429,389.2361111111111,584.5265151515151,291.80555555555554,152.70833333333334,905.9722222222223,358.19444444444446,1696.6666666666667,8942.281831540553,522.4305555555555,108.125,235.65972222222223,247.70833333333334,305.92261904761904,754.7777777777778,644.7222222222222,199.16874307862682,200.6547619047619,555.7291666666666,99.58437153931341,73.01587301587301,212.08333333333334,82.73809523809524,278.9583333333333,200.78373015873015,162.91666666666666,378.86904761904765,2008.139880952381,205.0,1196.107456140351,271.11111111111114,507.5297619047619,479.02867965367966,296.52777777777777,57.17757936507937,250.5952380952381,810.6868131868132,775.0,506.26488095238096,193.33333333333334,59.895833333333336,133.125,324.1220238095238,318.75,741.8366228070175,455.4166666666667,169.16666666666666,221.875,157.70833333333334,260.69940476190476,227.08333333333334,264.5833333333333,380.0646313692532,8.333333333333334,66.25,137.94642857142858,341.9791666666667,3.869047619047619,212.82242063492063,117.5,210.55555555555557,136.45833333333334,210.47619047619048,64.44444444444444,318.09523809523813,97.5,435.95734126984127,91.66666666666667,9.375,13.425925925925926,179.58333333333334,65.41666666666667,204.16666666666669,133.8058280789259,116.66666666666667,535.2233123157037,214.58333333333334,78.73015873015873,26.008702708572837,493.1566487543111,14.837962962962962,87.22222222222223,195.89285714285714,80.55555555555556,333.25,81.80555555555556,267.2880244755245,133.7797619047619,331.0416666666667,310.0,182.60416666666666,600.8333333333334,50.595238095238095,81.63461538461539,53.125,115.0,222.70833333333334,185.41666666666666,48.154761904761905,21.25,153.21969696969697,294.1666666666667,129.88095238095238,144.7668650793651,132.61904761904762,87.5,128.33333333333334,35.41666666666667,53.888888888888886,182.7651515151515,39.583333333333336,66.66666666666667,153.86904761904762,246.875,255.80357142857142,246.875,133.33333333333334
487.0833333333333,50.0,1037.0815295815296,38.333333333333336,60.714285714285715,40.0,175.0,119.59415584415585,98.18452380952381,0.0,16.666666666666668,0.0,71.38888888888889,35.41666666666667,20.208333333333336,69.16666666666667,198.86724386724387,52.38095238095238,12.5,104.16666666666667,25.0,13.333333333333334,109.44444444444444,335.24350649350646,117.73809523809524,22.916666666666668,88.69047619047619,217.005772005772,26.666666666666668,1.1904761904761905,0.0,0.0,0.0,0.0,0.0,19.583333333333336,7.142857142857142,43.75,0.0,0.0,42.708333333333336,0.0,8.333333333333334,0.0,0.0,0.0,0.0,0.0,0.0,4.166666666666667,0.0,0.0,0.0,0.0,0.0,0.0,3.571428571428571,0.0,0.0,0.0,25.0,0.0,25.0,12.5,0.0,0.0,28.57142857142857,39.285714285714285,0.0,0.0,0.0,0.0,12.5,0.0,0.0,0.0,0.0,16.666666666666668,0.0,0.0,4.166666666666667,0.0,0.0,0.0,0.0,0.0,0.0,0.0,4.545454545454546,0.0,0.0,0.0,0.0,0.0,21.07142857142857,0.0,0.0,0.0,0.0,0.0,0.0,0.0,0.0,0.0,0.0,0.0,0.0,0.0,0.0,0.0,0.0,0.0,0.0,0.0,0.0,0.0,0.0,0.0,0.0,0.0,0.0,12.5,0.0,0.0,0.0,0.0,0.0,0.0,0.0,0.0,0.0,45.0,0.0,0.0,0.0,25.0,0.0,0.0,18.293650793650794,0.0,0.0,0.0,0.0,0.0,0.0,0.0,0.0,0.0,5.555555555555555,0.0,0.0,2.7777777777777777,0.0,0.0,5.0,33.333333333333336,0.0,0.0,0.0,0.0,0.0,0.0,25.0,0.0,0.0,183.30357142857142,6.5476190476190474,0.0,0.0,0.0,0.0,0.0,0.0,0.0,0.0,0.0,0.0,0.0,0.0,0.0,0.0,0.0,0.0,0.0,0.0,12.5,0.0,0.0,0.0,0.0,0.0,0.0,0.0,5.277777777777778,0.0,0.0,0.0,0.0,0.0,0.0,0.0,4.545454545454546,0.0,0.0,0.0,0.0,0.0,0.0,0.0,0.0,0.0,0.0,2.272727272727273,1.1904761904761905,0.0,20.0,0.0,0.0,0.0,0.0,0.0,0.0,0.0,0.0,0.0,0.0,0.0,0.0,0.0,0.0,0.0,0.0,0.0,0.0,0.0,0.0,0.0,0.0,0.0,0.0,0.0,0.0,0.0,0.0,0.0,0.0,0.0,0.0,0.0
