8126.803306372577,998.2327710662094,1460.5887723425562,803.4864378509255,1108.8520144690685,247.08045614648668,1965.0744867797548,1624.294902538128,1884.2178110669574,1881.2104894545314,178.53907833926607,620.9013437900845,1627.5313426789587,101.96894300393265,354.8400161566828,85.80334355964608,283.87910113540363,1333.6131641784061,5024.313357581747,991.780168408843,7311.916189502422,615.9623399478858,605.6296199831914,1474.2484250926477,179.20349442136245,3060.9758918822645,4443.649267376892,1910.26516034899,3222.241715667503,2730.1425373168427,1991.9954812750634,1602.1978357861108,1321.3651790734423,607.9539464218735,501.0062097270921,238.69754584479648,946.3334309576235,1453.606928977237,1957.4155826238828,1897.9648745200536,623.3812192219544,1695.8011410949964,938.1776855601086,2151.289530513136,42.72838642838643,903.8630272873487,712.7328827575482,1001.0786465094466,146.47828282828283,24.968599033816425,371.7096609796648,1518.1145101674315,716.4365789169211,548.7375639649799,270.6952871202871,4662.495673213892,152.96472178615036,338.0070386351899,204.4944955190053,1034.4531278167833,1559.4906743920048,72.88749034967522,23.556791092505378,358.39727154239586,118.2160177202194,1095.5574643662178,195.97336659441922,85.43509959539371,256.1822985915423,105.66461148181602,677.64777518526,65.8478835978836,24.83543771043771,62.51284675486356,639.3520455800344,1.037037037037037,6.307671957671958,108.30191199282528,395.02279561397205,578.2754968861411,665.3975579586923,85.54671201814058,39.62418300653595,224.26137790780646,45.616118669690096,14.977513227513228,7.339758125472411,263.02233885006996,20.138110799875506,118.45079591612313,81.91254829826258,22.297153507867794,32.53776874386118,178.81651094781347,62.36441645431007,8.920295390883625,3.8888888888888884,52.59944684944685,40.86719576719577,43.32615498250173,167.48151499916204,286.2465527975809,432.53386966942156,568.6223795293823,465.0461497186287,131.46031746031744,842.4979177855566,37.17890590579666,88.24249699879952,30.377705627705627,4.848595848595848,368.73648148148146,504.98372682406296,217.18245853897113,3.3171296296296298,90.15495107133762,23.502532326061736,151.28896245366832,29.96667929798182,102.4209219858156,76.50274832155084,281.84847474343275,465.64441309679603,75.35056757745834,848.514381898418,75.49891774891775,84.23715790675357,5.675925925925926,98.53061582053178,56.947354497354496,90.65657475111256,138.10149273384567,58.61630308689132,337.4264322103016,41.99118165784832,9.021957671957672,40.87401715931128,9.062830687830687,79.20103596994353,15.756535947712418,5.166666666666667,2.9166666666666665,37.339317208364825,41.50826997465653,9.208333333333332,13.702279202279202,31.22169312169312,110.09114294979841,183.9130183007376,20.073544973544973,135.97277244231026,26.57142857142857,35.272193220722635,39.299299719887955,9.624338624338625,11.420634920634921,1.1111111111111112,71.04267638679403,7.334656084656085,5.14654481321148,14.353655603655604,6.281746031746032,24.337784002489883,12.001499118165784,181.90191025905312,13.515653428696908,1.0714285714285714,41.125850340136054,19.378521478521478,167.4935881933998,41.437325637325635,16.313492063492063,4.448412698412699,21.874338624338623,4.821428571428571,1.4444444444444444,3.3777777777777773,10.852116402116401,1.4285714285714284,78.99965907108763,65.07397209474806,0.0,2.7777777777777777,18.752645502645503,10.03968253968254,91.03015873015873,112.93979527471946,25.629761332142284,52.58584747030125,8.35921035080699,3.3333333333333335,118.3738808654775,55.27066180007356,15.872222222222222,53.75433729047174,16.658730158730158,19.756049506049507,4.62962962962963,34.478456028876195,17.263279048993333
2347.9836459836456,425.6626984126984,191.25,64.02777777777777,50.86507936507936,49.09259259259259,179.16666666666666,91.7361111111111,271.50925925925924,231.1706349206349,294.77777777777777,224.05555555555554,630.2380952380952,79.98941798941799,256.2628205128205,58.74999999999999,31.666666666666664,228.70238095238093,71.68013468013467,265.9858104858105,711.8650793650793,78.88888888888889,79.96031746031746,330.40476190476187,95.55555555555554,264.13888888888886,479.98148148148147,881.4246031746031,945.496693121693,705.3373015873016,226.05555555555554,179.5,237.8968253968254,122.05555555555554,681.2407407407406,302.01388888888886,93.66666666666666,572.5952380952381,897.7592592592592,246.25925925925924,409.7678571428571,188.16666666666666,51.858585858585855,62.67063492063492,263.27777777777777,117.85858585858585,103.46230158730158,130.0376984126984,139.44444444444443,5.0,92.94444444444444,153.0,44.55555555555556,44.58333333333333,236.30555555555554,33.19444444444444,106.38888888888889,31.666666666666664,26.888888888888886,45.27777777777777,145.38888888888889,20.97222222222222,19.388888888888886,29.999999999999996,13.666666666666664,15.555555555555554,93.19444444444444,6.666666666666666,117.30555555555554,74.42460317460316,13.472222222222221,85.98465423465423,61.11111111111111,17.333333333333332,47.55555555555555,54.99999999999999,24.166666666666664,43.05555555555555,58.74999999999999,17.22222222222222,27.555555555555554,15.238095238095237,28.333333333333332,20.555555555555554,48.33333333333333,26.658730158730158,10.194444444444443,36.388888888888886,49.44444444444444,88.63636363636363,7.083333333333332,43.464646464646464,10.0,2.4206349206349205,10.0,0.0,452.5198412698412,14.999999999999998,12.222222222222221,32.22222222222222,7.999999999999999,65.83333333333333,29.39285714285714,1.6666666666666665,63.80555555555555,35.0,0.0,0.8333333333333333,8.333333333333332,25.11111111111111,8.333333333333332,34.02777777777778,64.94444444444444,14.277777777777777,11.666666666666666,6.111111111111111,14.722222222222221,23.194444444444443,7.222222222222221,80.66666666666666,23.749999999999996,26.111111111111107,24.444444444444443,38.388888888888886,22.777777777777775,26.805555555555554,5.396825396825396,55.888888888888886,5.277777777777778,35.0,12.777777777777777,0.8333333333333333,39.166666666666664,47.0515873015873,13.333333333333332,1.6666666666666665,32.44444444444444,12.222222222222221,5.694444444444444,0.8333333333333333,6.499999999999999,1.6666666666666665,4.166666666666666,6.666666666666666,8.166666666666666,0.0,7.777777777777778,17.5,12.305555555555554,1.6666666666666665,9.166666666666666,18.333333333333332,15.555555555555554,8.333333333333332,20.0,11.249999999999998,3.333333333333333,6.666666666666666,4.166666666666666,12.5,1.6666666666666665,2.5,7.5,0.0,3.333333333333333,9.583333333333332,0.0,0.0,10.277777777777779,17.77777777777778,4.166666666666666,3.333333333333333,4.444444444444445,1.25,1.1111111111111112,0.0,0.0,0.0,0.0,28.999999999999996,6.666666666666666,0.0,5.555555555555555,1.1111111111111112,2.142857142857143,0.6666666666666666,0.8333333333333333,6.666666666666666,12.777777777777777,1.1111111111111112,1.380952380952381,7.222222222222221,6.666666666666666,0.8333333333333333,7.5,6.111111111111111,5.555555555555555,1.6666666666666667,0.8333333333333333,22.444444444444443
7510.599790382449,516.5449827930523,719.5110119303588,269.121180582308,113.98549367299367,253.98112971993288,390.9184415202744,204.09521935864646,600.4305081950753,524.7324083909157,67.79567964301293,311.2943845836703,769.9411357891609,73.73256573329645,280.55799113171685,77.98951758118424,64.97828868662202,190.9728253552969,1413.0923200198026,471.59961288991286,3812.0525691366256,72.83115403115403,238.0888980415296,787.6817387233825,238.18157684059835,840.3820779381173,1061.5460869842161,2069.3460690068623,1875.9206433391682,2337.3241643810043,678.8751521354462,444.6270091144188,551.7559073480126,108.68044392370832,502.51545295234126,1204.4809002560055,211.56076677627797,915.1398951913566,1642.6185363106251,453.5326105304475,452.2244817917761,672.6056780406764,70.38119045598037,394.92865736651964,53.50296196734369,262.22913082946286,930.2880155553215,275.22639049403756,122.9820845750637,50.7687400117981,201.61021318913475,325.10702058390063,218.40870455395074,68.20359501609501,40.16676379176379,763.0769578224152,55.00707163207163,202.58966896802917,110.98353344186677,100.04270163906018,179.42258785476912,8.407407407407407,24.984808401475068,56.00223173447981,12.507111935683364,192.72267547267546,244.87444818792304,50.96276272746861,40.2227441870299,121.58629601283663,47.447903947903946,48.3080933227992,15.859987234987235,11.844720035042615,120.40935453435453,19.70016326266326,83.04279735858682,18.62211862211862,33.621820309320306,79.58829822363657,119.1543254849656,34.885754543363234,14.92828798185941,82.00776012766823,7.3132816257816256,15.223544973544973,47.22184255403793,28.061313414254588,13.231794131794132,17.006455554249673,13.125485625485625,2.8743240886098027,2.4761904761904763,54.838897810672,27.51743789243789,6.736873284667402,5.809941520467836,13.300354737854738,66.07093017379228,19.87512025012025,40.13326422254994,69.52325022281163,97.57248885373885,55.06280756280756,47.11507936507937,36.91800020966687,108.6925875050875,21.726190476190474,9.87999037999038,22.59946226612893,37.87986814772529,39.90576746350038,82.57471926221926,27.872120934620934,17.642354335902724,16.121489621489623,5.742063492063492,11.820436507936508,15.876293459626792,28.78515311848645,33.102927773980404,27.822490830555346,31.454466829466828,14.730564298675754,328.0694634632678,41.4901205032784,10.640858052622757,12.156975156975157,13.236243603890664,13.452972214526836,12.736672278338945,10.015385686438318,25.684854497354497,43.05679505679505,30.77588416874131,48.45276999688764,26.729256854256853,12.03968253968254,7.545010545010545,10.94251700680272,2.976190476190476,21.378417107583775,6.365079365079365,5.31084656084656,33.10663608877894,13.327490592196474,41.57275132275132,27.413387610554793,98.22512617586054,15.362433862433862,9.448588448588449,4.865079365079365,5.802028218694885,10.251262626262626,28.21043771043771,20.02200577200577,3.402872260015117,15.739835700362015,2.878787878787879,3.5546642899584073,8.58994708994709,9.238751203917916,1.2222222222222223,11.241159711747947,35.48850019805902,5.582705941401594,3.118796257505935,15.395983645983645,42.35320235320235,8.281903281903281,150.96894216894216,2.4537037037037037,16.397065897065897,18.447186147186144,126.73179289845956,20.615533345796504,2.5,1.738095238095238,54.020667105225925,12.554232804232804,6.606128747795414,113.36945073764707,0.0,26.544282715335346,0.0,33.75466901676579,34.08383283383283,8.121607228750085,12.938552188552189,6.91005291005291,51.582926590666524,3.8803418803418803,1.0714285714285714,30.3735506696033,3.3174603174603177,3.073269323269323,14.940688940688942,7.184246309246309,3.7301587301587302,2.128835978835979
1102.889035279354,100.87271062271061,290.69113756613757,28.488603988603987,4.316239316239316,11.540598290598291,144.18712768712768,14.074074074074074,49.06888481888482,44.23587369420703,18.701923076923077,58.152726902726904,298.80597643097644,61.65384615384615,99.66712454212454,51.583333333333336,18.166900093370682,84.76066988566988,61.368335368335366,77.16396874730208,172.01953601953602,9.967948717948717,46.62713675213675,257.7811864061864,60.48478835978836,152.7870879120879,358.8453398453398,196.83896774521773,339.7542735042735,399.309998643332,9.166666666666666,173.79237891737893,29.154914529914528,10.194444444444445,169.66737891737893,65.7173890923891,111.77140128390128,358.1723137973138,267.630698005698,155.21153846153845,38.51343101343101,112.11721611721612,33.26495726495727,15.407407407407407,253.18803418803418,10.5496632996633,16.666666666666664,42.88021751910641,100.68233618233619,213.47710622710622,12.583333333333334,35.95141432641433,7.205128205128205,1.9999999999999998,285.8048143758928,85.01989214489214,74.58811558811558,17.09035409035409,7.833333333333333,9.903846153846153,22.937016687016687,16.885076252723312,26.867504409171076,5.0,6.5,21.07977207977208,40.05270655270655,104.47725885225884,7.717948717948718,13.773148148148149,7.0,43.074786324786324,12.226190476190476,6.709615384615384,2.1666666666666665,110.77884615384616,11.060897435897436,26.546398046398046,2.3290598290598292,3.194444444444444,11.976190476190476,4.354700854700854,22.822649572649574,106.56125356125357,3.333333333333333,24.489417989417987,66.92704517704517,22.435897435897434,10.416666666666666,6.222222222222222,17.15277777777778,9.722222222222221,3.333333333333333,0.8333333333333333,69.33333333333333,22.951923076923077,13.416666666666666,20.305555555555557,0.0,13.376068376068377,6.07051282051282,8.416666666666666,3.333333333333333,1.3034188034188035,0.0,3.4999999999999996,5.166666666666666,54.31074481074481,3.1666666666666665,2.972222222222222,0.0,0.0,11.75925925925926,17.167735042735043,22.5,0.625,3.666666666666667,0.8333333333333334,14.027777777777777,3.0185185185185186,0.0,0.0,9.166666666666666,3.611111111111111,12.87037037037037,10.33641975308642,27.083333333333332,601.2503561253561,1.6666666666666667,7.222222222222222,6.888888888888888,0.5555555555555556,1.6666666666666667,0.0,1.5277777777777777,4.722222222222222,3.333333333333333,13.432539682539682,3.5542929292929295,10.777777777777777,25.17063492063492,15.36111111111111,27.935185185185183,0.7901234567901234,0.9444444444444444,5.666666666666667,0.0,0.0,0.0,0.8333333333333333,5.888888888888889,6.25,0.8333333333333333,1.4102564102564101,0.0,0.0,11.793650793650793,0.0,27.0,4.111111111111111,1.1111111111111112,29.66025641025641,3.1111111111111107,3.5,2.5,0.0,14.041666666666666,0.0,0.0,0.0,0.0,1.3786008230452675,1.25,5.722222222222222,1.282051282051282,10.13888888888889,57.5787037037037,5.833333333333333,0.0,2.7777777777777777,2.297008547008547,0.0,48.6531339031339,1.6666666666666665,3.5416666666666665,5.0,0.0,0.0,2.8472222222222223,2.0555555555555554,0.7051282051282051,0.0,0.0,0.0,1.9444444444444442,0.0,0.0,9.222222222222221,0.0,3.194444444444444
1228.2026036222346,200.33403338526676,406.3177024659601,31.31267063832853,16.921085858585858,88.15154658427154,158.23896019510053,52.36109415276082,120.50306830880834,169.85669827747626,19.12517067759003,113.58379028379028,174.13827372544415,5.111231361231361,55.05970503667872,99.91290191290192,8.99074074074074,48.512649536843085,301.55266565637373,216.60671200930113,524.8482696325267,28.814500631902593,117.20249656317768,244.02587600594566,124.78158143599319,261.1105886599095,338.6697377535725,1274.8925162695773,940.7753902959939,501.88776126296847,67.55496031746031,104.82353728143201,86.62983033048822,75.79169071669071,242.3589458158643,194.13225253492655,216.50585117401423,470.9466624390931,422.26173522774815,120.1080200681856,170.84237012987012,258.9669766192755,116.63690063185678,63.148352378615535,172.4518192577403,79.47072740031143,63.83696916988637,74.65777469864157,32.06430278204471,9.86111111111111,69.0726557393224,50.53892266107636,25.447418086849325,19.796441991101435,35.56481481481482,152.36489059186428,3.2096052096052095,23.67634486182873,26.99669312169312,53.46909571909572,95.3500724186208,18.282618310482086,6.361111111111111,15.391067937438905,13.38867845117845,19.866332497911444,30.32959426051531,21.232323232323232,29.75300625300625,29.274831649831647,4.5547138047138045,3.0555555555555554,39.09613997113997,18.408262884069334,19.709967320261438,18.718849206349205,12.383838383838384,10.75986975986976,1.400462962962963,36.39231601731601,30.36748354691903,5.376262626262626,22.989417989417987,52.148877094697525,6.344847468492979,11.203703703703704,3.2735840548340547,0.8443562610229277,0.5555555555555556,5.744836182336182,2.2467532467532467,4.09469696969697,2.4007936507936507,2.0276497695852536,56.03787878787878,5.337814232551074,8.614357864357864,2.4706890331890334,1.1666666666666665,2.266023328523328,18.443121693121693,12.574409849409848,20.95271742146742,9.428571428571429,34.06555399937753,15.736050986050987,1.2593610093610093,1.6666666666666667,1.9484126984126984,21.901882975412384,0.0,24.376653439153436,3.2009680134680134,8.663394597605123,83.99436469514742,4.4226190476190474,15.568524068524068,7.624007936507936,22.602413019079684,1.4166666666666665,17.297979797979796,56.71270858770858,3.5388888888888888,8.172808672808673,23.62022711693764,15.75135975135975,1.25,0.0,4.448412698412699,3.9080687830687832,6.624338624338624,2.8015873015873014,4.6536696328363,3.078204203204203,2.8456790123456788,5.103174603174603,28.52777777777778,13.47089947089947,1.3678451178451176,14.666666666666666,0.0,38.526785714285715,0.0,6.170634920634921,1.9444444444444446,1.287878787878788,61.12394027254708,4.245246955773271,20.71454478255949,11.047619047619047,11.902777777777777,2.823232323232323,11.505411255411255,0.5654761904761905,4.166666666666666,8.84920634920635,1.6666666666666665,5.479624542124542,0.6666666666666667,0.0,1.6666666666666665,5.983956306536951,3.3078703703703702,102.62425033400265,3.75,6.1726190476190474,26.89040648718068,10.555555555555555,14.936660561660561,10.296777296777297,42.66232351526469,1.6666666666666667,1.4074074074074074,4.656084656084656,2.5,2.8287037037037037,39.64487179487179,0.0,0.8333333333333333,4.4907407407407405,0.9041806958473625,7.791175968595323,1.9550264550264551,0.0,0.0,2.014750482492418,1.8838383838383836,0.0,0.8333333333333333,0.0,0.8333333333333333,0.5328947368421052,4.4874847374847375,8.512566137566138,0.8838383838383839,0.0,1.5595238095238093,0.0,0.0,1.2698412698412698
2024.970379626668,282.6385366812915,667.3218164609697,171.8508099043215,34.00543135914653,122.1381591401116,251.9632229352443,64.51899691674734,280.28773667173107,263.81455096574524,10.81268134493941,258.2845138857872,469.333972108382,17.81286549707602,64.2600424672793,48.50042837947895,15.309815538168678,68.064556552672,269.3503545059347,251.93693289512473,849.1215808620578,67.59464952095865,119.82446225532607,306.46678590781255,234.36265813167358,485.87765615821644,521.5394771121244,981.1518927082918,1026.5415543838799,547.1361103058039,207.7234369457912,223.82862032536622,231.49249819931057,166.8640823402425,340.10198192038314,236.13558299236877,271.7297640250984,520.5138591806515,726.7970071088059,251.1810007155225,151.58032141557325,388.803789330712,131.1203145140822,122.02874097595377,136.13276861957857,114.20688818821246,151.55849052716957,146.65601832204166,6.566308243727598,5.740190530088663,197.02165334979426,121.84738886937556,53.65843077095199,54.55733769644436,41.545321637426895,230.78923701589235,15.290102496384328,43.802907024539735,28.25859026163214,69.74676754317387,121.62645806320113,11.630011232311574,24.07150268143477,16.818991154729694,21.06315616958656,31.500418085236987,40.90134601533158,2.2354497354497354,20.70869985421069,11.615965316517098,2.8595952246206915,44.5894097302766,82.52859870432026,16.801672585939706,11.623603336826147,28.844081799823424,1.1520467836257309,3.0752957662974643,0.7095920805598225,51.0781485068412,82.4178700355483,5.027141105451801,20.847809862170358,23.75018549959127,4.12274429044711,18.20891243259664,2.0965226686788654,3.395753557892777,16.57714177917913,14.071203281092924,4.7164122427280315,6.50031328320802,10.483500417710944,3.3662280701754383,51.24542277138485,8.36048454469507,0.0,2.543615984405458,13.014902848519148,6.276180839848072,9.025628587598028,8.968736533960076,12.883878807478128,13.235925433010888,104.82726387674538,20.613563986371002,5.486953011146559,0.7017543859649122,4.525900324287421,22.281133839914368,0.5753968253968254,15.036797273813402,1.855510752688172,38.18145680981702,74.96200890437133,11.077281016160473,10.503015440197103,25.760829448329446,3.0322109036030938,23.502757790533682,32.90077269038785,12.806494282300735,8.99247671149199,13.104612020246694,68.5672084904343,24.019562795878585,12.73454469507101,0.0,5.8812995546866516,28.393652141105452,8.191149645592203,5.228096375945838,33.40693617257001,17.020554004778678,5.382695088976923,3.533721180780004,28.42940685045948,0.7692307692307692,2.6203289259316422,1.2573099415204678,1.490088858509911,95.88812009114781,0.5,12.618838763575605,1.6666666666666667,3.616161616161616,39.21577432127051,9.395579428117628,13.913016324729432,3.0319388214125054,9.22465886939571,3.1433691756272397,16.19579462123322,8.347593376880303,19.763841421736156,12.963899648110175,0.8333333333333333,38.997484564158306,2.807017543859649,4.699561403508771,0.8333333333333333,4.318017265385686,8.74873012606459,56.498847642660685,2.0,10.662862965494543,9.595029239766081,3.7652928617840895,34.33563293431715,10.85131395884084,84.78685878391761,7.676112323820303,3.063973063973064,8.166531227057542,11.349206349206348,0.0,17.870472607314714,0.0,0.9696969696969697,0.0,3.0092812676853424,0.0,2.200339558573854,0.0,0.0,2.661172161172161,1.5505050505050506,1.4585927183550274,0.0,2.807017543859649,0.6349206349206349,4.829482981647668,0.0,0.0,6.173598980616524,2.6666666666666665,1.769980506822612,0.0,7.129758760701035,13.033755535792887
792.7152809691174,137.11719343977407,113.83847804354717,60.67524321556579,11.11111111111111,8.679723502304148,123.82368395386828,19.415770609318997,104.29631763099505,52.32607953575695,32.73297491039426,71.96486011002139,218.98067577269615,25.15786528286528,101.58679283679284,5.555555555555555,8.476702508960573,38.30521420037549,54.216026625704046,209.0741230823843,208.9836083868342,13.230286738351253,28.84690220174091,242.09202349715932,69.3306777247779,69.55000853387949,164.2868346175781,466.0318953746373,348.7762753658339,264.0432618456812,43.730926779313876,96.39829171623374,89.75115595276885,11.960829493087557,198.75183173627875,31.787793598277467,262.82456709010603,322.3659493370868,328.8381172292462,54.48006059054446,101.7613287250384,256.3586362860556,68.74537230988844,51.86294589520396,133.6280081925243,60.743983614951354,17.433862433862434,61.3958013312852,34.69406041986687,10.37378392217102,27.73227086533538,45.54173067076293,3.913530465949821,2.779377880184332,94.8611111111111,71.01911260782228,55.081605222734254,32.62459464072367,5.68010752688172,6.627624167946749,13.883399775680882,14.185931899641576,3.032258064516129,2.913082437275986,11.008064516129032,10.775174944529784,29.68125960061444,12.407203907203906,4.325396825396825,27.70910332200655,3.9085381464413724,0.7738095238095237,22.448924731182796,10.013402069853683,4.221966205837173,49.75953773322194,3.958333333333333,4.867011976571379,8.016513056835636,4.565412186379928,4.802227342549923,0.0,32.83352534562212,2.1804062126642774,6.116487455197133,22.206349206349206,22.339563065369514,2.7259344598054276,4.050776583034647,14.955197132616487,0.0,8.793447293447294,13.569902319902319,1.736111111111111,93.32125789383853,1.48989898989899,0.0,8.626984126984127,1.3655913978494625,3.531874039938556,1.3978494623655915,16.0942140296979,1.8359575012800817,9.178059395801332,4.050477897252091,16.296296296296294,1.30568356374808,0.0,13.571684587813621,0.0,0.0,3.7992831541218637,4.675712578938385,17.964413722478238,66.45289298515105,1.8100358422939067,7.231206069915747,0.0,3.172043010752688,1.9592293906810034,1.0902031063321387,0.5990783410138248,31.662186379928315,3.6904761904761907,2.6582181259600612,0.0,1.6666666666666667,21.19656283566058,5.321684587813619,5.728195937873357,3.2965309779825906,1.021505376344086,2.921146953405018,1.507168458781362,0.695141377937077,0.0,0.0,0.0,6.505376344086021,3.611111111111111,1.6666666666666667,14.282916392363397,3.333333333333333,0.0,0.0,0.6666666666666666,4.801075268817204,0.0,0.0,5.108225108225109,0.8125472411186696,0.0,7.777777777777778,2.2646356033452806,0.0,0.0,11.203703703703702,6.678187403993856,0.6666666666666667,0.0,0.0,0.958994708994709,15.166922683051714,2.9175627240143367,0.0,1.3888888888888888,1.6666666666666667,0.8333333333333334,0.0,5.313620071684587,0.0,5.1813022700119475,0.0,0.6666666666666666,0.0,0.0,14.61111111111111,1.6666666666666665,0.0,0.0,3.508064516129032,1.6666666666666665,7.713709677419354,0.0,3.972222222222222,0.0,0.0,0.0,15.035842293906809,0.0,0.0,1.3507424475166412,0.0,0.0,7.751322751322751,1.6666666666666665,0.0,1.1111111111111112,7.149641577060931,0.6989247311827957
260.8139453139453,18.701872201872202,57.15608465608465,17.435592185592185,1.3974358974358976,4.465811965811966,12.528490028490028,8.251322751322752,84.9490231990232,3.128205128205128,2.8682844932844933,15.370726495726496,55.017556517556514,6.061965811965812,6.7004985754985755,17.694444444444443,0.8333333333333333,5.5503108003108,6.037393162393163,52.01495726495726,61.394332519332515,2.02991452991453,5.512820512820513,96.85576923076923,7.42063492063492,13.05982905982906,49.05120573870573,70.4045584045584,97.06267806267806,65.05443630443631,2.7777777777777777,34.73575498575499,1.235042735042735,4.611111111111112,57.63390313390313,5.709706959706959,35.587606837606835,66.33547008547008,81.56018518518518,24.213675213675213,17.04884004884005,20.480413105413103,7.117521367521367,7.12037037037037,43.419871794871796,34.166666666666664,6.513227513227513,0.0,9.766636141636141,14.627849002849002,2.7083333333333335,4.580840455840455,0.9529914529914529,1.277777777777778,31.986060236060233,9.837606837606836,5.3739316239316235,1.5064102564102564,0.5833333333333333,4.1915954415954415,4.07051282051282,0.8333333333333333,2.611111111111111,0.0,0.0,3.0897435897435894,1.2606837606837606,3.798076923076923,0.0,3.388888888888889,2.5555555555555554,3.2264957264957266,2.111111111111111,1.1965811965811965,0.0,9.0758547008547,1.8653846153846154,1.300213675213675,0.9188034188034188,0.5555555555555556,0.0,0.6282051282051282,1.3942307692307692,5.395299145299145,0.5555555555555556,11.226190476190476,6.955128205128204,0.0,0.0,0.5555555555555556,0.8333333333333333,2.7916666666666665,0.0,0.0,18.958333333333332,1.905982905982906,3.5416666666666665,0.6944444444444444,0.0,3.867521367521367,1.0897435897435896,0.0,0.0,0.0,0.0,0.0,1.3333333333333333,2.1858974358974357,0.0,0.5555555555555556,0.0,0.0,0.0,3.8675213675213675,7.5,0.0,1.277777777777778,0.0,1.25,0.0,1.1111111111111112,0.0,0.8333333333333333,1.1111111111111112,3.7499999999999996,0.0,1.25,99.73193473193473,0.0,0.0,0.0,0.0,0.0,1.4444444444444444,0.0,0.0,0.0,1.0833333333333333,0.0,0.0,4.652777777777778,8.694444444444445,2.4259259259259256,0.0,0.0,0.0,0.0,0.0,1.1111111111111112,0.8333333333333333,0.0,0.0,0.0,0.0,0.0,0.0,1.1111111111111112,0.0,0.9722222222222223,0.8333333333333334,0.0,3.6976495726495724,0.0,0.0,0.8333333333333333,0.0,0.9722222222222222,0.0,0.0,0.0,0.0,0.0,0.0,4.166666666666666,0.0,0.0,10.972222222222221,0.8333333333333333,0.0,0.0,0.0,0.0,2.6225071225071224,0.8333333333333333,11.597222222222221,0.0,0.0,0.0,0.0,0.0,0.0,0.0,0.0,0.0,0.0,0.0,0.0,0.5555555555555556,0.0,0.0
1532.4289414289415,88.84896893230226,6.895743145743145,35.23412698412698,8.194444444444445,40.86904761904761,164.48677248677248,2.083333333333333,134.47905643738977,251.15398027898027,3.333333333333333,107.38888888888889,55.674723424723425,35.93386243386243,102.39021164021163,0.8333333333333333,68.97222222222221,1.0317460317460316,2.2222222222222223,135.25707163207164,1286.7171717171716,0.8333333333333333,2.2222222222222223,106.66512345679011,4.222222222222222,148.8366402116402,105.46395502645503,601.9947910885411,210.48867336367334,292.50628306878303,19.808658933658933,144.16402116402116,108.3066748066748,48.16931216931217,236.21717634217634,23.032203907203908,0.9722222222222223,200.72652116402116,299.40235690235687,49.41005291005291,78.04365079365078,99.8985088985089,11.444444444444445,1.3888888888888888,4.5,41.43518518518518,15.517195767195766,77.10858585858585,166.760582010582,19.715057319223984,2.25,14.19047619047619,0.0,34.404761904761905,0.0,0.0,76.89153439153439,2.333333333333333,2.384259259259259,0.0,0.0,0.0,0.6666666666666667,124.86691086691086,0.0,0.0,0.0,2.888888888888889,3.702380952380952,141.98478835978835,0.0,1.6666666666666665,1.1111111111111112,1.507936507936508,0.0,0.0,26.878968253968253,0.0,1.0,0.0,30.785714285714285,3.7222222222222223,0.0,5.615079365079365,3.8095238095238093,0.0,26.112026862026863,0.0,21.58862433862434,0.0,3.0595238095238093,0.0,0.0,13.25925925925926,0.0,8.791666666666666,0.0,0.0,65.70436507936508,0.0,3.007936507936508,0.0,0.0,0.0,0.0,16.799783549783548,0.0,168.22156084656083,0.0,0.0,46.01037851037851,3.75,13.814814814814815,0.0,6.621392496392496,0.0,0.0,33.797619047619044,3.0555555555555554,0.0,1.6190476190476188,0.0,0.0,0.0,0.0,0.0,0.0,0.0,0.0,4.722222222222222,0.0,0.0,0.0,0.0,67.30382696007696,56.21560846560846,10.067460317460316,0.753968253968254,0.0,26.567460317460316,0.0,1.8333333333333333,0.0,0.8333333333333333,3.8888888888888884,0.0,12.5485347985348,0.0,0.0,8.543650793650793,0.0,0.0,0.0,0.0,1.0317460317460316,9.994949494949495,0.0,0.0,46.86111111111111,0.0,9.941919191919192,37.07275132275132,0.6666666666666667,0.0,4.833333333333333,0.0,0.0,6.943783068783069,17.984126984126984,0.0,0.0,0.0,97.17890211640211,13.005411255411255,0.8333333333333333,28.53932178932179,0.0,0.7638888888888888,1.1111111111111112,0.0,0.0,15.635531135531135,0.0,0.0,0.8333333333333333,4.191919191919192,7.111111111111111,27.802910052910054,0.0,0.0,1.5132275132275133,0.0,0.0,69.12457912457913,0.0,27.990319865319865,42.164021164021165,26.569444444444443,0.0,0.0
1178.6910354579709,164.7111095296579,81.83785628946919,71.76935348104702,31.20899470899471,42.930741749290135,90.390004260972,98.08288819901723,135.85033007613652,116.44357941938587,26.16874210019371,103.68515673892017,545.4830456431263,3.029100529100529,13.448412698412698,7.2896825396825395,21.06618023553507,41.03326079535757,186.1524839407904,235.59119014989508,721.2556376817129,16.87651148135019,135.24505810796134,662.8619974708685,32.455069124423964,137.12975860758118,689.1160476321767,256.99364419928935,485.67004401413004,840.8234369423885,48.464349718381975,199.1354867504061,444.01381332228107,67.57611474546958,175.7574161783391,45.26181942310974,114.51127053949635,172.02008039749975,477.001150432602,143.35120734999768,233.52482565721812,282.5920924124329,221.45395785516752,202.27579700765185,68.06095039966007,118.2067566543373,10.071428571428571,129.17535033664066,3.935483870967742,5.587906716938975,21.783410138248847,74.8601995376189,30.90036695681857,12.047917733401604,70.90560365560366,88.47333162655742,15.684986061330147,40.58798429766171,19.758064516129032,19.726905188598735,65.44420643076556,17.0556728963987,0.7526881720430108,51.24125374326987,16.093595323434034,52.2556953948083,119.09744623655914,35.74298941798942,12.708333333333332,61.58282130056323,36.13456122730316,13.70138888888889,56.117767537122376,5.69839718226815,38.457871081526996,42.888888888888886,1.2962962962962963,8.146857398873527,16.42803970223325,19.52586347344412,51.50613290532645,40.52768177163338,28.077231609489672,41.73185483870968,35.26036866359447,3.888888888888889,0.0,32.41532258064516,3.1653865847414235,14.67153097798259,2.5,9.755291005291005,7.067307692307692,10.722222222222221,223.84575594656238,0.0,0.0,23.390873015873016,4.276497695852535,1.1603942652329748,18.368929457639133,26.41327444956477,17.551971326164875,30.913978494623656,27.313620071684586,25.8015873015873,68.58912190106845,0.0,2.5152329749103943,5.440476190476191,3.675213675213675,21.664490527393752,47.4502688172043,29.602854582693293,80.75665642601126,6.391577060931899,16.736559139784944,16.34027777777778,1.4944956477214542,10.872759856630823,15.30689964157706,13.517385516713473,20.929851510496672,9.138888888888888,47.74980470544987,30.916666666666668,14.557539682539682,0.7275132275132274,4.482164191841611,18.4242191500256,21.9005376344086,6.177838290741517,8.756656426011265,32.67313861028282,3.859148318825738,0.0,45.013888888888886,6.666666666666666,2.8291517323775386,0.0,0.0,30.1410650281618,6.230599647266313,2.3095238095238093,3.7499999999999996,10.706349206349206,2.025089605734767,25.331242532855434,28.98743386243386,5.306878306878307,15.691798941798941,2.3540706605222734,2.361111111111111,8.134707287933095,0.0,50.32539682539682,1.8749999999999998,10.607339792823664,0.0,1.1111111111111112,0.9374999999999999,0.0,13.206701228878648,74.06928154481918,1.9696969696969697,11.11111111111111,2.2727272727272725,0.0,0.0,0.0,0.0,4.500448028673835,1.4285714285714284,0.0,0.0,2.0555555555555554,0.8333333333333333,0.0,0.0,4.404761904761905,4.721000325839036,0.0,0.0,0.0,14.75,1.8518518518518519,0.0,0.0,1.8548387096774193,3.6515151515151514,0.0,7.980286738351254,5.376344086021505,6.555555555555555,7.652777777777778,0.0,0.0,0.0,1.7191500256016385,5.109831029185868
476.08695144724555,41.3260582010582,21.02777777777778,4.166666666666666,3.6111111111111107,3.5185185185185186,117.64814814814814,15.259259259259258,49.41296296296296,18.52314814814815,1.4814814814814814,24.64351851851852,312.38425925925924,3.1296296296296298,22.85185185185185,6.296296296296296,1.5277777777777777,15.555555555555554,57.32037037037037,37.88333333333333,74.6574074074074,6.481481481481481,24.113888888888887,56.44907407407407,36.8287037037037,58.727263374485595,111.075,141.00720164609052,287.5824514991182,138.31584362139918,12.055555555555555,96.76851851851852,29.25925925925926,3.7037037037037037,84.16666666666666,19.75,28.269444444444446,169.2334656084656,182.6851851851852,55.879629629629626,30.26851851851852,76.00462962962963,8.166666666666666,15.264550264550264,49.86111111111111,4.277777777777778,4.365079365079366,7.12962962962963,17.707407407407405,12.36111111111111,8.518518518518519,28.500925925925927,4.0740740740740735,0.0,35.37037037037037,15.369444444444445,9.222222222222221,5.777777777777779,0.0,8.712962962962962,15.462962962962964,0.5947712418300654,0.7638888888888888,2.2222222222222223,1.4814814814814814,6.796296296296296,3.1018518518518516,6.111111111111111,5.555555555555555,1.3194444444444444,4.648148148148148,2.5555555555555554,5.555555555555555,2.8009259259259256,4.555555555555555,17.962962962962962,2.236111111111111,5.5,0.0,2.3611111111111107,0.0,0.0,2.7777777777777777,43.044444444444444,8.777777777777779,17.666666666666668,5.0,2.2222222222222223,0.0,2.611111111111111,3.908333333333333,2.0277777777777777,0.6666666666666666,0.5555555555555556,2.7870370370370368,3.375,26.034391534391535,0.5555555555555556,0.0,0.0,3.3333333333333335,4.777777777777778,0.5555555555555556,1.1111111111111112,0.888888888888889,0.0,3.5370370370370368,2.8333333333333335,0.0,0.0,0.0,2.1666666666666665,0.0,3.2916666666666665,1.3888888888888888,0.0,1.1111111111111112,0.0,0.0,4.62962962962963,0.0,1.6666666666666665,1.4074074074074074,0.0,4.444444444444445,1.9814814814814814,1.6666666666666665,355.6269841269841,0.0,0.5555555555555556,2.388888888888889,0.6481481481481481,0.0,0.0,0.0,0.0,0.0,0.0,1.3888888888888888,0.0,0.0,0.0,1.9444444444444442,0.0,0.0,0.5555555555555556,0.0,0.0,15.166666666666666,0.0,1.1666666666666667,0.5555555555555556,1.7777777777777777,3.333333333333333,0.0,0.0,0.8333333333333333,0.0,4.722222222222222,0.0,0.0,2.2916666666666665,0.0,3.333333333333333,0.0,0.0,0.0,0.0,0.0,0.0,0.0,0.0,0.0,0.0,0.0,0.6944444444444444,7.222222222222221,0.0,0.0,0.7407407407407407,0.0,0.0,3.125,0.0,19.083333333333332,0.0,1.6666666666666665,0.0,2.2222222222222223,2.6666666666666665,0.0,0.0,0.0,0.0,0.0,0.0,0.0,1.2037037037037037,0.0,0.0
121.0996968431179,17.892857142857142,11.374987974987974,4.164578111946533,8.666666666666666,1.8506683375104427,12.083333333333332,11.435185185185183,6.203703703703704,12.158045576905225,1.1111111111111112,7.277777777777778,33.90594541910331,3.0,4.444444444444445,6.537037037037036,10.58641975308642,12.777777777777779,6.48015873015873,22.215538847117795,51.02918217260322,3.3333333333333335,11.887806637806637,33.91228070175438,3.984962406015037,17.149749373433583,32.49001924001924,76.064580643528,92.61401768309662,42.15758778258778,8.333333333333332,34.52850877192982,24.23348143084985,1.9696969696969695,39.65422077922078,2.862990810359231,28.813947748158274,22.515873015873016,34.11062378167641,12.029594820384293,12.615079365079366,10.073099415204679,13.91812865497076,15.782894736842106,16.70175438596491,4.347326649958229,4.2592592592592595,4.38749502990989,3.0317460317460316,2.2222222222222223,11.666666666666666,0.0,4.25,9.444444444444445,11.966991341991342,13.373015873015873,4.742424242424242,0.0,1.277777777777778,3.333333333333333,7.499999999999999,1.8518518518518516,10.208333333333332,0.0,1.1111111111111112,0.0,0.0,0.0,0.0,0.0,0.0,0.0,15.925925925925926,0.0,4.428571428571428,0.0,0.5555555555555556,0.0,0.0,0.0,4.75,0.0,0.0,0.0,0.0,8.357142857142858,0.0,0.0,7.5,0.0,0.0,0.0,0.0,0.0,19.944444444444443,0.9055973266499582,1.1111111111111112,0.0,0.0,0.0,0.0,0.0,0.0,0.0,0.7407407407407407,8.333333333333332,0.0,0.0,0.0,0.0,0.5,0.0,0.0,0.0,19.833333333333332,0.0,0.6666666666666667,0.0,0.0,0.0,1.1111111111111112,0.0,0.0,1.8518518518518516,0.7167919799498748,0.0,0.0,4.655555555555555,0.0,1.2962962962962963,0.0,0.0,0.0,5.0,0.0,3.333333333333333,0.0,0.0,0.0,0.0,0.0,9.610119047619047,0.0,2.2222222222222223,1.0,0.0,0.0,0.0,0.0,0.0,0.0,0.0,0.0,0.0,0.0,0.0,0.0,0.0,0.0,1.6666666666666665,0.0,0.0,0.0,8.10735171261487,0.0,0.0,2.2222222222222223,0.0,0.0,0.0,0.0,0.0,0.0,0.0,0.0,0.0,0.0,0.0,0.0,1.3888888888888888,0.0,0.0,0.0,0.0,0.0,0.0,0.0,0.0,0.0,0.0,0.0,0.0,8.531746031746032,0.0,0.0,0.0,0.0,0.0,0.0,0.0
1667.4978123927694,164.35375781981443,383.5375842299377,47.404082160723526,12.516594516594516,26.757633943117813,274.02385285738404,35.6593763415,98.93132854166578,168.4389093420977,14.86566487135747,96.84603529420892,353.51825717827415,17.635270774976657,106.52332659678564,45.45958766648422,30.45233371941152,84.56831126459095,146.24008130459742,259.67093226581164,539.497560702993,19.4440300340838,131.53835330100625,404.41709879489514,209.23353917268096,178.45270651943807,374.0098314286839,693.5420526350573,628.1703840225241,573.472069786839,75.66574145189736,137.41961439969768,257.0601340803231,28.105420964410527,301.94331742813966,140.9880949532709,427.68107237012316,592.4504254577025,460.4604463964363,218.4937954816987,181.97845812856377,156.96018635755735,113.9465389165234,82.87193944048782,243.74382810107616,33.43782745530057,14.219750765803397,60.22390744792178,99.44063717047588,77.33511575043833,79.95853839328913,28.714168696695577,20.88028028690168,7.6165377805870165,230.22545275511806,97.70680512239652,40.7402927120669,67.35812872005442,28.408446989092152,11.446080104682256,19.70169048394855,25.880981303590243,20.279687556569275,16.37808577324706,18.824545295300812,85.07937057466627,9.505689135454531,14.746031746031745,5.395622895622895,94.74681292423227,11.531676209095563,10.697009277730281,57.07780764635603,26.182987153880738,13.478162851976894,37.57666610213753,6.092592592592593,11.127415598796402,5.391406383341867,11.334392310198762,14.496108870397295,2.3608124253285543,40.21996131460078,12.484794178342565,5.776155370913435,87.67254232695409,25.45088691098878,3.8790555322813387,37.62608806963645,8.651503651313899,15.641214845760299,21.417696785021345,67.46771284271284,1.378968253968254,151.3554760973325,10.272727272727273,7.0801795006340456,15.389169472502806,10.583713535919419,9.070032118419215,2.5461876832844577,10.728463591366816,14.67375366568915,11.156379462831076,4.982761563406725,8.453703703703702,10.373783922171018,10.195286195286196,7.818996415770609,9.34307948768733,7.904761904761905,2.818786947819206,5.8713750407298795,33.5844132611426,451.44238173586325,3.7810904746388614,5.980670762928828,1.574074074074074,4.726702508960574,33.783081971791646,9.516326863101057,3.3299197815326846,15.059217365668978,3.7037037037037033,27.846062002513616,13.558846036118762,4.432178932178932,21.738826232247284,0.581622678396872,7.408497416561932,9.976997315706992,2.4623655913978495,6.072416432631487,6.595680305357725,4.305007318448179,3.3939393939393936,4.9297340607501035,26.448412698412696,0.926197458455523,3.777657527657528,31.701358826358824,70.60329011532929,2.1439393939393936,3.3838383838383836,6.398989898989898,1.6666666666666665,2.4731182795698925,3.4252199413489737,0.0,0.0,2.8723974438260154,3.024833589349718,7.935432758962171,5.923672205930271,0.5194805194805194,51.73810616992435,3.627450980392157,15.435225915064624,20.748366013071895,4.41919191919192,3.333333333333333,0.0,11.99143508820928,35.67435829093174,0.0,6.966329966329966,18.936868686868685,34.519841269841265,0.0,1.7150537634408602,3.642135642135642,6.2790781168917364,0.0,6.583103764921947,0.75,7.547619047619047,140.7001563251563,3.009259259259259,0.9956709956709956,2.3529411764705883,2.4372759856630823,7.730158730158729,6.539833822091886,1.2037037037037037,1.4285714285714284,43.814333814333814,2.0246913580246915,0.8440860215053764,0.0,0.0,0.0,3.8074242301746546,0.7078853046594983,2.0370370370370368,2.234126984126984,1.1111111111111112,0.0,0.7792207792207793,3.4332029977191265,14.941624385172771
1738.8354526452483,246.82498569165236,370.14248497390014,106.29663959860038,57.755989437121116,75.11305356927399,231.2266872335838,301.4907979003567,219.21465432715434,181.5362012987013,45.15219718553052,87.99703805822806,249.1171133332898,64.21816578483245,54.42093073324957,57.82007248817594,103.26422959756293,129.845987918875,574.2563511586242,251.48993660660327,1304.4385177492902,80.47429280958693,158.14708630887625,434.33211834008404,145.0648148148148,462.8231363576698,508.41217860590376,500.71964201217776,599.8987790182011,549.4458381444603,159.19791798378753,318.1537651391818,195.88325584589953,101.30815060508043,190.50087504590616,98.88203966953967,324.17784698054305,342.004126265891,575.4526528320607,263.2874475976656,232.16493631167543,420.74838126047274,501.9321908598224,422.0837341670675,80.96375106375106,84.58560205226871,191.4919963025355,156.14709796376462,23.618077601410935,23.795835337502005,64.68955150851703,272.23067272233936,78.01568681112292,54.51190476190476,111.65379796874049,381.9409571909572,39.23648881982215,55.82624859708193,42.687289562289564,137.7170634920635,228.99903643923253,13.893713040771864,42.504629629629626,140.18486970545794,35.157407407407405,369.48488455988456,36.32374003991651,31.434628026294693,23.491398108064775,51.01587301587301,105.0051649331061,55.796119039892986,16.748015873015873,12.514584957401048,106.23667628667629,7.580246913580247,35.77619047619047,16.48001443001443,60.83324514991182,78.43700897867565,63.5421221480045,20.749074074074073,14.003968253968253,55.83386335886336,20.265893057559722,15.531746031746032,2.761904761904762,33.454585537918874,12.608024691358024,25.995116956772158,29.205190796857462,16.415079365079364,14.051190476190477,24.100829725829726,80.82720479871017,1.3888888888888888,14.05864197530864,7.484126984126983,24.997040459540457,4.131613756613756,60.93541211874545,96.20267037489259,80.95462962962962,204.6404200737534,84.7034595034595,22.785052910052908,78.54644059644059,4.707671957671958,17.85698252364919,15.782687991021323,0.6878306878306878,25.797171347171346,59.264550264550266,26.417360109026774,39.61030077696744,11.168518518518518,18.46749238415905,14.492592592592592,16.275781625781626,20.969973544973545,22.30787037037037,15.519400352733685,22.127175131561096,64.24825637325637,69.28044774916816,44.359848484848484,12.250837742504409,37.76483388150054,23.801388426388424,16.814935064935064,6.949164851125635,19.60185185185185,5.525813692480359,67.02283206238582,161.76719576719577,3.0539682539682538,15.28433541766875,0.8333333333333333,9.27404295051354,7.698412698412699,3.666666666666667,20.842171717171716,4.083333333333333,11.238656405323072,0.779320987654321,0.5396825396825397,16.173456790123456,19.16111111111111,20.958838383838383,17.67037037037037,8.519841269841269,2.1031746031746033,10.590608465608465,2.2703703703703706,8.503968253968253,10.175925925925926,2.0555555555555554,17.236507936507934,7.083333333333333,0.0,2.2222222222222223,0.0,9.707407407407407,14.88753900420567,17.258818342151674,7.7447089947089935,5.05050505050505,6.906746031746032,15.677513227513227,17.526094276094277,5.797720797720798,7.055555555555555,2.888888888888889,5.489814814814815,0.8333333333333333,0.8217338217338217,5.423456790123456,1.8777777777777778,1.755952380952381,10.356709467003585,16.137991021324353,1.3095238095238095,3.4656084656084656,2.3664021164021163,2.8293650793650795,3.9777777777777774,5.5791733762748255,7.962962962962963,69.97979797979798,11.629148629148629,0.9126984126984127,71.5079365079365,4.074074074074074,11.811111111111112,11.681746031746032,11.69137498304165,2.4074074074074074,0.5555555555555556,9.610449735449736,8.856878306878306
1247.2070051861717,74.29761904761905,184.32949457949456,9.502104377104377,2.1666666666666665,19.310405643738978,14.395502645502646,28.419973544973544,48.81261022927689,34.33201058201058,14.987484737484737,90.63078279744946,145.52704856871523,11.838624338624339,61.665079365079364,12.277777777777777,8.4508547008547,76.49023199023199,23.510893246187365,162.46227152477152,205.0463217338217,1.6666666666666667,2.0496031746031744,151.7878213834096,10.444444444444445,161.6657647907648,136.89357864357865,298.5228498353498,173.92768805268804,169.91760862594197,59.1531339031339,128.90384846634845,41.773148148148145,27.04292158458825,57.9033374033374,353.7955632330632,21.492724867724867,168.09343434343432,393.1451705145314,82.62449124949124,55.199500455452835,68.06393298059965,2.7777777777777777,6.744047619047619,1.6666666666666665,13.681250847917514,17.99206349206349,86.30299847211612,24.875661375661373,13.242504409171076,9.517094017094017,19.02821869488536,4.583333333333333,7.817460317460317,3.492063492063492,5.21031746031746,29.95899470899471,8.742063492063492,60.148569023569024,3.8492063492063493,2.138347763347763,2.361111111111111,5.464285714285714,16.62169312169312,0.5555555555555556,3.1666666666666665,4.404761904761905,13.396825396825395,5.646825396825397,31.529761904761905,2.5198412698412698,6.538034188034188,1.0714285714285714,1.2103174603174602,0.7222222222222223,12.631673881673882,12.759700176366843,0.5158730158730158,2.4444444444444446,1.4087301587301586,25.243735100877956,10.097883597883598,2.5833333333333335,5.698412698412698,1.972222222222222,2.2222222222222223,6.76984126984127,1.5277777777777777,21.125,5.880952380952381,2.380952380952381,0.7142857142857142,0.0,3.22542735042735,0.0,1.3888888888888888,72.00667388167388,0.0,11.706349206349206,3.0370370370370368,0.0,2.0,7.868827160493827,0.5,6.417989417989418,1.9999999999999998,0.0,8.535714285714285,1.25,9.755952380952381,7.368386243386243,8.496472663139329,10.74074074074074,0.0,2.5,1.8650793650793651,0.0,0.7407407407407407,8.981583231583231,0.0,0.0,0.0,0.0,0.0,0.0,1.2037037037037037,0.0,0.0,1.1111111111111112,0.0,0.0,0.0,0.0,0.0,7.685185185185184,3.5303030303030303,15.444444444444445,6.9230769230769225,0.0,9.125297541964208,25.831349206349206,1.5909090909090908,0.6613756613756614,0.0,11.732397232397233,5.348084014750682,9.547008547008547,0.8333333333333333,3.571428571428571,0.0,1.4285714285714284,0.0,0.0,0.0,11.208994708994709,2.9166666666666665,2.462962962962963,0.0,1.375,4.444444444444445,3.861111111111111,0.0,2.0291005291005293,0.0,2.638888888888889,0.5555555555555556,0.0,0.8333333333333333,0.0,0.7936507936507937,1.8333333333333333,0.0,6.497354497354497,0.0,31.842712842712842,6.546296296296296,0.0,1.0416666666666665,15.44047619047619,0.0,0.0,21.082010582010582,0.0,3.537037037037037,0.0,2.1865079365079367,1.6666666666666667,0.753968253968254,0.0,0.0,51.407407407407405,0.0,0.0,0.0,0.0,5.158730158730159,8.333333333333334,3.571428571428571,0.0,0.0
2456.0433159322583,304.62634189102664,99.55941347932176,44.18939548106215,27.79472687806021,48.942051831603024,178.00577848455535,194.43402109162977,271.0415143984923,446.92728200017683,24.47808036666806,140.2092457136453,213.02424089586134,40.72270852802457,88.00289679933643,36.70416157916158,56.98508127674794,93.31627618663639,397.12419759477024,90.96662999138056,1521.6908002310163,47.97105440855441,128.94318952652284,291.690440175034,36.47101279787615,352.0356676796311,449.45846157334205,441.06667912679785,682.3427791660812,661.3344344587139,476.6347371764038,153.92773729538436,280.7073349490016,112.57236692097742,355.5840440339092,381.3805861890356,30.144506326229013,188.58533248207505,977.095738533429,149.32989078703636,161.10778089402038,400.66479864086494,103.94329810401238,239.49530946918438,2.5185185185185186,81.74724543529888,1246.1936345179952,64.90642875642875,73.87368276884406,7.515400978133897,48.77882217923497,189.21048331397793,70.73637190169448,2.7734487734487736,3.5093795093795093,207.79463393749108,13.484817651484317,37.022144770800686,78.88969690440278,54.68295196866625,538.2094605767631,1.5873015873015872,2.0436507936507935,11.56211888469953,4.267118243308719,36.25389344954562,78.84101034125966,5.067460317460317,5.034073730502302,44.60060288036478,4.197464572464572,38.214823188507395,7.29066304066304,4.153099342852664,17.58994708994709,2.1033364783364785,9.368145743145742,1.8764568764568765,58.935649318002255,3.5104445818731533,35.08965527773131,33.16860361860362,8.456916099773242,14.522486772486772,4.4007381507381504,3.7037037037037033,14.511913351199066,21.965751704722294,0.0,4.980255855255855,3.333333333333333,0.0,33.157499907499904,21.923786903704677,10.955923798029062,0.5128205128205128,1.353615520282187,4.971200096200096,35.4445646945647,4.613425925925926,4.683484504913076,7.623695748695749,54.00453712953713,0.6349206349206349,14.203703703703702,34.7779489029489,131.93884125134124,6.408850408850409,10.901755651755652,21.05779405779406,3.1310118452975595,121.41735222449508,10.961338044671377,2.604437229437229,0.7279860505666957,1.6666666666666665,1.7893217893217894,2.741210178710179,8.110569985569985,24.713684463684462,3.6203703703703702,9.16364341435499,66.19787402140344,2.1664814851089362,91.44007626360568,3.3872634646628454,0.9686310421604539,3.0866434616434617,19.75269564743249,0.0,5.110910694244027,0.75,0.0,55.62244237244237,3.3877551020408165,6.875994375994376,3.691919191919192,2.816137566137566,0.744949494949495,8.196762893191464,0.0,0.0,6.624338624338624,0.6547619047619047,1.1505029362172219,3.3221288515406164,25.168542568542566,16.429917226059597,60.91336378742394,1.9047619047619047,1.1035492285492285,2.3333333333333335,1.9576719576719577,2.644300144300144,22.26471059804393,12.106541606541606,1.1452119309262165,4.297739297739298,2.6636604136604136,4.46969696969697,9.476190476190476,15.121349615114863,0.0,7.460939931528166,27.66197691197691,1.6718426501035197,1.4930875576036866,10.869218744218744,10.654551779680778,5.622461779324524,21.125245125245126,1.6666666666666665,15.68928293928294,2.333333333333333,18.920334295334296,16.710139547113098,0.0,4.537037037037036,42.53931589470805,1.917989417989418,2.453904120570787,49.84750756879489,1.9999999999999998,4.52020202020202,0.0,1.8010424462037364,38.92568216097628,10.872959673379842,1.6798941798941798,6.91358024691358,24.242969992969993,1.5873015873015874,33.966931216931215,16.23292448292448,0.0,1.461038961038961,26.56641969141969,0.0,1.8703703703703702,0.0
1661.8526645320624,145.5146905563572,709.486441697538,72.73252364919031,4.931096681096681,93.21482683982684,227.1211034063975,75.05453651286984,127.98563618386851,144.57596909263575,3.7229437229437226,75.04968734968735,229.21199263699265,0.8441558441558442,90.10807374443738,171.41488603988603,43.58600658600658,235.78718391597178,273.8750222000222,372.38311506114536,903.619394652976,16.972162097162098,52.162296738054316,358.2511454594788,255.58254948161365,273.0569575486242,378.7628744712078,534.0908464509512,875.3463902352792,787.6735389470238,85.90078563411896,244.98778166278166,136.87847642123958,43.76899951899952,378.81324989228216,216.4827660087761,291.02611429585136,603.0442858908768,786.7546444284743,142.1724217140884,213.2301818832122,306.5192841565543,424.9429348149045,91.30790043290042,152.5336372381827,130.97984237984238,60.10693241943242,157.00240037740036,35.537758537758535,1.1111111111111112,125.63160198387472,23.79858639303084,41.79229104229104,2.868867243867244,25.31060606060606,252.0506374716901,16.924242424242426,46.116320127683764,44.47863556196889,33.733645983645985,59.28800057966725,45.71845438512105,7.7964165464165465,14.5377886002886,17.410020632389053,64.39813812730479,12.187786960514233,1.2222222222222223,12.889309764309763,13.673280423280422,6.390489140489141,23.782500327954875,108.27867965367966,6.391855058521725,28.533249158249156,53.716166913894185,8.521885521885523,29.751082251082252,1.3518518518518519,25.493085618085615,31.977994227994227,2.7962962962962963,57.85608064774731,12.475709475709476,12.05076019659353,66.7329661079661,2.72188995215311,4.2201779701779705,1.1111111111111112,23.51818181818182,25.266965357874447,14.482212232212232,26.939574314574315,5.748237873237873,214.0124434506155,2.7398989898989896,7.210372119463028,15.234006734006734,4.542929292929293,8.409090909090908,3.8762626262626263,15.243073593073593,42.63961038961039,15.465929132595798,10.07435465768799,4.861111111111112,19.73158323158323,8.257575757575758,4.444444444444444,20.120864731975843,1.8253968253968256,8.85064935064935,0.0,60.621208477269086,221.66602568307113,4.811026936026936,22.997474747474747,0.9848484848484849,0.0,13.806709956709957,9.959235209235208,2.4808201058201056,4.697643097643097,1.7824463118580764,229.64800384800384,124.46411809290596,7.1641414141414135,2.5,1.9191919191919193,7.667388167388167,29.40812890812891,4.419753086419753,7.002405002405002,12.361693861693862,1.5,25.50167806050159,26.905188246097335,3.333333333333333,2.95959595959596,1.2886002886002887,14.43001443001443,151.48340502090502,2.9797979797979797,8.0347923681257,6.3686868686868685,0.0,14.190155523488857,3.3177609427609425,0.0,3.333333333333333,3.2537878787878785,4.0476190476190474,4.9646464646464645,14.627705627705627,4.426647426647427,20.013566399930035,0.0,59.095418470418466,9.722222222222221,2.575757575757576,0.0,1.7195767195767195,11.923310485810486,35.022375772375774,0.0,19.100468975468974,10.224456099456098,3.077601410934744,16.072310405643737,6.706188872855539,24.325517075517077,6.44949494949495,0.8441558441558442,12.755148891512528,0.5681818181818181,0.5,88.17233692233692,5.277777777777778,1.699134199134199,0.0,3.5103785103785103,8.912818662818662,1.1313131313131315,0.0,0.0,0.0,0.0,0.7777777777777778,7.8896103896103895,3.641975308641975,0.0,2.26010101010101,4.12037037037037,0.0,4.959315375982042,0.0,0.7142857142857142,0.0,2.702020202020202,8.54040404040404
2682.0893274154605,333.32150007150005,409.1255973715651,93.82967631497043,24.333333333333332,19.666666666666664,181.69563751426494,37.34920634920635,290.0515873015873,22.92203548085901,8.924019607843137,141.25163398692808,867.7884026305079,3.751322751322751,13.591581076875194,2.666666666666667,1.1111111111111112,24.450708061002178,137.36111111111111,221.4966931216931,487.10124234879135,12.222222222222221,37.63486513486514,427.9259259259259,305.75936948853615,104.78968253968253,204.64646702698172,1122.5243845817374,899.7232632819209,495.8868479015538,64.93055555555556,427.5512740183793,175.22222222222223,52.65639589169001,550.2264878173492,82.66484341484342,246.44613030397343,434.99976247809064,640.2787064968437,104.66137566137566,117.44195755225167,407.46560846560845,395.4645969498911,69.37037037037037,220.22669623404917,139.41666666666666,0.0,84.7531746031746,2.8373015873015874,0.0,49.0,71.82936507936508,23.94200244200244,10.333333333333334,19.696482439129497,66.99118165784832,6.3852813852813854,6.469135802469135,11.833333333333332,7.072310405643739,29.862055933484502,2.7777777777777777,0.0,48.78174603174603,15.416666666666666,26.870370370370367,6.833333333333333,1.349206349206349,9.238095238095237,4.092592592592593,3.9999999999999996,0.0,6.574074074074074,0.8134920634920635,13.055555555555555,4.045530492898914,1.6666666666666665,5.694444444444445,16.22222222222222,11.527777777777777,11.170634920634921,4.166666666666667,35.35185185185185,0.0,3.8888888888888884,29.83399470899471,3.571428571428571,10.0,3.333333333333333,0.9150326797385622,1.1111111111111112,2.268518518518518,7.428571428571429,0.0,125.91541541541541,0.0,20.53174603174603,28.039682539682538,3.8888888888888884,4.166666666666666,0.0,10.021825396825395,3.333333333333333,5.071428571428571,1.1111111111111112,5.481481481481481,1.6666666666666665,1.1574074074074074,1.1111111111111112,6.0,6.944444444444445,15.0,4.555555555555555,5.5,33.57470279345279,5.0,2.2261904761904763,2.0,0.0,20.194444444444443,19.814814814814813,5.046296296296297,18.88888888888889,14.087301587301587,11.5,1.1111111111111112,3.8888888888888884,65.5052479977292,3.333333333333333,21.35978835978836,4.722222222222222,1.5277777777777777,5.555555555555555,1.1666666666666667,0.0,1.6666666666666665,0.0,0.0,6.944444444444445,0.0,0.8333333333333333,13.007936507936508,0.0,0.6666666666666666,0.0,2.944444444444444,0.0,1.1111111111111112,4.166666666666667,0.0,2.4074074074074074,3.333333333333333,7.230392156862745,0.0,0.8333333333333333,0.0,1.1111111111111112,2.301587301587302,0.0,0.0,0.0,0.0,6.71957671957672,3.1388888888888884,0.0,0.0,5.444444444444445,0.0,1.6666666666666665,4.555555555555555,0.0,0.0,0.0,0.0,0.0,0.0,4.640740740740741,0.0,0.0,2.7777777777777777,0.0,0.9523809523809523,0.0,0.0,21.416666666666664,0.0,0.0,0.0,0.0,0.0,0.0,1.6666666666666665,1.6666666666666665,0.0,1.6534391534391533,0.0,0.0,0.0,1.8055555555555556,0.0
16239.49456960185,1756.8613677676,628.8929244875065,426.9014235046008,205.4154430446097,214.85851802518468,550.316503974373,656.7183093271349,1310.9854600870003,1095.5932755979065,549.2425577671191,852.053341961313,1699.428888697851,96.49726343615232,987.0393152370555,252.10928715533979,215.32595645095645,373.56383080761304,566.8308861379037,1329.6192753046628,3308.833681774884,112.11415875790875,481.41378220544885,2002.6443407101997,116.53795599825011,861.5410969672837,2550.611473254232,4472.763846773888,3307.3792715667396,3130.402254504097,739.053529622157,785.3510259754335,571.4648128181376,726.4841110964583,1365.966124034362,6139.073011805598,92.67634186800854,1755.779308048247,4534.892004084158,889.5378645418007,1657.2749937427,1518.5618979038386,167.45713950174735,190.0883118424785,170.81625177940967,510.81967089896284,5261.074875345722,652.2989619679021,647.6199358929492,266.5523915736635,251.55397434549798,499.22569730041124,61.74910918783468,175.39607133969878,249.33030395530395,116.16326798395829,146.77163731330398,131.51514149430815,607.6006298681953,105.4202847805789,105.54371754788421,26.556674806674806,129.15290470846026,319.56484876778995,18.454144620811288,55.21858289952919,364.86254655140937,86.45073753407087,159.40801605801605,648.230114389299,67.89626684231948,75.98610176373334,9.896224146224146,13.712361712361712,66.39462199021023,121.2277676027676,363.3105255184965,10.062169312169312,173.56476632444324,13.63322911656245,219.71026900788806,268.8999731749732,17.53240740740741,105.70807016675312,67.8048928195987,36.55555555555556,340.18020993656415,64.38252963048528,313.93386676252806,42.3286104327771,22.429065719855192,10.848544973544973,12.207886557886557,97.3968099801433,10.605820105820106,50.80491635271047,330.37776604541085,15.918868168868169,176.96557353322058,107.19597532097532,82.71981721981722,134.8223258223258,165.4032053337609,5.353835978835979,45.92861952861953,248.65266970640056,12.72971102971103,265.48069042431786,12.354978354978353,49.82233398409869,41.82216703050036,79.94141483710514,416.09667647167646,5.170767195767195,9.61574074074074,7.665079365079365,18.312650312650312,81.5049395049395,114.26657663324329,25.39567192067192,48.84920634920635,24.513511139222715,24.958200441533773,35.73377702544369,45.111896273660975,80.952033871589,5.625432437932438,66.96969696969697,18.570732143100564,12.239153439153439,4.156585698252365,10.639200124494241,7.966269841269841,36.353343388637505,113.97374848144283,94.25142405903276,219.08843223769694,22.06308506308506,16.055675805675804,117.8186904064097,32.0787037037037,9.258207070707071,3.7638287638287635,12.981481481481481,62.175934903876076,7.925281508614842,150.76009818641398,32.939466318942024,84.3558756058756,0.586111111111111,4.90079365079365,2.2777777777777777,1.3333333333333335,8.318518518518518,68.55769600769601,35.18315943315943,42.19470344470344,8.786492747019063,18.90674603174603,11.731481481481481,67.94275461380724,29.86195286195286,11.93068783068783,0.0,84.77505133755133,9.216931216931217,1.8148148148148149,16.862073112073112,86.73060126816577,36.37611970455108,61.90314623647957,4.832010582010582,65.14100782115487,21.756613756613756,694.5211334598589,139.96105757545243,2.0814814814814815,7.065079365079365,407.2359779391384,0.7916666666666666,1.3515832932499598,1152.5987254593915,6.517857142857142,55.731140772807436,101.8103378103378,50.63822751322751,22.242935305435307,63.55823660725621,44.48412698412698,4.2028218694885355,873.0419374411758,0.8055555555555556,0.0,24.82768959435626,3.503703703703704,20.82199019208823,120.21898132519794,24.132936507936506,1.7916666666666665,5.621164021164021
60.6635101010101,4.055555555555555,13.268879268879267,5.037037037037036,1.1111111111111112,6.666666666666666,4.523809523809524,8.126705653021443,11.793650793650793,27.49134199134199,2.7777777777777777,3.984962406015037,16.246031746031747,3.2804232804232805,11.11111111111111,4.166666666666667,1.8055555555555554,6.019300144300145,16.076580339738236,6.944444444444444,50.02053745474798,2.5,10.396825396825395,12.142857142857142,27.21527777777778,27.81228956228956,14.497970779220779,38.63251563251563,26.724867724867725,30.99001924001924,32.666666666666664,8.88888888888889,8.333333333333332,11.11111111111111,15.166335978835978,18.333333333333332,50.6468253968254,62.58465608465608,18.85185185185185,5.984962406015037,6.675925925925926,4.842105263157895,5.555555555555555,3.5087719298245617,0.0,0.0,1.4444444444444444,10.303030303030303,0.0,4.225589225589226,0.0,15.564327485380117,4.476190476190476,4.920634920634921,10.769841269841269,6.786549707602338,0.0,5.888888888888888,4.444444444444445,4.144736842105263,14.554580896686158,6.349206349206349,1.6666666666666665,1.4444444444444444,13.333333333333332,6.666666666666666,6.666666666666666,2.738095238095238,7.388888888888888,0.0,5.0,4.722222222222222,2.2222222222222223,0.0,0.0,0.0,0.0,0.5555555555555556,0.0,4.166666666666666,0.0,3.333333333333333,6.777777777777777,3.333333333333333,0.0,12.0,0.0,6.666666666666666,2.7777777777777777,0.0,3.409090909090909,1.6666666666666665,0.5555555555555556,1.3888888888888888,5.0,0.0,28.730158730158728,0.0,129.16666666666666,0.0,5.0,18.895622895622893,0.0,0.8333333333333333,0.0,0.0,2.2222222222222223,0.0,3.333333333333333,1.6666666666666665,8.80952380952381,0.0,3.333333333333333,6.666666666666666,0.0,3.333333333333333,0.0,0.0,0.0,3.333333333333333,0.0,1.6666666666666667,0.0,0.0,0.0,5.757575757575758,2.0,1.9999999999999998,6.666666666666666,0.0,0.0,7.894736842105262,5.277777777777778,0.0,0.0,0.0,0.0,0.0,0.0,0.0,2.5,2.095238095238095,0.0,0.0,0.0,0.0,0.0,0.0,0.0,1.1111111111111112,0.0,3.888888888888889,3.3030303030303028,0.0,0.0,0.0,0.0,0.0,0.0,0.0,0.0,0.0,0.0,0.0,0.0,0.0,0.0,0.0,12.777777777777777,0.0,0.0,3.333333333333333,0.0,0.0,0.0,0.0,0.0,0.0,0.0,0.0,0.0,0.0,0.0,0.0,0.0,1.4285714285714284,0.0,0.0,1.9532163742690059,0.0,0.0,0.0,0.0,0.0,0.0,0.0,0.0,0.0,1.6666666666666665,0.0
2542.624062252882,124.50316623411861,246.42978024249953,59.90436507936508,14.232323232323234,33.550344717011384,59.86747125519055,27.350749559082892,122.89406085134745,64.11770020103353,71.8324777167509,76.60234144162716,248.97619518274465,26.90613706338178,190.43947548175123,13.148148148148147,40.75596625596626,21.44208129379698,72.8166109036207,262.6875583650855,508.93926309460613,2.5,26.36736411736412,219.10270524614103,111.6402663262098,134.8312775835535,506.6629264284493,426.77387115358147,680.9606458587399,536.4350862831393,82.20292207792208,143.50162183495516,181.52601682993838,52.32385708137588,209.35922584133368,987.5618373398423,34.74357520786092,240.5148154314821,635.8214618722801,154.70579464627085,140.89309631212183,168.19631184239395,6.018858126000983,37.64166851666852,65.98605098605098,65.89453570756386,108.58467778085756,47.27490809843751,41.71059496059496,29.97788256716828,8.267977392977393,59.37719823749235,26.145502645502646,6.302248677248677,12.521645021645021,58.8390022675737,5.88054538054538,54.90420073753407,41.31803112767165,3.7176870748299318,24.807800004228575,1.574074074074074,7.43987493987494,22.412698412698415,1.5665154950869236,6.781144781144781,56.52901683717694,0.7142857142857143,5.01149247577819,33.24457615623029,5.283730158730159,2.777777777777778,0.5897435897435898,6.609103859103859,3.2275132275132274,88.39967902467903,51.45536562203229,0.0,1.9444444444444446,0.596546310832025,42.8872311550883,12.568339068339068,2.0294784580498866,12.314474106140773,18.082010582010582,4.7023809523809526,18.407358998298356,1.5,23.91882483987747,11.911252327918994,2.142857142857143,0.0,0.6666666666666666,2.9365079365079367,11.637806637806637,3.111111111111111,10.058128436559809,1.492905242905243,10.547076380409713,2.683862433862434,2.5332577475434617,9.124458874458874,19.41078366078366,14.105820105820106,7.181818181818182,12.686102883471305,3.388888888888889,16.703703703703702,3.888888888888889,14.718890042419453,37.9041740886979,50.083094154522726,11.267676767676768,1.545815295815296,0.9259259259259259,1.3445378151260503,0.0,1.371031746031746,2.1790123456790123,1.4885361552028218,2.1960784313725488,2.0370370370370368,6.111111111111112,0.0,15.771672771672772,10.946127946127946,0.0,7.731481481481481,0.7792561469032057,0.0,2.876984126984127,0.0,5.25058275058275,6.738095238095238,9.7890700569272,8.16017316017316,32.29557816910758,5.642857142857142,3.333333333333333,3.9977808787332596,2.142857142857143,0.0,2.1944444444444446,3.517316017316017,7.664897272040129,10.084099136730714,6.164021164021164,3.1084656084656084,20.86763535823686,2.566137566137566,1.0156510156510157,0.0,0.0,8.517917267917268,0.5353535353535354,5.187728937728938,1.1700680272108843,1.3333333333333333,0.0,0.8333333333333333,7.301587301587301,2.9333288871103993,0.0,1.6666666666666667,7.0396825396825395,3.8095238095238098,0.0,0.0,4.020562770562771,0.0,2.7239858906525574,0.0,9.30976430976431,0.5050505050505051,31.552189459052205,5.925740330711091,1.2554112554112553,0.0,10.066137566137566,3.564814814814815,0.0,73.54774945524859,0.0,16.255050505050505,1.0317460317460319,1.6282560032560032,0.7387057387057387,0.0,0.0,1.4285714285714286,50.72288087729264,0.0,2.8095238095238093,1.1728395061728394,0.0,3.2936253298740397,5.778989307697442,3.86026011026011,0.0,0.0
2280.408552866886,493.40638528138527,286.32804232804233,44.39417989417989,113.31580687830687,80.55958393458393,48.09920634920635,183.05535205535205,218.79431216931218,238.8546176046176,146.74537037037038,157.54761904761904,256.19973544973544,31.22156084656085,56.31030543530544,4.0,10.682539682539682,94.82244607244607,118.50775613275613,570.0180932128301,312.7826109076109,23.988095238095237,284.1904761904762,344.63953407703406,1.5873015873015872,567.8433140933141,501.8385642135642,453.6544982794983,743.1413817663818,989.364417989418,206.5,432.1744829244829,83.46693121693121,134.28941197691196,463.9697802197802,723.639880952381,5.984126984126984,1366.02683982684,556.1067460317461,137.4124949124949,325.13492063492066,540.623556998557,70.70117845117845,5.810185185185185,1.3675213675213675,350.37213712213713,87.4755291005291,62.87842712842713,59.58273208273208,7.333333333333333,182.5248015873016,183.5593573093573,10.40079365079365,103.97925685425685,34.89484126984127,20.896825396825395,12.03063603063603,50.45238095238095,204.48842592592592,39.290302290302286,2.2222222222222223,21.333333333333332,9.722222222222221,41.32539682539682,2.365079365079365,3.253968253968254,339.01551226551226,8.285714285714285,47.584776334776336,163.42796092796092,13.50925925925926,3.5555555555555554,0.0,17.365079365079364,38.89417989417989,1.1111111111111112,5.031746031746032,2.0634920634920633,16.93145743145743,5.842105263157895,20.635836385836384,91.61294261294262,2.5,7.444444444444445,39.75,0.0,66.33808321308321,18.63888888888889,21.77777777777778,16.899140211640212,21.108465608465607,3.619047619047619,6.23015873015873,12.531746031746032,0.0,8.115079365079366,13.222222222222223,3.698412698412698,14.375420875420875,22.785714285714285,13.031746031746032,81.6521164021164,15.303030303030303,13.680555555555555,1.5,22.202380952380953,0.8333333333333334,10.907407407407407,2.3055555555555554,0.8333333333333333,2.425925925925926,29.337301587301585,70.76577126577126,0.0,0.0,1.1111111111111112,31.337301587301585,37.72751322751323,7.9563492063492065,1.3888888888888888,2.4206349206349205,5.136363636363637,13.165242165242166,77.630291005291,0.0,14.964285714285714,2.9761904761904763,0.6666666666666667,0.0,3.698412698412698,0.0,2.115079365079365,2.2222222222222223,1.8055555555555554,2.4444444444444446,6.546296296296297,1.0833333333333333,2.7777777777777777,4.0476190476190474,13.21957671957672,1.25,0.0,7.361111111111111,5.0,5.587301587301587,0.6666666666666667,9.773182957393484,35.13492063492063,83.35383597883597,0.0,7.361111111111111,0.0,0.0,0.0,1.5,2.398268398268398,0.9523809523809523,1.6666666666666667,0.0,2.5185185185185186,21.52777777777778,2.2222222222222223,0.5092592592592593,0.0,4.814814814814815,7.698412698412699,0.0,0.9722222222222221,101.29040404040404,0.0,7.476190476190476,0.0,12.914631664631665,0.0,18.38085063085063,0.5555555555555556,0.0,3.3333333333333335,59.92929292929293,0.5555555555555556,0.0,52.07059314954052,0.0,18.924603174603174,0.6666666666666667,0.0,17.36904761904762,10.226190476190476,25.146825396825395,1.1111111111111112,10.35846560846561,0.0,0.0,14.444444444444445,0.0,3.8095238095238093,1.3985890652557318,0.8333333333333334,0.0,3.5555555555555554
1248.872035620224,135.76186942436942,86.1964886964887,46.64954181620848,22.776455026455025,81.18965663965663,117.2322831489498,41.91118438569419,163.60103931156561,67.41629049962383,6.0476190476190474,77.67599822205085,165.62546100413746,13.518371546149323,31.703274234452724,21.26434368101035,14.083333333333334,8.558922558922559,47.69258056758056,106.99409561184923,531.852289043659,9.05932030932031,76.8522126022126,174.21396314226214,50.33195309981024,327.7547344630678,209.11253100662285,275.8886382035505,360.7867800137408,340.99764157490074,163.1089607922941,98.11542760072172,64.23620116267175,21.158990700657366,138.71585435357366,242.41048890691746,7.764559514559514,174.66869112044552,487.36555310349166,65.48855773855773,69.9244967994968,252.701702600232,25.234247234247235,28.058008349675017,18.217711301044634,108.07957028351765,259.1836037291123,56.924068215734884,6.904411764705882,9.778712028712029,97.07048189646228,72.79352473566028,12.833333333333334,11.857142857142856,2.1515151515151514,72.9361872695206,13.306878306878307,102.8208442791776,14.27387735721069,21.96139953002698,57.51262626262626,2.7407407407407405,0.0,25.73110223110223,2.148148148148148,8.634920634920634,34.46211196211196,61.64386865857454,9.554193899782135,1.9722222222222223,0.9188034188034189,27.198121552223718,0.0,1.349206349206349,6.036495911495911,1.3888888888888888,29.087962962962962,6.354497354497354,19.582010582010582,2.3566339725760015,16.795010545010545,4.052910052910053,1.6666666666666667,14.133333333333333,1.777777777777778,0.6878306878306878,10.195480445480445,32.871719898035686,2.227838827838828,3.2884800384800386,17.885787701577176,0.6666666666666666,0.6666666666666667,25.86706349206349,0.6006006006006006,0.9090909090909092,3.368606701940035,3.2407407407407405,32.87500925000925,12.829365079365079,6.907407407407407,18.041446208112873,24.070683945683946,5.619047619047619,12.467592592592592,49.63670126170126,3.9444444444444446,0.8835978835978836,1.9663299663299663,2.503787878787879,6.317460317460317,16.406787656787657,14.471230158730158,3.2688792688792687,0.0,0.0,0.0,16.742063492063494,4.007936507936508,3.333333333333333,5.265111431778099,9.564814814814815,3.997354497354497,2.4665242165242165,16.036363636363635,29.013139638139638,3.783700704753336,5.23561061061061,1.5993265993265993,1.9576719576719577,1.7901234567901234,0.75,1.0123456790123457,22.142857142857142,0.0,12.229090354090353,1.6666666666666665,2.2777777777777777,0.0,1.8777777777777778,0.6666666666666667,7.939153439153439,3.8888888888888884,3.7777777777777777,0.0,3.727272727272727,7.722222222222222,3.4035594035594037,28.438729480396148,0.7407407407407407,0.0,0.8333333333333333,3.738536155202822,0.5833333333333333,36.545414462081126,4.295454545454545,0.0,0.7407407407407407,0.0,0.0,3.5396825396825395,1.619047619047619,0.0,1.0173160173160172,55.02104377104377,0.0,0.0,3.4896384479717812,32.51832426832427,1.3876863876863876,75.15807803307803,0.5555555555555556,2.523148148148148,6.5244708994708995,28.365800865800864,1.9503519356460532,0.0,0.0,5.575396825396825,0.0,0.7502341712868028,7.324527324527325,0.0,4.492784992784993,0.6666666666666667,3.573717948717949,5.444444444444445,0.5401234567901234,4.444444444444445,1.857142857142857,2.388888888888889,0.0,2.865079365079365,0.7407407407407407,0.0,1.1111111111111112,0.0,0.6666666666666666,0.0,0.0
1732.4283019990053,243.93561682102828,417.0526868267839,62.361209414053214,23.093030767430715,31.390088092630986,159.45656102999055,126.43025401153584,178.72518389078738,134.1419959825095,12.503650173005012,221.05208908779892,345.5687530913196,4.5031518189412925,54.74785032440535,34.465155945419106,13.063088439574008,116.80827547754028,121.18303824861549,232.76232543043642,812.8063959127946,9.064598405430324,182.99588924249366,279.06453880601237,301.8408888199033,108.23969996812384,338.8531641585688,815.8820202676407,735.2150985728343,629.2955210792371,75.90258273111397,375.81014548620055,253.35680267287927,80.59184462395454,465.30261087007295,126.6064805257436,276.2689399957358,353.1664711505305,440.2244503280157,221.9488738011658,324.9623813438569,202.09182122429408,311.9288201644468,76.71496969671841,174.13222638519753,74.3370173968646,20.875421402833684,172.18578041307242,7.707726264177877,16.48651197887191,70.59384712212626,77.0548396514847,52.07052408856313,21.622801198989652,79.06154217777025,123.32396376653593,26.591742062879582,37.06592137019286,27.44264717078809,6.7462344767098585,92.2035953759921,19.9735125121373,4.53856690847353,23.91470734509784,43.21506927958541,82.35570261185711,7.86946146951549,0.0,13.136502873344977,14.458642125025825,4.718739970649987,38.70719038183153,97.36447954359669,13.578546398580354,22.179726678790395,37.881829746542664,2.6004784688995213,7.506970832098166,2.1678187403993854,10.750304402256864,29.06755545592557,1.763757512059719,69.2154522704308,13.965211170644107,17.993587953265372,74.18174873992727,2.9254042976453842,12.966870377311803,16.88087153367289,7.071667438390698,7.691757869987534,17.290759070364334,26.196514012303485,4.342105263157895,130.56048771597725,0.8939393939393938,6.234036365017226,12.964380648591174,11.702730473952885,6.3088010838435284,3.1883778360858157,6.8787248954906,17.168135188084253,18.035890067299235,9.897127145004903,9.660373853372809,4.290706605222734,1.1416799574694312,3.6568100358422937,44.18121960885119,30.365079365079364,6.671321510031188,8.411953637760089,19.323190789268978,278.4124016383154,3.902136818096071,9.779368692993481,5.033670033670033,0.6499447543590158,21.3439795521714,22.92784114897867,0.5069124423963134,12.861799537945547,4.569757727652465,29.822282816849878,23.80251075346769,20.435007974481657,2.587719298245614,1.6694362984685567,14.785454594452895,7.958818417010267,0.6164874551971327,8.354327901866101,2.843749702266963,9.979909451046971,0.0,38.56755410104692,0.0,0.8175987378024729,1.4753740411635148,2.1318447634237105,90.8051691393918,3.4595959595959593,15.749126604389762,0.0,0.0,4.40714016223354,2.9425580079230333,2.453355611250348,0.6432748538011696,0.0,1.586021505376344,7.284083525311595,8.406305352824877,7.616389458494721,37.180411428019084,0.0,27.263412618109843,3.859649122807017,6.42796384901648,0.0,0.7719298245614035,16.017914817999706,14.429513313788755,0.0,4.728791676160097,12.89739500265816,3.560985797827903,4.885964912280701,4.314516129032258,1.4754689754689754,13.773720101818572,0.0,7.94379716508903,0.0,0.0,29.319522582680477,1.0185185185185184,0.0,0.0,3.334983965289568,4.191919191919192,3.025466893039049,6.666666666666667,0.0,0.0,0.0,2.703977686150861,0.0,3.859649122807017,0.0,2.8488562151550267,0.5101238759982394,0.5555555555555556,2.997076023391813,0.0,2.546157059314954,0.0,2.104983050653679,10.684678837480195
597.8113430186988,159.22234247234246,215.50305021541578,11.297619047619047,0.5555555555555556,1.1904761904761905,17.76228555395222,14.0521423021423,25.08772246272246,36.336339586339584,15.277777777777777,53.92129629629629,167.21228219212088,10.94428046700774,54.38492645347484,0.7222222222222222,2.795698924731183,44.854497354497354,16.14858906525573,83.15581657158718,93.87347588691674,1.6666666666666665,10.11111111111111,50.25751563251563,27.65559776923413,19.101669537153406,86.14945667633839,52.55576890254309,76.39850755576562,157.81780619818252,40.118506493506494,83.09630827820791,68.71452203710268,17.041847041847042,33.12926887926888,55.84854497354497,5.922364672364672,121.23201937449248,166.43231614064948,29.046843240391627,48.29256854256854,34.07275132275132,1.6893939393939394,6.668771043771043,28.69030163385002,9.926184926184925,8.624338624338623,38.43457423699359,10.549382716049383,2.6984126984126986,6.29563492063492,7.161887694145758,3.1137566137566135,0.7566137566137565,22.96212121212121,3.82716049382716,13.9429012345679,4.166666666666666,20.774863676745397,3.888888888888889,5.138888888888889,0.0,4.495884773662551,4.285714285714286,3.134920634920635,3.3670033670033668,3.315295815295815,2.5985663082437274,3.5277777777777777,17.107142857142858,4.017857142857142,4.444444444444445,7.777777777777777,4.166666666666667,3.3333333333333335,29.26924001924002,0.0,3.333333333333333,7.160493827160494,0.0,2.238095238095238,2.5003885003885005,0.0,0.0,0.0,0.0,5.813492063492063,3.444444444444444,39.757296466973884,5.464191324406378,0.0,3.333333333333333,0.8333333333333333,0.0,0.0,2.944444444444444,25.476190476190474,0.5555555555555556,3.8095238095238093,5.7407407407407405,0.0,0.0,32.132306595568245,0.0,2.1515151515151514,0.0,0.6666666666666666,3.148148148148148,5.833333333333333,0.0,9.382034632034632,0.0,0.0,0.0,0.0,1.9523809523809523,1.6666666666666665,0.8465608465608465,3.179396370256585,0.0,0.0,1.4068100358422937,0.0,2.083333333333333,0.0,0.0,0.0,11.893939393939394,0.0,0.0,3.333333333333333,0.0,2.501248751248751,0.0,3.6363636363636362,4.685185185185185,1.1111111111111112,1.8333333333333333,1.6666666666666665,5.811965811965812,6.666666666666666,0.0,0.0,0.0,58.47354497354497,10.658730158730158,0.0,2.5,4.35626102292769,0.0,0.0,4.444444444444445,0.0,1.25,5.198412698412698,1.25,0.0,6.666666666666666,6.318996415770609,1.6666666666666665,0.5555555555555556,0.0,0.0,0.0,0.0,0.0,0.0,1.693121693121693,0.0,1.1396011396011396,0.8333333333333333,0.0,0.0,0.0,4.768518518518518,1.6666666666666665,0.0,3.6666666666666665,3.4814814814814814,0.0,0.0,0.9444444444444444,0.875,1.8209876543209875,0.0,0.0,0.0,1.4814814814814814,0.0,0.0,1.3997113997113997,0.0,0.0,0.0,0.0,2.7777777777777777,0.0,0.0,0.0,0.0
6359.294237997118,1016.9057385969151,1399.5357929312704,243.9269411144411,87.18384462759462,111.24659599659599,379.2656032239365,256.96759259259255,609.9144164477498,520.2631626820223,270.2241927825261,543.4891737891737,2610.6617934155074,47.57959306488718,429.51946445336705,84.20767195767195,115.36170848267622,501.5421075837742,356.842758321925,683.5383206425663,1835.2668360715065,145.90602106227107,211.5841902953014,1120.1944836799003,320.2195767195767,533.923206153,1435.0094767830851,2269.7045986045564,2796.1284026482276,2432.892534387158,574.577380952381,854.4166033215092,672.1291533960335,259.9992353325687,1203.291216816952,1151.6028986445654,287.1000121701102,2621.8962616400627,2374.2149634707685,967.3591268697451,1373.8169400497832,707.1543549043548,179.88754360200437,162.68474118474117,534.9538366352882,194.72841625966626,536.562737416904,472.81135421726816,262.40279393808805,129.07666253499585,149.83757292090624,318.4464659892079,88.66330891330891,60.40917107583774,475.7065187898521,125.98830891330891,250.63252950752948,85.01666157916158,139.88569644214806,133.5431166056166,343.8551433134766,45.95092203548086,106.59116809116809,75.56111712361712,53.46494708994709,79.0764659722993,271.00043243793243,164.79827604693196,120.57775403608736,171.9166206886795,71.53751803751804,91.40988050015828,81.94444444444444,38.150284900284895,93.70436507936508,194.7703899223507,31.26816239316239,68.57964489214488,115.66500474833808,53.076627384960716,84.0510815437286,93.6179538054538,101.09396621896622,126.74668803418803,65.00947971781305,78.2594537815126,177.45260295260294,97.81445868945869,189.20809154008077,107.23171616316777,89.84783950617283,37.047839506172835,17.02640415140415,45.51448859782193,90.46908628771374,23.44169719169719,648.0061728395061,27.10078964245631,33.916977902272016,59.071225071225065,42.76743318409985,115.72207524985302,168.5413679808841,33.53678266178266,102.16402116402116,74.6081740342493,30.07353825368531,37.98924840591507,21.219135802469133,58.00217864923747,17.38888888888889,85.81084656084656,103.8317901234568,46.896842355175686,22.151986720614172,12.055555555555555,29.040684624017956,36.60548941798942,64.54316501897146,107.39814814814814,14.120370370370368,44.401421084888824,37.73015873015873,121.0787037037037,108.61965811965811,60.49999999999999,16.049603174603174,891.3245193078526,31.430555555555554,37.81084656084656,36.94003527336861,13.480969448711384,27.412037037037035,96.91796348168897,20.731922398589063,16.685185185185183,61.149971941638604,36.72222222222222,11.62037037037037,50.37181337181337,60.556517556517555,13.402777777777777,27.757936507936506,8.959876543209877,82.54990071656738,19.52777777777778,44.479717813051145,37.916666666666664,47.20238095238095,5.416666666666666,36.86111111111111,30.670634920634917,32.916666666666664,16.405982905982906,34.27777777777778,35.37037037037037,13.217592592592592,11.322751322751323,64.22465437788019,41.11111111111111,25.17361111111111,20.282526115859447,30.35615079365079,3.8888888888888884,82.87808641975309,12.5,6.666666666666666,8.125,17.564814814814813,11.25,20.373015873015873,4.069444444444445,8.967086834733893,11.99074074074074,313.53046953046953,24.85185185185185,19.02469135802469,10.777777777777777,11.537037037037038,5.424836601307189,7.438293188293188,8.08910533910534,33.73626373626374,11.222222222222221,41.07275132275132,12.222222222222221,23.88888888888889,4.444444444444445,51.94444444444444,6.3505291005291005,15.714285714285715,14.148148148148147,13.24074074074074,2.7777777777777777,8.958333333333332,11.126543209876543,8.88888888888889,7.235449735449736,6.230158730158729,37.235449735449734
1644.5408962730392,348.41688589447693,71.86322306700458,39.69417020887609,29.801133079494424,17.904828598105908,339.59590654443593,440.86715320678906,431.25637337297,840.1609600587192,1.9047619047619049,25.728431776751105,432.8303210172958,57.56103552532124,8.002645502645503,25.932106175803654,128.0747228184203,584.6602703241358,704.4997082360528,37.41032395864328,2234.31289542494,61.544372294372295,41.58898913100594,48.25997671795991,11.58994708994709,1441.6415712101987,654.5418717992247,97.1374640765397,74.25575785869903,946.2796254476926,403.1351663042839,177.2925035333999,251.66162184894677,48.31761812469095,461.7505797579327,16.835667600373483,161.95698279311725,205.02306089490963,1259.9917878055132,206.01958561202258,13.400093370681606,133.86820936610852,356.76578072306364,746.3894708362495,3.5185185185185186,240.2503153164918,124.76360478146192,97.41045357536954,86.46164021164022,3.412698412698413,42.10828775954826,400.0650839589915,112.02401566687281,64.40664599173003,3.9285714285714284,630.8444693339651,16.688208616780045,200.5954514673002,22.248755057578585,109.15187034409723,1093.6034467011357,24.83357181256341,3.964474678760393,13.713040771864302,12.612144857943177,226.37353148977797,166.23200873200872,1.2222222222222223,17.903861544617847,13.76267173536081,38.2764131293543,10.595238095238095,4.92063492063492,6.853771811755005,98.79859822716965,1.6560846560846563,0.0,22.96353895093391,94.92931061313415,68.44540947692208,116.44247423133977,14.767573696145124,4.4300497976968565,10.45738851095994,12.404383975812546,2.142857142857143,7.006802721088436,35.44306611533502,5.185963274198568,2.9494909074741007,7.482993197278911,2.820294784580499,14.877633881835562,54.10002159371907,6.349206349206349,3.7123404917522564,4.166666666666667,5.87049062049062,15.944444444444445,7.103174603174603,5.920479302832244,74.11324327710882,185.35139717632714,83.81688922655309,33.30652260904362,2.1666666666666665,154.97611419600216,4.918256191365435,27.672846916544394,5.436507936507937,16.876984126984127,10.523809523809524,62.34104753012316,25.71608643457383,0.0,18.774798808412253,2.7661064425770308,4.88799762329174,5.604686318972033,2.0238095238095237,10.721788715486195,14.266484371526388,71.84784721969596,4.600795873905118,193.24444774024607,4.666666666666667,10.111731716773733,0.0,96.03067474075877,8.809523809523808,9.823704229166413,26.176081543728603,9.017572296984062,33.640506319077744,0.8333333333333333,3.9880952380952377,6.666666666666667,20.066137566137566,14.816159797252235,12.168067226890756,2.6666666666666665,0.0,6.256802721088436,10.178237961851407,3.240740740740741,0.9285714285714285,8.333333333333334,25.891928488567146,0.8333333333333333,0.7936507936507936,20.05963496509715,0.5952380952380952,7.723417649888238,8.004668534080299,10.164141414141415,5.858585858585859,2.2222222222222223,13.24179469767705,2.4801587301587302,9.936908770242104,12.746031746031747,11.944444444444445,2.4976657329598506,1.7361111111111112,115.35903250188964,0.5555555555555556,2.6785714285714284,21.331821617535905,4.75036075036075,18.555399937752878,76.91678691678692,2.1560846560846563,1.607142857142857,0.0,0.0,0.0,0.0,9.506715506715507,3.634920634920635,16.725245653817083,8.757002801120448,0.0,1.6666666666666665,12.421296296296296,0.7936507936507936,0.0,79.11961451247166,16.77526111454683,22.74724536279158,3.839202347605709,0.0,12.70031345871682,2.2836912542794896,4.861111111111111,6.725556889422435,0.0,49.5487752987753,0.0,0.5362144857943176,0.8758503401360543
