2430.9310543610436,14290.321639410855,213.17770159734445,897.8996624306084,4.742559523809524,1490.272436988485,791.232630469598,2139.8255712875257,1395.200899203995,2543.044615744511,580.8951157185003,88.85854192104192,509.386044973545,203.06538661501895,1307.013079285409,1066.1946592759093,165.9929155422853,5014.992432057466,1434.9056877290923,515.6823031135531,368.5649329176115,170.7956349206349,37.31794733044733,118.05970418470417,375.4114685396705,256.0730635105635,1379.306714725249,1982.9529917833488,1788.1392565767565,2212.3022230415086,1399.8238460407317,1991.5959701518525,3662.160897108848,327.212468748183,699.8790183802088,122.33242683242683,1611.0425672366848,511.8499061143494,1185.8038348840325,7050.256704035005,103.32087621373336,1020.5387585317732,12198.983925300472,657.3800693355375,917.0342407987022,3095.310016042568,3285.6815182269065,415.74652866974293,2274.8374998151166,3956.1813117416455,3339.8129664606245,978.2949571203773,2040.5517815848173,4435.66232844197,938.5899470937912,1999.0143733989232,735.8154068556972,1738.6650997143731,2074.1129874040826,4097.540289806274,1961.9674497431483,86.94191919191918,418.09445154048205,1791.478000893442,212.84885253635252,2.5,573.0676231090317,455.7659260712832,130.88304296997904,30.663704351204352,80.83178048803049,1113.54361079634,245.91699243800085,281.03711566211564,313.5339618104831,98.33777657527658,50.44080086580087,760.2483307036878,44.23370181405895,313.72247104747106,55.59155148073215,145.01698734443576,18.528239905948883,71.80930261688775,87.18862665112665,84.42242281527996,87.04479949874687,179.09436327561326,14.12087912087912,48.641429539295395,513.2146738920899,51.16463675213675,55.549903799903795,20.447219447219446,10.191326530612244,47.91152597402597,9.313672438672437,17.625,19.539772727272727,104.28685489347254,98.95501709128759,129.01367382617383,360.01542207792204,30.766439909297052,99.35970626595626,374.80260017760014,178.98706848706848,102.34992784992785,15.518518518518517,10.833333333333332,178.91549516894344,487.3741997381703,37.66941824515354,9.972052845528456,49.066378066378064,23.583333333333332,976.3712653087653,144.75110075110075,90.36558441558441,77.52043095793096,20.146413308913306,122.11953762611657,81.40277777777777,30.659060846560845,4.236471861471862,45.06980519480519,94.03161075036074,242.57142857142856,11.25,747.0057974432974,25.228535353535353,2.332521645021645,72.3465909090909,18.169032356532355,201.34764541014542,65.24189791689791,104.48242647875,258.89530812324927,15.119588744588745,372.40460927960925,113.80822649572649,60.867259782700955,42.21109307359307,103.20386557886557,871.1771119961909,438.77344031629747,44.73944805194805,6.777777777777778,5.916666666666666,747.6599970796399,100.69083231583231,96.45372682872683,6.982323232323232,15.614598364598365,2.2916666666666665,135.3350726654298,475.0237564696055,456.32538010739006,13.144841269841269,15.38095238095238,61.45725108225108,1332.5116757967396,3.157967032967033,0.48,47.11607142857142,31.857337107337106,9.051658163265305,5.409722222222222,28.976433288933286,57.49623987123987,8.151785714285714,92.16170634920634,1.9607843137254901,3.528138528138528,1.1787795537795538,7.5,31.657312925170068,110.79604423354422,10.662698412698413,53.22256415359863,14.053807634164777,107.0810415075121,122.204816017316,1.2575757575757576,201.49870268620268,41.39087301587301,21.191558441558442,35.06691919191919,70.8537851037851,3.0235042735042734,12.757936507936508,27.52579365079365,83.15265752765752,116.06673745644333,55.44431956931957,3.3085317460317456,79.89133986928104,10.118538868538868,3.409090909090909,45.575051990493165
580.2652597402597,4593.9057567432565,53.39285714285714,399.375,16.25,679.4444444444445,44.916666666666664,580.5613553113553,91.42261904761905,1280.6080586080586,347.00686813186815,29.375,63.5,109.18055555555556,119.70833333333333,113.58928571428571,16.5,53.916666666666664,57.29761904761905,295.0,30.833333333333332,39.76190476190476,40.0,380.0178571428571,95.20833333333333,276.4166666666667,209.0,335.46153846153845,130.41666666666666,263.2399267399267,468.29536435786434,213.06730769230768,97.06746031746032,168.5,56.125,19.107142857142858,170.0,306.8333333333333,272.07142857142856,115.16666666666667,44.416666666666664,207.50320512820514,1088.1779637029638,838.8802447552447,882.9655677655678,617.9485930735931,1816.2657967032967,163.20833333333334,1633.7495421245421,1849.6202686202687,1402.0934343434344,305.0683261183261,429.25,625.2806776556777,747.0555555555555,529.0952380952381,121.70833333333333,332.3666666666667,460.1620670995671,930.4957542457543,190.33333333333334,77.21428571428571,49.58333333333333,7.291666666666666,46.36666666666667,712.0575674325675,81.10576923076923,38.5,11.333333333333332,31.0,30.0,62.83333333333333,37.5,97.91666666666666,62.93055555555556,560.0897435897435,39.166666666666664,75.91666666666667,62.5,108.83333333333333,60.541666666666664,148.75,6.25,6.857142857142857,23.75,5.0,40.5,50.0,64.16666666666667,22.5,39.833333333333336,42.38095238095238,25.0,129.3452380952381,3.958333333333333,10.333333333333332,11.875,13.75,15.833333333333332,10.0,7.5,23.75,9.5,15.0,17.666666666666664,71.83333333333333,4.583333333333333,64.5,35.083333333333336,2.25,18.333333333333332,22.083333333333332,7.5,66.28787878787878,11.666666666666666,18.416666666666668,57.5,64.02380952380952,17.5,56.375,20.71428571428571,71.25,33.25,22.083333333333332,11.0,1.6071428571428572,8.333333333333332,23.958333333333332,6.625,20.125,5.416666666666666,14.125,10.833333333333332,59.70924908424908,7.5,32.44444444444444,1.6,26.666666666666664,5.0,101.875,77.08333333333333,36.0,10.166666666666666,40.58333333333333,2.333333333333333,118.33333333333333,3.75,17.083333333333332,2.5,5.0,3.5,32.75,0.0,2.5,16.0,10.833333333333334,99.06746031746032,64.83333333333333,8.75,26.25,8.214285714285714,33.666666666666664,8.75,5.0,4.166666666666666,0.8333333333333333,5.0,11.666666666666666,5.833333333333333,4.166666666666666,10.625,3.5,6.25,0.0,3.333333333333333,9.416666666666666,16.666666666666664,14.375,86.75,10.0,12.38095238095238,15.0,0.0,0.0,9.5,1.6666666666666665,0.0,11.875,10.0,116.55357142857143,10.121212121212121,35.416666666666664,0.0,1.0,5.333333333333333,0.0,3.333333333333333,36.32142857142857,1.25,6.25
1615.490169073843,16121.502717442267,193.82973237405622,2562.1756448376386,4.77056277056277,831.6087969025723,234.11136480621775,1486.4648112535867,399.8733487986681,1747.7874700106672,499.85449213348295,12.835464897421419,127.97685892538834,61.136833117289775,175.59915778665777,324.3799936871193,238.196722491393,903.6895731434928,571.7604869006655,105.26590307840307,311.7594893366467,70.75587598675834,150.29340198751459,214.83611500155618,288.66371254099687,152.90162383523284,786.0119981378843,1281.2518573766097,261.9938667978335,872.3765364258842,1061.9033811917045,252.7280693578294,487.7048670628896,304.2601897437092,176.13812313700808,154.69386951422217,478.3911068162352,607.3444890915868,254.0168285554315,2158.219106134194,62.64752780439364,238.09941185160707,6345.339178631069,2875.07951795376,788.095848780793,1499.7205434400998,4021.6810473984624,569.9270755197313,2111.887947771843,4901.673384142109,4810.699799321452,518.2887835256204,1443.3551313600585,1777.228931772278,1025.4124919582794,1092.1833063386052,245.4273889620622,637.0023192551656,754.7736928326829,3807.1351869445434,1012.9847536728389,57.0770500741089,102.82197326708052,177.5205327080327,67.6204239230555,14.884448476360241,85.75789141414141,103.90026921290742,68.4668929772866,77.07185537773773,47.56547619047619,300.07743160139773,169.47447185750755,62.391612916069434,299.9263808597448,175.81487393987393,18.25215035509153,66.33812056291048,44.49569889144469,116.73818022255521,9.609208747601604,30.31987426941632,28.176043136392778,18.505874060150376,33.19165760709878,82.41194391752427,35.148809523809526,176.18437216378393,44.59145299145299,69.40257698821185,123.71966184584495,23.95423789173789,14.01214349376114,14.734126984126984,407.5012238908637,9.765342500636617,37.768136683577865,12.160063316313316,279.881758256286,29.67366338194343,41.651011462737465,18.814869505494507,94.0223394381676,34.97650423805886,27.725028647822764,163.50388259214648,56.900023587523584,114.08277127356074,17.265873015873016,110.0524026662765,58.71960678210678,55.757143613961794,12.042941535588593,56.49106215201983,15.013095238095238,22.320381279940104,139.2922309525986,47.1367451992452,20.057844932844933,44.94071451424392,53.9066639787228,55.0715256965257,146.01058468105683,8.062160062160062,77.41681691846165,16.742923742923743,21.350930523724642,106.76308923919218,4.228583916083916,48.1270757020757,58.56248137415417,1.1597222222222223,99.02955135822783,9.099183006535947,90.16893196672608,118.86965378519486,25.28306878306878,27.26877983127983,13.757575757575758,24.77063908313908,29.135124135124133,53.70172146681435,69.75750056187363,49.470427751677754,103.1671016891605,37.16065845530131,26.786329683388505,13.735247624726235,14.220592724269194,74.20649059934773,22.85098573811809,11.341746216746216,99.33501221001221,6.43073593073593,39.785634300340185,19.768724925867783,70.31718832131007,42.918569233197715,112.61873000188217,11.839285714285714,14.03377259994907,401.91802470599737,97.17637509549274,129.97624727965638,28.71217671217671,40.68817918192918,6.052102659245516,29.4278948176007,29.03255772005772,13.081439393939394,47.96555718246895,3.2869674185463658,21.678444581734055,18.550324675324674,14.57034632034632,189.3651389460213,8.583163265306123,0.9098124098124099,132.00711200778926,18.0437675070028,0.4081632653061224,15.263870116811294,41.262462175505654,31.516648385727333,6.734848484848484,20.327772445419505,52.62135461216344,16.23057253204312,74.46813385416327,1.4545454545454546,22.68576521517698,5.208333333333333,23.476190476190474,17.943181818181817,16.23753829016987,29.392857142857142,14.26700124494242,157.64662176059235,17.22603785103785,6.208333333333333
345.4904964903804,1612.813674552142,18.47037037037037,20.76973684210526,10.996562261268144,119.09894630366766,7.5,247.9112984667551,18.092261904761905,396.9706711632021,18.23830409356725,0.25,2.770833333333333,6.833333333333333,33.875,120.80473644003055,0.8125,71.59722222222221,55.33991228070175,361.08101702219346,7.613304093567251,78.30701754385964,15.138888888888888,168.34778233462444,15.777777777777777,23.257936507936506,77.60514705882352,84.70138888888889,27.135119047619046,44.1391223155929,45.53192640692641,23.139880952380953,25.17989417989418,32.333333333333336,4.166666666666666,6.080882352941177,54.40862573099415,109.58333333333333,81.46944444444445,31.726495726495724,58.416666666666664,26.333333333333332,237.41430097680097,77.74300334168755,305.7515339150014,152.6125116713352,220.6314223057644,27.291666666666664,490.34280492898915,373.4512819009336,376.66643385424345,44.103070175438596,95.26984126984127,282.58972241209085,65.03987972381935,40.6875,16.11904761904762,76.62797619047619,138.50413448207564,451.1236657821023,12.928571428571429,6.311507936507937,0.0,15.114943553178847,12.5,25.97222222222222,1.8333333333333333,1.6666666666666665,145.08333333333334,41.58333333333333,11.416666666666666,9.083333333333332,3.75,80.26587301587301,13.645658263305322,317.09980158730156,18.897058823529413,0.8690476190476191,1.3166666666666667,3.5,0.0,3.694444444444444,3.111111111111111,20.25,0.8333333333333333,113.94607843137254,13.944444444444445,65.79201680672269,1.9444444444444442,39.66150793650794,5.3125,14.305555555555555,10.916666666666668,690.2332032003085,0.0,18.311403508771928,66.83333333333333,22.391666666666666,213.44761904761904,2.5,16.583333333333332,4.333333333333333,3.916666666666667,0.0,23.098039215686274,1.6666666666666667,1.4473684210526314,0.41666666666666663,6.041666666666666,2.0,12.166666666666666,1.25,0.0,117.64910130718954,8.19047619047619,2.5,11.555555555555555,4.166666666666667,0.0,21.666666666666664,0.0,0.0,6.369047619047619,4.083333333333333,1.4285714285714284,4.791666666666666,0.25,21.79201680672269,15.735294117647058,8.172549019607843,0.8333333333333333,37.77777777777778,0.0,25.567857142857143,0.0,0.0,1.6666666666666665,0.0,0.0,0.0,7.5,1.0,0.0,2.4833333333333334,8.0,0.0,5.3999999999999995,0.0,23.053571428571427,0.0,3.75,1.6666666666666665,18.25,0.41666666666666663,38.75,6.613562091503268,0.5,0.0,1.3888888888888888,0.0,0.0,5.5,0.0,0.0,5.583333333333333,11.161111111111111,0.0,2.8571428571428568,1.5952380952380951,0.41666666666666663,0.0,0.8333333333333333,9.583333333333332,6.777777777777778,91.09444444444443,0.0,3.75,0.0,1.25,0.0,1.1458333333333333,0.0,5.833333333333333,6.0,6.666666666666666,5.0,0.0,0.6666666666666666,2.5,0.0,4.916666666666666,6.5,0.0,0.3472222222222222,1.25,17.5,1.875,0.0,0.0,2.857142857142857
575.3369147454508,4700.311952788388,31.96696195960902,398.6224421054414,8.049990944727787,355.35386250328287,33.11099857887783,1587.9074150071633,121.48798199027495,564.483047966589,167.88937315121527,8.028124844504156,7.903138528138528,47.143562320032906,430.09387638505285,531.6528773694844,31.501662384886068,286.9143382974332,279.089010554671,39.19221436458279,87.18560284785406,60.6841722819664,13.49040404040404,106.15105160577296,166.1640504029676,30.804797979797982,438.26287058487736,250.09076433776687,74.81874225275928,304.0905115447602,971.7936514970321,95.4719141969142,157.57928792501644,73.15500252671305,72.40321880605092,39.06246259187436,102.2033573896577,120.84493411522381,94.9856604330482,501.44769395646586,20.2483164983165,135.49473142526548,2093.768121659993,543.9791428915655,427.7116737663524,681.3598222383052,999.743609779961,414.4844979222656,1267.9350088164329,2029.5139903667123,2643.1988854160923,264.4668214314209,934.0019641991327,797.9055418155841,349.7251127939201,415.11462636150367,126.67347992803359,264.8867759247837,394.52611948165355,1511.5330763211796,191.85751421774867,11.205065359477125,49.71707803290621,57.065856393062276,2.4545454545454546,3.984126984126984,45.079006702361966,26.933450536391714,8.33479755538579,14.950903263403264,19.097977022977023,73.2122634847093,75.32918689497637,18.063914843326607,178.4596862168118,377.91208093162425,22.721027909998497,21.94122054416172,17.2360808695948,60.39616137538931,11.116442585192585,16.977214671293616,2.9556466924887976,10.895340629620549,13.859727772227773,97.18091855055815,23.624624451056338,175.14272771002646,14.49973418394471,22.719164414017357,35.26803751803752,38.30461634598631,9.0930361777885,7.470959595959596,36.50414862914863,2.900252525252525,22.259334233018443,4.001068376068376,25.554195804195803,9.579365079365079,4.726551226551226,27.215817577030812,50.63780554018891,5.9004329004329,24.09818580542265,40.38332232056877,5.077330320751373,22.878688197767143,2.890494309611957,25.21721681096681,31.61741440104443,27.90501859251859,8.335714285714285,50.250203653664755,23.61977088099379,8.468031968031967,100.6088669840508,27.638090504266977,5.6631890770048665,2.7232142857142856,32.611682959897244,23.165584386946616,134.9953155504626,15.44959901209901,15.353535353535353,5.75058275058275,0.7142857142857142,17.741670910788557,5.7967032967032965,3.4057216905901115,57.40587664990238,8.013257575757576,36.508850483308684,68.03154114404114,4.597222222222222,272.28345431389647,1.8666666666666665,5.159717733247145,4.753750878750878,1.7929292929292928,0.6186868686868687,5.535885167464115,10.314194577352472,24.58981622952211,5.0,17.92972027972028,10.507244144744144,0.5,5.872294372294372,8.252880891038785,37.743628849739395,8.475187969924812,134.83846045017577,10.007575757575758,279.9856622221947,18.05169340463458,9.549782325517619,6.388453500522466,46.760582010582006,6.416666666666667,4.029411764705882,75.17249588646648,36.26414044892306,46.718363109474595,8.878151260504202,208.76783449393744,6.271395271395272,6.19047619047619,4.0907425907425905,4.842844655344655,34.443577256077255,10.249982860276978,23.59159876071641,8.834054834054834,56.94326882268059,8.589285714285714,11.333441558441558,1.1526806526806526,5.118055555555555,4.33363810518983,0.0,2.0156926406926408,0.41666666666666663,3.274322169059011,6.753151260504201,0.0,10.579004329004329,11.014073645652593,3.8158670033670035,0.8181818181818182,6.402997737556561,9.932983682983682,5.246212121212121,0.41666666666666663,6.5825840825840825,0.0,3.6963364293085657,21.589285714285715,2.051282051282051,4.6688311688311686
1005.4772786122032,7943.129279286667,22.359888273491215,442.012233651793,1.916400850611377,888.2058560401831,71.63184889872196,2414.6871814987894,267.5920826764738,1002.6281947535285,876.4287500177077,38.79378794098621,14.828823953823953,66.69803312156253,295.10062928629105,573.0193375254477,126.62256218106322,599.4341674823781,302.64369036941923,27.951440436928053,89.07760309122354,192.86276022738872,9.508838383838384,23.399534561299266,484.05412424153593,35.71861471861472,843.0303906653353,878.9806973124246,272.9715882214334,796.5758220605476,924.3009972063636,239.7803908167656,235.20259383325364,111.49289804956729,228.40587905911693,124.41351887491594,335.1734305226659,229.06783474486556,159.3366080270492,682.3928880136891,28.320798169283016,298.99713408629174,2762.3093914059164,885.3514091364599,933.2882105343369,1496.1264452409189,2046.048432397761,988.8600182411328,1891.1955229467303,3189.3424360831104,3772.1470846555776,601.6238369523779,1233.3384435777882,1392.3339348812258,484.91168644349085,419.7867700960429,408.9644174612892,700.3340323132893,755.7528477673666,2507.10457213822,428.1956266340381,20.183052513934868,73.2067474715114,45.93110266639678,12.834448095477507,8.345310245310246,48.717335904835906,79.03029173985055,71.21222169261385,9.592521367521368,24.50065883190883,98.46953875301398,37.88724816849817,25.58527855586679,351.9056808448546,440.69686356024073,17.82437946040887,71.91625041625042,14.175112469230116,25.16127112266818,42.15489996114996,18.522396403523853,9.689303751803752,30.465423349884755,31.42827161944809,132.14946661089868,14.944749127721263,282.086401178371,9.664786967418546,65.08434815910306,106.85274221965398,255.26150786473988,26.340614949683577,5.666666666666667,7.738239538239538,0.625,4.613095238095238,13.59163059163059,50.91426313585404,47.486291486291485,28.76034504710975,40.372826778341484,40.001923026263796,6.3352272727272725,23.72400898321951,46.14180835241029,20.820466375729534,33.62464063714064,3.2826797385620914,16.226190476190474,65.8001163138547,59.43698583447387,7.953703703703703,126.1748031289698,21.749712814418697,15.070700813347871,205.94437046704203,13.239918061241589,6.665126394073762,11.275129962629963,66.45310740846455,41.7890684163904,39.20411233646528,9.164099789099788,3.0,8.0865175129881,14.114088689088689,52.17005278218513,0.3125,4.330043859649123,20.140556604343367,2.4444444444444446,316.07876516185337,123.93893899310565,6.384199134199133,223.89565048706882,57.029279407955876,46.29525784672843,18.488916176416176,5.878933566433567,2.2976190476190474,21.43165236179942,22.881673881673883,50.83136966041378,8.890422077922077,100.25472922139589,38.11686369186369,5.11780685644322,0.5,43.63339754787123,64.4116472271687,47.23298334219387,165.96302952066537,0.0,276.3476105398061,13.534624318046777,41.71528825205296,17.752048642515174,57.41526575276575,11.726190476190476,14.039037759625995,96.27801396588161,7.329517704517704,62.557251040205585,3.733341821577116,127.05360587125293,3.75,0.6666666666666666,7.5858585858585865,6.5837267670601,22.31804006179006,9.975606121890952,19.09771428314209,0.8181818181818181,71.74944826415415,10.307088744588745,39.863612313612315,2.7956618544853837,0.5,2.289272030651341,2.638888888888889,13.981495356495357,5.717592592592592,1.9353402445507708,10.490279328514623,1.8181818181818183,50.929653679653676,11.627802752802753,5.337148962148962,0.3571428571428571,0.0,9.760775172539878,12.266872016872016,1.9444444444444444,3.2250417710944026,0.0,13.895901741876974,1.0,2.236652236652237,2.4444444444444446
1032.0352373890298,3279.0479338065306,191.52854099700636,82.10664632986061,9.448412698412698,491.0460688113008,75.81738698614241,523.5481118192585,230.27988677988677,1165.5119140691402,603.8157891306442,34.62939790094962,9.836484593837534,20.17379710236853,272.570698267652,872.793099127315,3.774622064095748,268.27125036977253,184.15961531269755,285.4841514694456,98.54656495465318,47.817258721670484,8.279761904761903,263.7454656737578,296.36861535382366,63.939808802308804,738.4862884412398,434.7510053671818,93.51694041252864,145.5121673039997,767.5470696834226,19.133893883893883,197.22939047608165,51.39641498852025,19.384338097406278,36.93551587301587,120.07450637597697,363.57804001554,183.37931809475927,218.69367292371493,22.706709956709954,273.9028886818299,1238.4555602241799,270.10214592830135,915.0378059252262,386.0958305168739,1415.532737316251,515.8321794215396,1273.3952597200794,1281.5695922786765,1979.2162506370576,166.57999930177348,826.4583020733852,712.3614730737125,377.2546755570364,482.11559517786696,160.59543683440742,493.52717298199195,408.7188519450774,1288.389706920465,172.22135515556567,5.781332229861642,16.741450216450215,113.9728785375844,12.26423902894491,18.976190476190474,52.2659632034632,5.445985659220953,98.70287963670316,180.5576854745088,58.65899378399378,29.014312892989363,44.35894660894661,254.0974103510868,63.72982069673246,540.5514234732287,7.46590909090909,25.922577422577422,1.8666666666666665,26.476190476190474,43.56321456321456,3.9583333333333335,5.623376623376624,24.493849878991867,57.01064213564213,370.6029070377448,68.77994227994228,43.78409090909091,69.36147186147186,120.35285666131254,44.916847041847035,210.2589581870044,42.13511404132257,129.53664391164392,4.753830728095434,16.569047619047616,16.616436925647452,2.466666666666667,46.546736596736594,9.49885531135531,7.343434343434343,183.98978382068688,11.939188684878339,7.275252525252525,25.757936507936506,10.956436284022491,4.8809523809523805,21.40274064171123,10.461940836940837,1.0,84.7264418587948,6.541666666666666,10.928571428571429,99.66293510411157,30.981143198906356,7.159090909090909,10.64069264069264,19.40705931495405,36.383998004796325,14.710402342755284,24.03503071003071,44.611298423798424,0.36363636363636365,59.33236500341763,2.8535353535353534,66.46702317290553,34.14067678353393,26.80952380952381,19.583333333333332,15.703078865578865,0.430672268907563,5.166666666666666,7.9323373994426625,148.62671920990886,23.75595238095238,8.997474747474747,11.205128205128204,21.833333333333332,18.922619047619047,18.94381313131313,6.430856180856181,3.758591554644186,0.0,9.648412698412699,21.238095238095237,96.28914141414141,2.8937229437229437,0.8333333333333333,2.145021645021645,12.050054112554113,37.397643487907175,21.605158730158728,162.66717705891134,8.73469387755102,496.2686716061716,2.821428571428571,10.677272727272728,27.329477036373586,8.27106227106227,16.242257742257742,5.931803490627019,22.6988936988937,7.222222222222221,17.676767676767675,7.819444444444444,74.59866522366522,3.224206349206349,4.404761904761904,8.809523809523808,13.019592335768806,4.688311688311688,15.794467787114844,51.593584986442124,0.7864357864357864,119.49544413919413,1.1810411810411812,41.848124098124096,5.075757575757576,7.571428571428571,7.374608272427745,38.254862577214794,31.831168831168828,29.757936507936506,8.75,7.833333333333333,0.0,2.33008658008658,10.845238095238095,14.087301587301587,0.0,0.0,2.4166666666666665,16.549783549783548,0.0,5.4642857142857135,0.6072261072261071,1.25,1.507577389930331,4.583333333333333,11.894596474953618
249.79179459064326,729.1727132699172,3.2946236559139783,13.220238095238095,1.25,69.58705357142857,2.013888888888889,137.903125,18.95138888888889,115.29166666666667,40.763888888888886,2.75,0.625,0.41666666666666663,13.494047619047619,47.53842592592593,1.5,15.260416666666666,10.016762335947394,10.543650793650793,1.25,3.9583333333333335,3.5,18.430555555555554,4.583333333333333,1.3611111111111112,18.15,112.65575396825396,5.769444444444444,3.189708141321044,73.61111111111111,7.202380952380952,7.509920634920634,2.638888888888889,1.6666666666666665,1.9999999999999998,18.67361111111111,2.5,5.783333333333333,14.197316207184628,16.470238095238095,45.81944444444444,70.29662698412699,13.333333333333332,149.94007936507936,36.40873015873016,151.77777777777777,10.083333333333332,115.95018493815182,278.9829991645781,249.9827380952381,6.619623655913978,68.01817042606515,101.40441176470588,30.30972222222222,11.229166666666666,5.095238095238095,32.013888888888886,36.30555555555556,86.09781746031746,6.25,1.2321428571428572,2.5,1.307456140350877,1.0416666666666665,2.5,3.083333333333333,0.6666666666666666,6.666666666666666,5.5,2.5,0.0,1.25,3.9285714285714284,2.388888888888889,104.54411375661375,0.875,2.75,0.2,0.0,7.149122807017544,0.8333333333333333,7.0,7.708333333333333,0.857142857142857,27.0,7.5,0.0,0.0,9.216666666666667,0.0,6.650375939849623,8.162593984962406,91.91369047619047,0.8333333333333333,2.5,0.0,1.425,12.52142857142857,0.0,0.5555555555555556,0.8333333333333333,0.0,0.8333333333333333,0.0,0.41666666666666663,0.0,0.0,0.0,1.0,0.25,0.0,1.5833333333333333,7.75,3.75,0.0,0.0,0.0,0.0,0.0,0.0,0.0,0.0,0.0,0.0,2.9166666666666665,0.6666666666666666,0.0,0.0,0.4,0.41666666666666663,0.0,1.0,17.628174603174603,0.0,0.0,0.41666666666666663,0.0,1.6666666666666665,2.083333333333333,0.0,0.0,0.0,0.6166666666666667,0.0,0.0,1.8666666666666665,0.0,3.571428571428571,5.5,0.0,0.0,0.375,0.0,18.90277777777778,0.0,0.0,0.0,0.0,0.0,0.0,1.9166666666666665,0.0,0.0,2.083333333333333,9.12579365079365,0.0,0.0,0.0,0.41666666666666663,0.0,0.0,0.0,0.0,4.741666666666666,0.0,0.0,0.0,0.0,0.0,10.069444444444445,3.333333333333333,1.25,0.0,0.0,0.0,0.0,0.3333333333333333,0.5555555555555556,0.0,0.0,3.25,5.4978354978354975,0.0,0.0,1.6666666666666667,0.0,0.0,3.333333333333333,0.0
324.0801310551108,4686.663707759065,322.301855359147,69.64847883597884,17.458333333333332,275.78605983708843,40.623263888888886,28.550595238095237,94.91428704081918,246.34358465608463,323.5832998020498,9.333333333333334,106.58951368847201,3.630952380952381,51.569905403238735,13.426282051282051,0.5555555555555556,11.845238095238093,2.458333333333333,17.825396825396822,6.25,13.75,113.69047619047619,255.01714566297898,8.394841269841269,0.3571428571428571,579.7100018037518,403.7782009476119,9.25,783.2258910411483,418.71829308663763,1.0,3.928571428571428,2.6905270655270654,147.52623244810744,8.886574074074074,68.52657287796914,314.8262536075036,10.25,2.4285714285714284,102.06509289321788,137.00721789784288,2646.144402335774,99.41121031746032,640.123667998668,550.0211640211639,1462.7915821313495,10.74206349206349,639.3322569988128,795.266990823829,2049.0595614622434,184.55557039411204,288.03056272204554,315.62064343835175,412.6290920771795,268.0605816245413,166.68030753968253,132.68205868205868,522.0855488458546,988.7091781131478,62.922619047619044,2.083333333333333,411.77952070170204,0.0,0.0,1.5892857142857142,0.0,78.81349206349206,6.25,48.11086833237568,3.380952380952381,0.8333333333333333,108.76118326118325,276.27407257094757,135.78640109890108,8.797619047619047,6.041666666666666,2.833333333333333,14.996924371924372,0.7142857142857142,16.180555555555554,1.1458333333333333,3.9772727272727275,1.8333333333333333,3.2142857142857144,5.625,5.0,3.9285714285714284,28.749007936507933,0.6249999999999999,1.6666666666666665,0.6249999999999999,0.7142857142857142,0.0,24.67526455026455,1.6666666666666667,180.95180976430976,1.5784832451499118,28.08928571428571,3.0104166666666665,0.0,0.0,3.2916666666666665,94.49968434343434,0.0,5.833333333333333,16.791666666666664,30.43740981240981,103.67427248677248,165.48277243589743,0.0,2.4999999999999996,1.2499999999999998,0.0,0.0,7.152777777777778,0.0,0.0,1.09375,0.0,55.985119047619044,1.0,2.2916666666666665,0.7142857142857142,144.32527195027194,0.0,0.8333333333333333,3.268849206349206,4.833333333333333,0.0,87.7909226190476,48.48115079365079,0.3571428571428571,0.0,26.811974789915965,29.93716931216931,6.093749999999999,0.0,0.0,0.0,0.0,0.0,210.11656746031744,0.0,0.0,0.0,24.942460317460316,3.699144219977553,106.20391414141413,0.0,1.0,0.0,37.9781746031746,60.70295329670329,7.390873015873015,8.75,0.0,0.0,20.178571428571427,0.0,0.0,0.0,20.61111111111111,764.624200645034,0.0,0.0,74.55128205128204,6.041666666666666,48.69358265191598,0.0,0.7142857142857142,0.5555555555555556,0.0,126.7768412143412,0.0,8.75,0.0,0.0,5.875,0.0,0.7291666666666666,0.0,1.09375,125.37907944678777,0.0,0.0,6.253472222222222,0.0,12.809183100849767,42.681769619269616,1.611111111111111,0.0,12.878156565656566,22.916666666666664,0.0,0.0,0.0,0.0,28.02680826118326,0.0
841.9172020505758,4457.035486817111,21.64047987616099,52.035328070622185,13.738095238095237,642.7665699883192,70.28542013542014,143.93452264858198,106.45413165266106,1772.1454323182263,66.34809272455064,2.268518518518518,12.48015873015873,23.220238095238095,354.2297767047767,141.23714114832535,64.585296239708,242.11876031760667,316.2614888782992,397.9588235838236,147.98516200575023,6.215691236008573,6.575757575757576,3.459038918597742,33.36607142857143,77.47923066498917,115.2082416562196,167.36526416122004,219.3907498160594,99.14034780578898,826.6632939406772,143.8252431993531,177.20831232943303,34.69113756613756,115.89860262286733,17.647734788359788,108.47455663961081,78.05711996336996,29.132092281356986,291.27590383472733,5.940978955684837,89.7238974261033,1266.4508129573119,153.0510121956306,643.1651133316574,494.0037723170076,776.6424303139956,97.7064513305322,304.41932155535096,1969.4016018839548,876.1027513650612,125.3856333813195,293.8154268457577,787.8478106452371,813.5044852952434,840.2771713580537,46.63501266453852,331.4081828438446,119.95575432193078,1900.4824941379707,21.882469654528478,5.1495098039215685,57.597346716464365,23.98659951159951,46.47123015873016,0.3645833333333333,19.725859788359788,18.868168378462496,17.67526455026455,1.0416666666666665,11.180059523809524,54.3962031024531,12.805555555555555,51.166666666666664,52.17314425770308,232.8825095043845,1.0,43.54978354978355,1.1022727272727273,22.009920634920633,15.316176470588236,10.484126984126984,1.6098227752639518,7.081374344609638,22.847069597069595,150.94791666666666,11.716720779220779,4.166666666666666,5.833333333333333,94.86348622782447,14.578853336206278,21.547619047619047,9.616013071895424,6.875,0.0,8.213872470838416,0.24305555555555558,10.489583333333334,1.2647058823529411,25.373015873015873,9.78165053900348,3.2596153846153846,42.2390289449113,25.175986227824463,5.153846153846153,13.648809523809524,4.357142857142857,81.72222222222221,0.0,0.4479638009049774,18.66023535851122,19.858630952380953,0.3125,177.677398989899,6.771464646464646,0.5024509803921569,19.448691014867485,2.561688311688312,4.996031746031746,2.710164835164835,0.29411764705882354,9.80952380952381,6.720588235294118,8.14520202020202,5.0,2.5735930735930737,0.6428571428571428,4.583333333333333,0.3645833333333333,22.546719362508835,1.25,1.875,5.049019607843137,18.188984728506785,5.125350140056022,4.5588235294117645,3.365384615384615,25.773809523809522,7.271464646464647,34.743416305916305,22.997700216450216,8.077380952380953,20.178571428571427,6.123263888888888,40.36524096818214,19.182264957264955,0.9191176470588235,3.3627450980392153,0.0,8.56547619047619,11.454136125885352,9.875,42.833694083694084,0.6666666666666666,462.0286511826953,0.0,95.86786457007045,20.64726537829986,363.79903846153843,2.5416666666666665,20.911706349206348,158.05854766148883,0.7930672268907563,0.0,43.08779761904761,512.8960268897769,0.41666666666666663,0.0,0.0,3.5555555555555554,0.0,7.089285714285714,52.69444444444444,0.0,10.466117216117215,0.0,1.3333333333333333,2.6587301587301586,0.0,17.244543742261794,5.992063492063492,0.0,0.41666666666666663,0.0,8.805555555555555,0.7142857142857142,0.45036764705882354,9.29524886877828,1.815317035905271,0.0,0.24064171122994651,5.520833333333333,6.296296296296296,1.8749999999999998,6.111111111111111,0.0,5.892857142857142,0.22875816993464054,0.0,8.227513227513228
98.38636363636364,684.3863936988937,0.4,16.654761904761905,1.0,50.602777777777774,3.9999999999999996,43.81502525252525,8.541666666666666,349.11381673881675,106.07575757575758,0.9090909090909092,1.6666666666666665,1.5833333333333333,2.272727272727273,7.816498316498317,0.3125,7.121212121212121,13.75,53.68696581196581,1.2708333333333333,7.083333333333333,5.0,39.9633658008658,7.5,4.0476190476190474,61.21568627450981,37.86616161616161,6.25,30.75,15.954545454545455,21.875,9.75,12.25,6.666666666666666,0.29411764705882354,4.583333333333333,81.21125116713351,4.034090909090909,96.62520812520812,4.791666666666667,4.924242424242424,37.497571872571875,44.83578431372549,214.62662337662337,43.966071428571425,209.71547619047618,48.45670995670996,139.072601010101,339.3225385725386,260.12536075036076,7.2689393939393945,111.66666666666666,144.19997086247085,81.0734126984127,23.40909090909091,1.25,34.345238095238095,91.51984126984127,247.04686606966018,14.594696969696969,0.0,0.30303030303030304,8.0,2.5,10.555555555555555,1.6666666666666665,0.0,4.333333333333333,0.0,0.0,12.121212121212121,0.0,0.0,0.0,167.04761904761904,0.6666666666666666,1.7333333333333334,1.25,1.4583333333333333,5.0,0.0,1.5151515151515151,0.0,2.007575757575758,2.6136363636363638,1.25,4.0,0.7142857142857142,0.0,0.0,1.25,0.0,671.3617216117216,10.833333333333332,0.0,2.0,0.0,4.166666666666666,0.0,0.30303030303030304,0.0,2.2222222222222223,1.25,5.666666666666666,0.0,0.0,0.0,2.5,0.0,1.6666666666666665,4.791666666666666,0.0,28.75,0.4,0.0,0.0,1.25,0.0,0.0,0.0,14.5,0.0,0.0,0.0,0.0,0.0,1.0,1.6666666666666665,1.9607843137254901,0.0,11.25,0.0,13.433333333333334,0.0,0.0,0.0,2.5,0.7333333333333334,6.666666666666666,0.0,0.0,0.0,0.0,1.25,0.0,0.0,1.25,1.0,0.0,0.0,0.0,0.0,0.0,5.416666666666667,0.0,0.0,0.0,0.0,7.5,0.0,0.0,0.3125,0.0,0.0,0.8333333333333333,0.0,0.0,0.0,0.0,0.0,0.0,1.9333333333333333,5.0,0.0,10.0,0.0,0.0,0.0,0.0,13.61111111111111,0.0,0.0,0.0,0.0,0.0,0.0,0.0,0.0,0.0,0.0,0.0,0.0,1.6666666666666665,0.0,0.0,0.0,0.0,0.0,0.0
486.3063941593077,2994.2296796408928,112.35699665831244,31.768912693282438,0.8333333333333333,410.63887864586394,17.769607843137255,416.20471472971474,91.73940712065712,642.729939042439,249.03296254399194,5.538461538461538,3.2916666666666665,19.51984126984127,247.94024586524586,597.7322329291079,0.4545454545454546,177.55934343434342,113.79261016761016,136.97089947089947,17.9072076732791,15.812678062678062,14.64285714285714,92.43052503052503,95.5273199023199,18.25,279.5886890886891,251.21672077922076,124.59181096681097,101.80868926047496,363.07536797997324,74.0698051948052,126.68763354700855,62.56410256410256,60.95980755355755,30.34745115995116,180.67787074037074,77.66917044595615,127.03459734709735,297.39667277167274,138.00124875124874,100.57531074733087,1172.614337378308,109.06938848188848,407.33414918414917,527.4127696377697,743.7880723443224,338.0832119269619,849.9800627613128,1342.9949712811554,1360.555637071262,139.7840617307529,364.2989586393998,463.469274013024,176.069767221083,557.047912628021,85.78518934768934,228.1705586080586,340.51229326229327,713.257985995486,106.46174832112332,10.924603174603174,30.375541125541126,60.09334415584416,12.435897435897436,13.333333333333332,44.076388888888886,2.7854090354090353,35.666666666666664,39.5,20.89331733081733,65.58112026862027,77.28846153846153,51.84722222222222,46.117742789617786,285.4919201169201,27.8234126984127,25.832720710661885,6.032509157509158,57.35965307840308,6.8125,8.206349206349206,0.0,29.543014855514855,55.709706959706956,489.7304518398268,58.9345238095238,57.81898656898657,35.19047619047619,41.21646062271062,40.067460317460316,80.75864875864876,18.587912087912088,100.21626984126983,2.6428571428571423,3.6309523809523805,11.333333333333332,1.2980769230769231,138.34645909645909,10.714285714285714,0.625,18.183035714285715,21.166666666666668,10.833333333333332,16.169871794871796,18.147156084656082,1.2962962962962963,50.85468156714286,5.752747252747253,2.104166666666667,41.351190476190474,12.051816239316238,0.0,65.89682539682539,35.90631868131868,6.6494708994708995,57.33826011951012,11.322222222222223,11.558333333333334,38.34920634920635,7.840844671201814,77.25869963369964,14.555555555555555,56.88708513708514,0.0,15.244047619047619,12.44047619047619,3.6706349206349205,7.8246336996337,25.199404761904763,7.220982142857142,51.66269841269841,10.593434343434344,65.55010683760683,4.261988011988011,33.76399468586968,9.476190476190476,12.0,16.185497835497834,22.47519841269841,8.595238095238095,1.1111111111111112,6.394699147601624,8.472222222222221,29.028950216450216,22.708333333333332,4.018518518518518,0.625,0.0,14.714285714285714,32.74537037037037,12.338047324192834,116.74959476797711,4.773809523809524,196.86790848040846,14.652777777777779,62.50522138680033,30.134920634920633,4.552214452214452,7.083333333333333,8.214285714285714,99.05555555555556,0.625,0.625,8.26388888888889,140.99323593073592,2.75,18.214285714285715,3.333333333333333,7.113095238095238,6.055555555555555,2.886904761904762,89.7095238095238,2.5,33.219640313390315,0.0,1.6666666666666665,8.583333333333332,2.8571428571428568,2.0416666666666665,8.583333333333332,0.8452380952380951,2.8472222222222223,5.0,3.6805555555555554,0.41666666666666663,6.428571428571429,0.7142857142857142,0.0,0.0,0.0,21.76282051282051,3.3269230769230766,0.0,2.9166666666666665,5.8977272727272725,14.797619047619047,0.0,0.0,13.093253968253968
853.1894899807548,5457.0990051603385,121.60405741080551,39.5208912241802,8.910133199703633,420.1361210321907,27.214146658477247,910.3809150076012,106.0178962986045,1405.538909506933,646.5385059772692,16.27573001710933,8.980823098470157,17.56805694305694,366.10301792628474,1200.3081066532036,7.4669289044289044,197.93104658673266,233.99007293968094,217.9421881180395,107.22273029776531,86.73607111842405,14.951388888888888,234.32406635356668,373.983581465036,6.2522175536881415,927.7574532200624,400.62591855761536,65.82018194975818,209.94114259881732,622.6690746126671,50.45077145077145,87.92340445860182,15.605169592834066,40.64447285170969,56.10193776131276,97.80639436099962,156.2620751716811,359.88001830297,265.64190853180514,26.233940596440597,168.885016033758,2205.7865867904006,336.75286893225166,954.3412698467928,729.0921142672912,1922.5174151800175,527.2352628680678,1942.5191313332878,2501.7261446746766,2440.5310462117395,207.86660829410957,751.9932588011161,906.9412714042271,502.4959685452719,592.4798452590028,159.2675240351324,598.2746908868012,411.84835830781157,1860.781849138802,258.04750140210666,25.915787779758368,26.957921464500412,69.55537333144724,9.691197691197692,35.3897872960373,41.3318598068598,11.519967233202527,41.96820622188269,22.18876991586108,33.65898684648685,41.063464410116886,72.30772005772006,165.34399754657107,42.67705683978904,902.4870095491439,15.457642031171442,21.369465501818443,4.833793820558526,9.317193917193917,17.664450133200134,25.66559829059829,4.202897979213769,13.378523057402367,42.45746614496614,598.0621400887268,81.39688151975304,116.43686286623593,80.14411027568921,136.09909215240097,17.582899739149738,220.57799224073548,38.31429313740791,37.88374982860277,19.391108891108892,18.375270562770563,14.583577131932396,10.383333333333333,90.46884084053201,23.751236263736264,18.522727272727273,72.80549030905856,8.329816017316018,36.67062465790914,24.607152887532145,10.561237373737374,8.619058694716589,54.57900432900433,4.934102934102934,10.002632783882783,98.05142411481421,24.004870129870127,5.132539682539682,53.444714871185454,58.05229757772327,0.7364907819453275,43.14899961149961,5.199176919571656,22.95146477803488,31.69047619047619,9.851776199990486,83.8040103171682,43.90644540644541,44.89399883885178,3.989583333333333,46.95917127534774,6.655416012558869,13.265522875816993,28.499328898225958,9.510311035427135,9.749909812409813,52.03373015873016,14.770833333333332,257.3383741458095,15.464819902319901,19.233991228070174,7.847335997335997,3.7777777777777777,23.564761219172983,19.26461038961039,1.8769841269841268,9.568805552957608,5.73968253968254,24.973213875770693,16.267195767195766,7.111706349206349,13.43633658008658,0.0,8.833333333333332,3.2360588972431077,51.74321819960419,28.991038201564518,240.92775527255844,1.3426870748299318,1453.7238909646996,27.85000742721331,18.30183358308358,16.546560005650914,72.97188335291783,7.929137039431157,2.5196886446886446,94.03691216191216,2.1527777777777777,35.46461755836756,8.94047619047619,181.67182562807562,6.273899711399711,25.599972943722943,4.378080253080253,9.774752208575737,8.200126262626263,5.683096315449256,54.90971324427207,2.2916666666666665,282.36349326055205,24.894966144966144,11.034920634920635,8.525641025641026,3.7286998132586366,14.819000226353166,11.269939010086793,8.595238095238095,24.950396825396826,8.44486215538847,1.375,6.25,12.355474386724387,19.24610805860806,1.0788690476190474,0.6111111111111112,0.6107954545454546,18.419143356643357,12.0,0.0,16.876776001776,16.346764346764346,2.434941520467836,2.123015873015873,1.6666666666666665,10.990504535147391
1374.0549360014022,6361.614549297587,73.50117012617012,312.75911558344876,3.333333333333333,694.9134218877734,168.02769527534565,798.6312112404911,274.5396044237956,1029.6135650905244,241.84951008442388,43.92063492063492,133.97631072631071,27.558441558441558,194.73972218549423,649.2973450815995,82.4778601028601,1021.9399225295776,891.8157606682242,160.14127886002885,169.662006362374,86.49773716279134,85.75405844155844,74.92476670155241,188.13934676434675,130.08415619038684,520.4667716542716,730.4487536933965,466.0443585167269,514.906418118918,624.6714732355825,477.60542138173713,867.8643122645072,62.26350508151979,162.19106968739322,76.67301124801125,502.00237680419565,213.30836987086985,243.05812711642542,1456.1708579765645,117.29530423280423,306.9517876938736,3229.4914006990857,487.9389173923713,699.8922414237055,1137.905150965633,1862.131109699995,297.2691602379102,1564.1182668528245,1991.6549907849287,1632.5969396390938,305.51796416302994,985.8192830382084,1357.77546989422,712.3095309218266,889.670800356889,159.42026544781763,691.2077170149538,580.4439578309715,1821.5379964350764,433.45774340790786,28.240079365079364,204.27501942501942,174.651251988752,79.80914224664224,4.583333333333333,157.03111398405514,55.56550625300625,133.6524676590466,5.852272727272727,27.919027269027268,467.52245733350856,146.0448140639317,69.3076923076923,209.7275981303555,213.38586604395428,74.57539682539682,67.12887806637806,27.834720834720834,119.12473568098568,14.665681132592898,45.31185134310134,9.365371148459383,20.721521970747975,32.5944264069264,206.02682213619713,33.698919136419136,87.28061174936174,22.38095238095238,19.471254355400696,48.972643777790836,50.97486772486772,35.45152505446623,137.4468954248366,2.946428571428571,27.610745614035086,34.56051587301587,60.24911150357578,33.891955266955264,25.93078339788866,29.825306637806637,31.068885975135974,145.87121212121212,5.430555555555555,20.8507326007326,122.61507936507935,94.3693783068783,88.16649159663865,2.8653846153846154,8.424679487179487,56.900807286583145,63.09749369782264,4.472222222222222,11.90548780487805,23.204850704850703,10.377314814814815,163.22523702719135,40.17925824175824,16.159326784326783,26.951739332096473,50.705710955710956,48.0767427017427,52.2727873977874,21.1494708994709,0.625,15.296717171717171,35.38938492063492,131.82422450843504,5.146520146520146,191.48288334472545,32.6297123015873,13.908730158730158,50.69011544011544,22.741656491656492,41.45871489621489,59.78120664058164,30.745833333333334,36.02777777777778,13.753968253968253,125.56556637806638,49.81860153735153,23.37536075036075,52.987573934002505,19.98357367107367,132.6823593073593,113.71560846560845,13.700727513227513,6.5,1.25,113.24687349687349,35.08188339438339,12.591269841269842,46.36211704961705,5.223063973063973,59.33167388167388,68.8902417027417,143.23939486439485,109.64502777672016,24.38341750841751,16.083333333333332,5.873015873015873,244.12894075378716,7.791666666666666,1.6715151515151514,14.278273809523808,81.62358359233359,12.703869047619047,5.729166666666666,4.542748917748917,9.25828664799253,19.506493506493506,25.049603174603174,20.95580808080808,3.333333333333333,11.98611111111111,9.583333333333332,17.648629148629148,12.823863636363635,0.25,18.029378188860946,18.538359788359788,16.74359668109668,1.8749999999999998,3.777883880825057,6.304924242424242,5.015151515151516,41.74147727272727,15.826118326118326,21.22222222222222,1.0476190476190474,1.0,9.940476190476192,51.15243764172335,7.708333333333333,20.09722222222222,0.0,14.03701826495944,8.407407407407407,1.3333333333333333,15.714285714285714
296.17196959960114,1453.8545119549021,82.62639906389906,53.42719757411818,1.25,82.73010738997456,6.666666666666666,348.19940476190476,75.12042124542124,247.23657245532246,284.63412937753105,5.378787878787879,1.2847222222222223,9.45468509984639,0.3125,23.006615825694773,1.7392676767676767,22.78030303030303,19.844611528822053,8.283730158730158,23.456349206349206,3.6926937441643326,35.96825396825397,40.979497354497354,20.975274725274723,32.54444370988489,114.07097055994114,112.32041202977734,100.76370851370851,98.74267181620122,288.09909534909536,21.137049225284517,33.071555759055755,12.311357623857623,110.31077576718333,191.18404694720482,96.09611222111222,39.2409188034188,210.05257936507937,117.30646509922825,6.64047619047619,32.08884609542504,435.501930599357,397.4388619278325,20.079621344714223,88.75730845951433,638.5961249894797,8.879058441558442,465.85373202362365,424.4870245699801,389.6004840675893,185.53564480325315,106.19619756461861,241.17062078788084,235.5538936471523,74.06653662198016,65.83285391509075,133.5103576978577,140.22363029270923,421.5794389434095,267.86528335212546,20.44990079365079,6.387591575091575,1.118421052631579,3.6666666666666665,7.218487394957983,0.41666666666666663,13.317460317460316,0.3666666666666667,18.998015873015873,3.9791666666666665,5.466269841269841,15.658008658008658,13.831349206349206,36.950119325119324,2.5,28.9745670995671,0.0,2.7857142857142856,1.8849206349206349,6.095693779904306,13.31016206016206,7.994949494949495,1.0,5.270833333333333,0.20833333333333331,5.416666666666667,32.339285714285715,6.333333333333333,13.148809523809524,45.066990392648286,7.389724310776942,6.993264411027569,4.166666666666667,41.197325700615174,5.5,1.5359477124183007,0.8333333333333333,118.20012626262626,1.1038011695906431,0.875,2.581018518518518,0.0,3.333333333333333,0.4586834733893557,23.912878787878785,2.2222222222222223,4.656938044034818,44.93927702199761,11.012987012987013,1.5277777777777777,1.5297619047619047,3.958333333333333,17.863095238095237,2.5,39.24076617826618,1.1666666666666665,0.8333333333333333,0.41666666666666663,2.9166666666666665,2.583333333333333,0.0,12.588383838383837,5.375,12.914317042606516,2.0416666666666665,3.9880952380952377,6.113053613053613,106.52281746031746,4.761904761904762,4.305555555555555,1.125,4.333333333333333,2.2222222222222223,8.336843711843713,16.379044566544565,0.0,0.5,2.5,4.513888888888888,0.8333333333333333,0.625,9.005050505050505,31.974927849927848,0.0,25.498376623376622,0.5555555555555556,4.984593837535014,0.625,5.781144781144781,0.0,0.0,2.685185185185185,5.458333333333333,0.0,4.909722222222222,0.0,0.0,0.0,2.615949596212754,6.369047619047619,0.0,4.25,4.166666666666666,0.7738095238095237,0.0,0.7142857142857142,45.16409632034632,4.4907407407407405,3.333333333333333,21.51388888888889,0.0,1.6666666666666665,0.40584415584415584,0.0,9.342369776193305,0.3125,0.2777777777777778,15.351190476190474,1.6666666666666665,0.0,2.9404761904761907,5.833333333333333,11.924603174603174,0.0,10.595238095238095,4.595238095238095,1.3888888888888888,17.83603896103896,2.5,3.8888888888888893,0.0,0.0,13.854166666666666,0.0,201.98162948162948,0.0,8.333333333333332,17.9890873015873,0.0
653.4783806013102,4822.25807257242,107.53484851004974,3038.730424519405,14.234848484848484,606.6327899830019,57.478204665704666,189.67279029969578,177.10253542615897,799.3329586975059,245.85112517207767,5.395833333333333,54.3444264069264,25.111326581914817,67.61489552114553,91.07807360123536,155.15046579405848,258.20821077071076,177.36381118881118,16.38888888888889,47.47286255411255,30.083741809043996,59.804094684125644,105.99517843267843,134.25169287022834,120.11417402042402,373.4573247133364,602.4941744869024,292.5086590288796,382.6785533423691,223.37804417804418,430.1165968426998,226.72015183890184,96.88085676136305,60.450289294039294,181.99817497317497,283.3046567373613,165.0566338617809,264.9655363985859,786.2183260754628,25.186743208482337,148.334943991194,2314.6608139536543,753.5201626937454,327.73716317093636,851.8697497620485,2336.914176387702,57.54765651015651,469.5560535380836,1224.4079464518395,1063.9556838713563,269.0690884067916,579.5953376749993,782.7269886302781,224.13706987456987,496.5654086518057,275.42304931910195,270.68645842589257,302.019924125582,1085.2992122718383,501.4524211234815,152.71450091303032,19.717185592185594,23.72387566137566,64.93087158553965,4.459821428571428,70.3226461038961,32.135912698412696,63.22812151616499,63.8280784030784,7.701359710550887,153.41215875702346,40.275183150183146,10.576971274339694,121.98384832759832,10.801587301587302,15.578546317516906,19.751225490196077,22.268939393939394,27.768328893328892,8.01722582972583,7.856249999999999,12.581491425241426,3.1474830316742084,2.870879120879121,6.002164502164502,9.422381711855396,46.92155760905761,13.353968253968253,18.5,83.40455753826497,11.241697994987469,2.013888888888889,14.285714285714285,45.41154357374365,3.6372549019607843,12.2114898989899,3.8354978354978355,17.129661426536426,20.956136592166004,20.804671023421022,5.578373015873016,40.08836886797413,2.2010073260073257,4.273809523809524,87.09737221842485,28.54365079365079,230.11922288238077,14.3756105006105,32.8897487316605,2.7291666666666665,21.09969649915302,2.083333333333333,7.721861471861471,1.65625,2.9269307081807083,97.76422845672845,5.858225108225108,12.0764652014652,12.805194805194805,61.87504133293607,47.372835497835496,24.985177208810942,0.0,8.017857142857142,20.84480796980797,16.414772727272727,42.924384900874834,0.0,10.444742063492063,17.781926406926406,3.699404761904762,40.61954018204018,3.914285714285714,34.886273448773444,44.61799719887955,3.97281746031746,14.07335026085026,1.7648809523809523,132.38129684325335,1.8035714285714284,16.61164623578811,54.088109806859805,16.593785600364548,71.3015873015873,4.237103174603175,1.8402777777777777,7.404722222222222,13.996121933621932,9.429824561403509,14.790130621012974,6.82010582010582,1.5,8.093434343434344,1.1111111111111112,9.579899267399268,30.691829004329,52.98330580238475,5.0,1.9861111111111112,0.2272727272727273,71.26437923654309,29.248917748917748,26.460046897546896,0.0,13.161538461538461,1.5218253968253967,2.9292929292929295,25.744107744107744,3.6996658312447783,16.765873015873016,2.616628469569646,7.558429118773946,1.3636363636363638,1.1111111111111112,47.29223207348207,1.9543650793650793,9.136904761904761,32.91216748937337,2.529532967032967,0.0,30.887396508720038,1.3392857142857142,25.755521062757904,1.605006105006105,3.982614607614608,20.641882015043777,2.625,16.60185185185185,1.4285714285714284,5.733901515151515,0.0,0.0,19.94047619047619,3.3854617604617605,1.5625,2.0787037037037037,73.7490248680466,41.7983867983868,0.4444444444444444
1242.8788185911915,6653.494695704433,56.94311868686869,83.90746421478775,1.8104757085020242,334.19010253474244,22.404869031610517,2499.2973393891143,258.6821322215414,1165.0541981500985,290.7699459775118,35.706941167070475,10.3125,4.443445905945906,517.7963592099621,750.3632355050146,30.52363273551354,325.72917298831277,223.77442133030368,72.40908755846836,75.6637491256539,16.445743145743148,16.343915343915345,140.5600489422858,279.60327524045096,2.5045454545454544,755.5188854289275,464.4712202639799,345.81650765564274,354.50228818391133,1386.1399905283233,108.16368802106325,134.9619607416434,35.716602458214304,120.0965675431092,97.29231566363919,130.42790175866566,176.9947157249328,265.95567926225823,462.09309105933573,34.493426600055386,400.10120555494655,3376.7258428731075,905.8214573532632,1290.1262201767322,726.4343465071793,1806.4792616503119,1131.8516944668584,2029.433203699691,2632.3777417741753,2987.013254082629,381.571096399451,1227.0470677314258,873.328797493647,594.0024260104315,534.7992650391507,289.4321638887428,479.40159834232685,453.3325895915638,2402.657374518014,183.7686245629885,7.186656480774128,11.48556627339522,75.89042148726746,33.826983065953655,21.11540959040959,24.842068871674133,1.2479416008827773,36.844837261503926,31.96327948367422,14.729821104821104,41.69695789103684,80.71536796536796,75.24636243386243,154.67339242141873,845.6056812476929,3.898268398268398,28.228896103896105,12.514570517202097,12.730519480519481,71.14962444962445,18.48183277778866,7.284913186228976,36.433538706053916,21.566437375260904,377.438818014606,39.56778275903663,301.4181599460624,22.937400318979268,96.67876783710118,39.59941488250312,185.67589202085404,33.029998654473445,12.628787878787879,21.842929292929295,0.0,4.673572954822955,18.543560606060606,46.86198980015825,19.112698412698414,20.917957042957042,52.97138267072716,15.152734238941136,43.41535894660895,47.47809142611774,42.836002338444864,3.706360282018177,45.518272005772005,5.568031505531506,30.218299062049063,40.78527006619112,22.408630510903237,4.875686813186813,188.96077710463675,29.714484480660953,11.775993317437168,58.95925383621462,10.265921748816485,5.500923710792132,9.895425176675175,27.03546949082663,45.07670983986773,94.84203065453066,21.99890156140156,6.410984848484849,25.83382140735082,11.251587301587302,6.272276334776334,13.25,5.61447653223969,36.71621607559108,34.83297258297258,60.02470875071494,218.47467585208813,4.421176046176046,57.64429154866461,26.10803536060889,9.720238095238095,15.406746031746032,23.687950937950937,4.151515151515151,5.31160851588399,6.843470418470418,22.63234618916437,15.44047619047619,25.760736794070127,29.91679501054501,0.9085743801652892,24.245670995670995,16.078454927139138,110.2268820130282,33.142998278524594,232.22519926851012,2.6858766233766236,601.5352594854788,12.455847628307522,28.51470057720058,23.311854495447527,112.04801356051355,5.6520562770562774,1.8332390648567118,144.6955868205868,2.960109335109335,78.43651130014766,10.642475171886936,126.41836358086358,4.077290764790765,8.561237373737374,9.79510767010767,5.037914862914863,22.51388195138195,8.386574074074074,81.75181110976565,11.549963924963926,196.7220715558951,2.594426406926407,25.266955266955268,1.3585858585858586,1.5555555555555556,14.226964223515948,0.0,3.9148929773929773,0.0,2.272513670539986,10.194964349376114,0.625,39.421672077922075,12.048229548229548,4.268356643356643,1.65007215007215,4.858915755297334,6.675039013274308,21.3219696969697,0.0,4.896643682827893,1.3005050505050506,3.104764752791069,0.7142857142857142,1.7676767676767677,5.965909090909092
1139.9727737540238,6425.900078796381,23.752753986209868,36.150672448466565,1.75,685.3122352229497,39.07110801033951,1186.626378648566,236.3752233877234,2031.276027549614,429.6289878143013,29.812304075235108,8.630952380952381,24.859076109076106,981.2584253981313,697.0533080621495,7.145833333333333,242.3680443000486,88.62571733821734,32.48888888888889,29.161034798534796,18.62121212121212,1.3125,36.29596861471861,137.80111142334707,27.256944444444443,507.524521623013,887.1885032400097,88.03601953601954,50.447240540566014,525.8107073482073,75.09119352869352,266.33644064269066,26.678571428571427,40.20831945831946,34.302274114774114,151.30257285639019,25.431768423147734,109.99949841824842,362.9397255522255,5.833333333333333,360.5960997335997,1356.6895235762165,292.2310820867862,1536.2830753388055,244.2591931216931,1652.2300384256266,815.9722391536297,1218.3606192010604,2343.7706825556033,3550.118830663856,308.0474362239068,1012.0496972798443,706.4505181637535,438.9507459044432,792.4563269345597,149.68233155733157,264.83801337551336,1278.7262216949716,1211.7075252156435,261.896341811783,11.193452380952381,106.3967352092352,66.36805555555556,29.9031279178338,5.833333333333333,58.71778499278499,25.529761904761905,0.0,19.493055555555554,20.62418831168831,53.55366161616161,11.35,29.091666666666665,109.98728090039066,641.5097395251806,14.375,43.48412698412698,0.0,22.31060606060606,13.5,6.201479076479076,12.882575757575758,10.919540229885058,37.778589466089464,439.34564763048536,14.056547619047619,3.0661435786435787,5.333333333333333,62.13113553113553,7.754082722832723,61.936725427350424,11.9375,179.56331699346404,4.511904761904762,6.383333333333333,1.7126984126984128,0.0,48.833333333333336,66.5625,87.76262626262626,34.550595238095234,11.422413793103448,5.711494252873563,31.32377258158508,13.405390107976315,0.6875,13.638653549862509,2.2291666666666665,0.0,17.0390873015873,60.625,17.6125,25.12121212121212,10.152135854341736,0.8333333333333334,34.395833333333336,36.979166666666664,6.666666666666666,6.25,2.954545454545454,53.60019841269841,0.4545454545454546,9.5,1.25,12.902777777777777,4.833333333333333,25.0,1.6666666666666665,39.25595238095238,2.8125,0.0,1.0,70.52873422873422,0.3125,12.787878787878787,21.416666666666664,10.119047619047619,3.4166666666666665,14.047619047619047,0.22089947089947087,9.25,5.4772727272727275,0.9620046620046621,16.1984126984127,4.645833333333333,0.0,0.0,0.0,38.93650793650794,24.60023104290346,19.041666666666668,40.43670178799489,2.0,175.36800012318304,0.0,7.247916666666667,99.40294662234317,0.3448275862068966,10.0,6.583333333333333,28.948593073593074,0.0,2.5,1.6666666666666665,22.65397727272727,0.0,0.0,0.0,10.13888888888889,0.0,4.166666666666667,10.270833333333332,0.0,10.951893939393939,0.0,4.522619047619047,2.5,0.0,3.793103448275862,26.819444444444443,10.625,7.75,0.0,1.7142857142857144,0.0,0.0,6.035984848484849,0.0,2.5,0.0,6.357142857142857,1.7023809523809523,0.0,3.7499999999999996,3.3333333333333335,1.25,0.0,0.0,4.7023809523809526
3338.8345000401423,41976.47364630531,1158.855586619505,9458.110573725571,57.55361305361305,3646.137502832484,262.42288014830723,2089.6646940295186,513.2558271407241,3295.6294013414067,1588.3903442975854,109.60521423021423,322.67232636570213,225.02517653173362,149.4318942190966,229.88419103328158,124.9313606975731,244.56683223226926,647.4418712023378,366.1649369149369,344.8856053007839,149.86954409208758,479.1864156272303,1294.654234538046,367.5416908908654,978.7011056428415,1561.557300910065,2603.420194711143,940.5951330096239,2682.151008952413,2834.777323235103,393.71208203561145,349.24200693921085,472.9161791805334,363.87400749497004,1061.6920894278867,1126.7583179381397,2026.6015013834956,986.8276186962332,912.4446230814967,272.5787996155542,730.8046017955678,9037.119160371021,14487.918304489764,2645.501606778883,1331.8887505389312,10918.169704858547,294.04129814006944,3640.310967789361,7256.987674976696,10277.098371525528,1532.4368267298398,2976.069379697967,4388.619494629089,3913.6011247627393,1529.5071195448274,1544.0856969788267,1838.6720730195175,1284.4015493566765,8468.844572126114,1898.3074112021263,466.54420601661565,257.00118254471323,127.29012069801543,144.66284000797785,250.20407349688247,165.2944314869718,185.2207561644868,172.71881812942738,500.3116832697889,27.211073179271708,161.69303950682226,236.07653005207354,221.85564215559208,387.65830693037077,263.92913875769915,295.7862341906459,107.21905531832002,216.52554968179967,137.65327413067183,47.2788680617628,64.30965276195539,57.69160746589152,15.669584500466852,17.783276908276907,41.78769841269841,20.38443500943501,340.4239631540073,469.2960310215975,43.100940725940724,387.4048783066778,25.365522196231783,14.633192830561251,229.34857028935974,4119.961107648644,14.010360962566844,353.432775421746,125.0544704705244,1060.5831269238693,42.470840380379855,43.14859110607061,36.29282407407407,45.012716450216445,230.31392401458191,10.380332341269842,176.41709314077735,122.5006666944167,536.8305575394055,209.3672192579252,166.05335116272616,23.01007070414965,54.36494462392127,30.31043956043956,203.97177359677357,20.898674242424242,131.62633547008548,197.15467494243228,26.965015759094705,17.21371336996337,149.76165913075408,72.78806517556518,54.24163208867156,191.22194613827068,10.041666666666666,163.22570302504514,28.80568043068043,51.21041295306001,121.89321111309542,90.9619893994894,75.10319632852527,148.88091252429487,97.14880952380952,142.0625100744666,44.391865079365076,231.59228965478965,235.2602494472983,15.366582491582491,90.73349077393195,11.085858585858587,354.6734445601679,18.820697577276523,33.658246845746845,247.1399879223396,117.60217304625199,71.06691919191918,100.79406704406703,40.165133477633475,115.84234244695028,77.09929653679653,46.680345117845114,11.042408054908055,20.566378066378064,19.153108465608465,107.05510114885115,22.922313797313798,30.316301753801753,50.13481657231657,63.95167539575434,181.07785095812588,15.01709133945976,12.058802308802308,151.08779622960296,228.03834217253333,409.3719492273783,3.382936507936508,19.93073593073593,27.99088009943273,149.5028305028305,286.6278162421428,23.522833375774553,118.3823667073667,4.491161616161616,13.274338209683037,60.68517286377193,13.9505772005772,2363.611465937525,9.38888888888889,17.373505880084828,1456.8472240860951,23.183688860159446,104.60930261259209,26.31071012321012,56.01140873015873,274.9398715219497,1.9372294372294372,95.87385762385762,104.84671421987598,16.259920634920633,66.17952549447648,37.265422077922075,101.129293586184,6.408730158730158,12.393543956043956,113.63772359565681,4.967993811743812,224.17058885558885,7.333333333333333,721.2266878427714,701.2384310494863,8.359753550543024
588.3906652171358,1232.1090096151572,45.08147130647131,517.0979884508662,0.5555555555555556,357.20486972318866,69.26190476190476,147.52159645909646,124.93057807402069,310.30239520071865,156.99945887445887,36.404761904761905,66.79563492063491,53.88064713064713,63.41378066378066,424.7872495151907,47.44444444444444,325.28861416361417,344.88620407370405,74.58333333333333,96.99484600099353,38.12103174603175,98.27089169000934,92.39844877344878,91.82160894660895,87.42099567099567,153.35676880041635,291.1365364465633,194.06715208077205,553.310266122766,136.99848702542667,160.71466727716728,284.40841364250235,45.23616661116661,61.079365079365076,33.797619047619044,251.3607370543846,61.86526724641478,142.09208846708847,449.9729437229437,11.185897435897434,235.55968277412242,793.460122587251,201.39454744601804,241.57480482480483,446.8125421936897,586.0423784113644,48.39489676989677,447.7009127805887,802.831473202857,309.71753429319216,92.56434477878443,427.60123951718776,739.3962090665913,321.5286050470477,233.8287759599235,116.92071063515029,364.15422708925394,198.17973692973692,799.9035922799171,184.16522366522366,24.62121212121212,31.14044289044289,55.10335497835498,15.759667927700713,1.25,47.84722222222222,80.08531746031746,18.49621212121212,19.678571428571427,18.384157509157507,48.34188034188034,20.50595238095238,15.416666666666666,44.9781746031746,18.699494949494948,56.51968864468864,68.05357142857143,23.805555555555554,47.13690476190476,7.765567765567765,20.96416083916084,5.333333333333333,5.40079365079365,9.854166666666666,18.5,15.10562558356676,102.0340909090909,16.25,26.482142857142858,61.61706349206349,8.964285714285714,11.194139194139193,8.75,6.26984126984127,1.25,20.0,4.089285714285714,0.0,19.937629399585923,2.7976190476190474,27.107142857142854,39.57539682539682,4.166666666666666,25.22222222222222,53.57885284114792,6.329365079365079,32.357142857142854,17.083333333333332,6.818181818181818,12.647186147186147,18.35900210900211,9.422619047619047,16.25,0.0,14.444444444444443,99.87139249639249,12.507936507936506,8.05952380952381,10.113636363636363,19.957688145188143,39.82738095238095,118.98989898989899,5.5,1.0,1.883116883116883,5.194444444444445,19.336850649350648,5.0,30.15710678210678,0.8333333333333333,3.0555555555555554,18.67099567099567,0.4545454545454546,22.997474747474747,33.53083028083028,3.7142857142857144,8.121212121212121,3.6666666666666665,38.299832651567385,27.270833333333332,10.25,23.238636363636363,7.287878787878787,98.08333333333333,28.595959595959595,13.0,1.0,2.4545454545454546,42.169372294372295,14.309523809523808,11.853174603174603,21.142857142857142,2.875,74.78571428571428,29.07832080200501,65.08047849236374,26.83928571428571,11.666666666666666,0.0,13.627164502164502,120.06654456654456,0.7142857142857142,6.333333333333333,0.41666666666666663,17.166666666666664,1.4545454545454546,5.0,5.454545454545455,9.742063492063492,25.416666666666664,7.7559523809523805,1.1111111111111112,0.0,1.6666666666666665,7.5,4.053571428571429,1.0,62.12021072796935,1.9444444444444444,14.101190476190474,15.337412587412588,15.454545454545455,5.833333333333333,4.6309523809523805,11.398809523809524,9.075396825396826,0.0,0.0,1.25,1.0,0.8333333333333333,16.09722222222222,15.002164502164502,9.011904761904761,5.0,11.833333333333334,8.88888888888889,3.125,1.0
389.9790785904916,4505.269305782222,18.553696303696302,135.20513798866708,1.6666666666666665,170.33775021275022,8.44517982017982,200.24544205794206,15.940309690309691,290.22682294557296,44.055257504352525,3.958333333333333,12.572977675918851,10.404761904761905,13.82159020316915,14.69223750106103,4.291514041514041,14.742063492063492,39.196969696969695,3.2767857142857144,232.12282030438138,10.92202380952381,233.24292659954426,41.67723248973249,30.651556776556774,88.50499452889159,68.77282892228544,171.2793864485798,75.49058117808117,225.00102593484945,562.7933567264063,51.95976662226662,21.21590909090909,36.486734741530135,61.558888698028966,50.307359307359306,33.48593073593074,598.2765253430854,31.200193325193325,29.265723927488633,40.612280285074405,60.82776737327469,643.396159932771,1744.9563584429734,225.3250276698245,622.8089883689714,1088.2690750501565,234.49852026668808,712.8867228059179,847.5090543304725,784.7158792868352,89.06770184959544,247.62797792656497,447.61472038310274,193.44258277687166,214.7264328264328,22.82852564102564,203.71324753677695,136.34680893044865,1620.6876856563213,276.3666872343343,27.08121993746994,1.2142857142857142,22.943181818181817,3.455128205128205,9.25915750915751,5.833333333333333,5.333333333333333,17.424783549783548,38.24464645660298,0.6327838827838829,4.1496836496836496,117.543716006216,5.902777777777778,111.73298229548229,108.3603896103896,0.0,1.6865079365079363,19.16824148074148,11.582812647710346,16.753205128205128,6.527777777777778,11.849980063795853,0.25,1.0833333333333333,0.7142857142857142,0.3571428571428571,17.672619047619047,81.00378787878788,5.833333333333333,12.628385503385504,0.0,0.641025641025641,1.25,146.59453701749825,2.2064393939393936,6.811965811965812,6.237373737373737,27.845208032708033,1.5845959595959598,0.0,4.010416666666666,0.30303030303030304,5.5,1.875,4.916860916860917,7.950757575757576,1.9583333333333333,1.0555555555555556,28.560305435305434,0.0,0.7339743589743589,2.458333333333333,76.8279267029267,0.0,0.0,2.2222222222222223,0.0,1.8055555555555554,3.926767676767677,15.479978354978355,4.365079365079365,155.8267951303942,14.621212121212121,34.06608669108669,1.0,2.0277777777777777,0.0,0.8333333333333333,0.0,0.0,0.3125,0.0,0.0,2.9365079365079363,3.8846153846153846,0.0,0.0,0.0,0.0,0.7142857142857142,1.0443722943722944,29.782512626262626,2.323717948717949,0.20833333333333331,12.204906204906205,0.0,26.464015151515152,3.1015512265512264,9.716269841269842,0.0,24.757575757575758,1.0075757575757576,1.6666666666666665,1.6666666666666665,24.917232767232765,1.6666666666666665,1.4285714285714284,1.9444444444444446,1.1111111111111112,0.0,25.093506493506492,15.492424242424242,11.30418192918193,0.0,0.0,0.5170122275385434,9.921536796536797,2.25,0.0,1.9166666666666665,0.0,0.0,4.555555555555555,2.3304473304473303,40.953324453324456,0.0,0.0,86.76554642324766,6.2767857142857135,0.0,0.4545454545454546,0.5,7.841829466829466,0.0,38.72943722943723,1.9337835367247131,0.0,16.217983405483405,7.222222222222221,8.836080586080586,0.41666666666666663,0.0,1.369047619047619,0.0,15.06041181041181,0.7142857142857142,41.79312027841439,17.95975320975321,0.0
460.2481211813642,6200.73568206582,161.65328657124323,227.77173638596238,3.036796536796537,630.961873464881,118.09286659108088,436.0945735364853,62.55833333333333,562.5258434158434,207.5990392015392,32.666666666666664,42.71228036669213,85.99282106782107,51.430250305250304,34.18142968142968,63.12328643578643,14.025042087542086,341.13475056689344,63.35019841269841,37.72222222222222,15.388888888888888,13.79120879120879,76.01859632741986,185.48659463785512,128.93262987012986,193.59069476275357,454.55141538887665,280.2771672771673,300.7530121753032,658.9426187274485,6.301587301587301,16.22947422947423,322.82263107263105,61.56979131979132,311.9737207237207,205.16698964434258,101.81634337884337,96.9625933706816,335.39640230393655,31.058340760546642,404.40425943104515,678.4369342585519,1786.114504527407,547.7220726985432,569.6140436944008,1191.9812754875393,15.117413632119515,1676.1987563362563,1041.8199288456642,819.606486496533,113.0327870658753,794.5943221593221,699.1366583579819,595.536133007859,94.03607503607503,203.1952795656356,276.8970596397067,446.4245916120916,1023.0032305671624,288.16597126418554,36.595238095238095,55.99098124098124,0.8055555555555556,26.974206349206348,15.433823529411764,46.97741147741147,85.19942279942279,7.889159451659451,56.61917748917749,16.817460317460316,18.785714285714285,17.333333333333332,10.25,138.75456284963136,24.65277777777778,31.108315295815295,36.97785714285714,29.806372549019606,69.48708513708513,23.286507936507935,20.650793650793652,2.6190476190476186,1.6666666666666667,3.5,2.638888888888889,19.23827561327561,10.416666666666666,35.8125,2.0,21.25,4.978741496598639,0.625,7.083333333333333,179.22294542059248,0.8333333333333333,16.583333333333332,6.329598506069094,62.75596348096348,9.011904761904761,1.0,3.185185185185185,1.8888888888888888,3.9162561576354675,4.642857142857143,28.422619047619047,5.166666666666666,33.023809523809526,23.064285714285713,16.86111111111111,1.0964912280701753,4.75,15.75,0.0,55.26190476190476,9.055555555555555,9.195075757575758,108.10595238095237,2.1242368742368742,38.675,103.9484126984127,8.859848484848484,30.79289321789322,3.7499999999999996,10.939517353991038,3.6507936507936507,0.0,1.1666666666666665,10.767094017094017,9.21031746031746,8.092592592592592,1.875,11.944444444444445,1.25,13.226190476190474,17.380135387488327,8.75,0.8658008658008658,0.0,44.64392551892552,0.0,23.41865079365079,22.958333333333332,1.2626262626262628,0.0,2.5373931623931623,6.801587301587301,0.25,4.125,0.25,0.7272727272727273,6.138888888888889,1.5384615384615383,12.464285714285714,0.0,24.30952380952381,2.609126984126984,3.111111111111111,18.313725490196077,1.25,15.214285714285714,0.0,8.75,9.78452380952381,0.7738095238095237,0.8333333333333334,2.159090909090909,17.686507936507937,8.73917748917749,4.166666666666666,2.6666666666666665,2.9365079365079367,0.0,0.8333333333333333,0.0,78.34006026653086,0.0,4.118284493284493,39.042192807192805,0.0,1.6666666666666667,0.0,60.166666666666664,12.210317460317459,1.0,19.972307104660047,4.786643911643911,9.206349206349206,11.885154061624648,0.8333333333333334,5.3125,0.0,1.5476190476190474,14.167919799498746,0.0,12.259134199134198,0.0,187.63234126984128,15.373809523809523,0.8333333333333333
368.5864422132136,3195.191900928715,30.950460054078473,568.7698429148112,2.5058275058275057,172.56791678537036,44.97950937950938,279.8338891442358,73.29488326216267,304.38937193410874,234.85139264473628,1.1948529411764706,29.043290043290042,8.339598997493734,24.650651140409543,67.75316890998005,64.65917224657827,128.99969852620228,120.16366735116735,5.3125,130.30002272859414,29.555503110335042,34.8240373280419,31.227918280549858,116.43929876166717,37.10516515218527,147.4510715117518,508.18187416361127,63.44946211196211,140.2410573588205,199.96933048702505,83.93064951188016,83.49546587671587,117.23274907711827,63.204455266955264,27.237206080956078,108.09485306360305,167.14538295788296,15.447596385096384,154.71305485808193,30.202044880643953,223.92784975907367,1173.0248006600461,622.7519245874114,275.79878268040585,475.71228646633887,771.0857651030226,90.72182593235225,549.1099225756963,901.9201300223334,846.5307803342578,195.71861425611425,603.3606080981232,458.5628936000646,258.1173553918171,263.7390796029063,122.61475128328843,355.7700163255504,433.94123200061443,821.4112184555923,261.65975001305884,15.417537433326906,54.546867356213326,17.971255596255595,42.26227719648772,4.551282051282051,14.76605339105339,14.53605130249867,207.2498321344241,29.993939393939392,2.5958142551892553,29.31715725794673,23.194648407148406,7.125,188.30730103230104,22.321756946756945,5.625,6.791694416694416,9.055555555555555,12.729344729344728,1.6666666666666665,6.090817361650695,24.877811500094108,3.916828269769446,2.4073490507314035,2.371031746031746,1.9704739704739704,24.629576306046893,23.1502109002109,10.468822843822844,53.57313979879769,1.349206349206349,14.13888888888889,0.5263157894736842,66.69969592552545,6.6062409812409815,15.539772727272727,1.25,32.98588626127242,4.966364775575302,12.518696581196581,5.774276377217554,14.436507936507935,9.976190476190476,2.4305555555555554,156.6405936880681,56.12219904278728,56.856637235313706,8.656015037593985,15.603241057188425,9.366071428571429,11.016550554708449,1.25,29.198606948606947,0.8904761904761904,1.8782051282051282,99.3346681826945,2.151767676767677,1.0512820512820513,12.723124098124098,44.741770729270726,2.526315789473684,22.98183760683761,0.7142857142857142,24.1775308025308,1.25,1.1963036963036964,111.65860928573777,4.5,0.9027777777777777,16.354064318034904,0.0,92.94899683649683,0.3571428571428571,17.72222222222222,55.47572335072335,7.453703703703703,7.384615384615384,4.166666666666666,2.8860930735930737,5.916666666666666,27.752066152801447,63.59492345889405,17.855110167610167,4.134680134680135,24.204816017316016,9.829022366522366,3.6073232323232323,4.878803794244971,14.039201539201539,6.576322434875067,3.9404761904761902,3.3823051948051948,0.3571428571428571,4.166666666666666,32.23241758241758,12.0182316174164,13.360007639419404,15.791666666666666,0.0,4.875291375291376,38.86555361849479,26.05979437229437,8.523686109212424,1.4166666666666665,1.0606060606060606,4.1479076479076475,10.776334776334776,4.820707070707071,0.0,51.9676288988789,6.493055555555555,2.693028024606972,4.2858187134502925,0.0,44.24911236424394,2.142857142857143,0.5665584415584416,26.220425407925408,5.404761904761905,0.20833333333333331,1.4121989121989122,0.0,9.070868459026354,0.5086580086580086,2.0,4.689604377104377,5.5256410256410255,5.937645687645688,1.875,4.097222222222222,0.8333333333333334,9.970238095238095,6.284090909090908,0.0,15.190656565656566,1.1851851851851851,15.464627477785372,12.425438596491228,0.0
1316.3445184114826,6072.455208252139,67.02998182373183,44.54234695626502,0.2203525641025641,650.8992088195834,44.00558195306095,1205.759447220354,266.14145414770417,1098.9352915883592,554.142734271901,72.98372293415397,8.083333333333334,30.03486202173177,377.5259846634847,558.1578574874982,12.96330829664163,293.98803576691506,76.75369769119769,7.8568376068376065,40.828957770624434,13.616050616050616,2.9675925925925926,29.676012949039265,355.47251468731355,8.125,395.3865632525985,552.4712565212566,377.420174038924,191.35329361996028,1160.4949512270591,221.54065240315242,369.629782948533,57.05057712349379,63.12586025086025,40.22904641654642,71.17619266698215,75.0369196895059,266.3058797927219,512.6720293264937,19.329247835497835,315.8655963045669,2142.8361075810744,360.94424919216584,1541.7926320142517,339.3060508935509,1560.6933821469536,982.4405077674686,986.3734678211651,2198.2690726055193,2075.2661589287923,359.27457876089886,919.1340948352088,1089.2873994522085,779.7182744250242,468.54319980087655,241.18297366214034,829.3445520001441,1257.9135447885449,1585.3140732460365,202.88048308903572,1.4837662337662338,35.97485454360454,69.34564857334787,35.64393939393939,3.1468253968253967,32.16873623452571,70.98190045248869,1.7171717171717173,4.474042678812416,13.827217920967922,95.30582611832612,16.68371212121212,28.24749902874903,65.0995855995856,601.4905577215756,5.369047619047619,56.960220335220335,1.2964000911369333,11.940476190476192,80.73178303178304,7.942886203302869,2.5961538461538463,27.411276271621098,17.933793058793057,344.9544823551289,24.950396825396826,55.078270803270804,6.611111111111112,100.58726088726088,38.58383190883191,192.88098259764925,21.302449754830707,8.723290598290598,24.782897657897657,1.1458333333333333,0.3125,7.133328972614687,44.7810834998335,41.2433608058608,63.17919580419581,51.73027390295795,0.4849137931034483,10.042385057471265,18.48022348022348,25.64613686122307,1.1873196248196247,16.610460811118706,4.402356902356902,0.34226190476190477,30.194709530235844,28.415154290154288,42.81018518518518,138.38224769869507,6.406776094276094,1.1937557392102847,13.73037518037518,10.717905875800612,5.275106837606838,18.247519841269842,32.6104797979798,95.9965798090798,48.830125892625894,9.135225885225886,14.989583333333334,27.666666666666668,5.326923076923077,0.0,3.214285714285714,26.586302586302587,26.826874514374513,0.3472222222222222,23.956349206349206,121.9149544899545,5.3889721389721394,5.312604062604063,71.40179265179265,14.305555555555555,30.118522408963585,4.2976190476190474,25.357142857142858,9.134255636499796,0.8712121212121213,49.457251082251084,10.86111111111111,47.69483063233063,4.2356601731601735,1.0340909090909092,0.0,18.28551541051541,54.92478193393162,30.874458874458874,87.19708789659529,1.875,677.318769339822,2.672714540361599,13.157617845117844,27.421021224508685,113.10546457055078,8.844488844488845,6.437347374847375,53.40882034632035,0.0,8.487657018907019,3.6904761904761907,55.679710104710104,0.0,0.65625,0.5765692640692641,7.016151132817799,6.685365560365559,19.104166666666668,34.932271101913955,1.75,70.79085176341273,2.8178418803418803,12.092592592592592,0.0,0.0,6.539676319848733,0.0,11.488095238095237,0.0,2.5,19.59722222222222,0.625,20.7892316017316,2.6937645687645686,1.1106150793650793,0.0,0.23809523809523808,3.577755577755578,4.986259771974058,0.0,3.3552631578947367,0.8461538461538463,0.0,0.0,0.0,4.697270322270322
115.35230120756437,1172.214556110019,13.637566137566138,48.560503275963804,1.6666666666666665,238.76879268392426,16.462962962962962,220.32577875341033,18.88888888888889,420.42878028404346,119.70812447786132,0.3571428571428571,15.514285714285714,15.817243867243867,5.8809523809523805,18.0,3.1547619047619047,3.9166666666666665,12.578536917159209,124.40079365079364,1.4839181286549707,0.5263157894736842,7.027777777777778,20.204887218045112,41.12271062271062,18.076923076923077,65.51587301587301,24.137667887667888,32.607142857142854,57.94532183502772,178.1994856994857,5.3809523809523805,14.553571428571429,13.809704184704184,13.462301587301587,12.234126984126984,12.18859649122807,352.4323870573871,22.375,4.624542124542124,13.291666666666666,28.162393162393162,132.84756341611603,300.1709771222929,67.36193937641306,64.55555555555556,373.91121606220287,36.73082010582011,123.34208518090097,202.39667496246443,121.95773568536727,50.15267870531028,61.96434121434121,115.34732664995822,46.63684020657705,121.94444444444444,13.717948717948717,74.94998623452571,286.5099715099715,602.015220224392,108.78363997113998,2.5,10.595238095238095,1.6666666666666665,10.0,42.857142857142854,10.194444444444445,4.166666666666666,3.8888888888888884,68.94444444444444,0.3571428571428571,15.833333333333332,0.8333333333333333,45.2281746031746,9.446666666666665,187.39700577200577,5.4226190476190474,5.9394708994709,6.388888888888888,5.972222222222222,1.6666666666666665,17.63888888888889,13.166666666666666,1.25,0.0,0.0,0.0,10.75,53.68650793650794,0.0,15.7559280996781,0.0,0.0,48.228487886382624,13.991666666666667,2.1052631578947367,0.0,0.625,6.232142857142857,1.25,2.051282051282051,1.4880952380952381,4.930555555555555,0.3448275862068966,0.625,0.0,1.0526315789473684,4.166666666666666,2.3809523809523805,0.8333333333333333,1.4772727272727273,0.0,2.25,131.63492063492063,3.75,5.523809523809524,5.238095238095237,3.5,1.6666666666666665,22.555555555555554,3.333333333333333,6.2168560606060606,3.8095238095238093,0.2777777777777778,3.1666666666666665,0.0,0.0,8.666666666666666,5.0,0.0,5.69047619047619,41.273809523809526,2.0,0.0,5.208333333333333,1.0,0.0,5.5,1.25,0.0,2.5,0.0,0.2777777777777778,0.0,5.25,4.166666666666666,0.0,1.1111111111111112,2.2916666666666665,0.0,2.5,1.25,0.0,0.0,0.0,0.0,0.0,5.0,0.0,4.75,3.5,0.0,136.5625,0.7142857142857142,0.0,0.0,0.3333333333333333,0.0,0.0,0.0,0.8333333333333333,0.0,2.5,2.333333333333333,3.0,34.398148148148145,0.0,3.5,21.143037518037517,0.0,2.380952380952381,0.0,0.0,0.5,0.0,1.25,1.25,0.0,0.0,25.083333333333332,0.0,0.0,0.625,3.2870370370370368,1.25,1.0,0.0,2.675438596491228,5.372222222222223,0.0
820.5471186135272,6468.302790550236,83.42030423280423,340.2696495755706,22.488095238095237,871.2834936227794,77.83688058556756,827.9319902591961,133.82431987946694,1790.681500005126,329.11193582246216,13.434523809523808,34.975,104.03618421052632,86.4078985760971,248.00024468851868,40.0380291005291,181.1795634920635,197.31021044781548,315.1315996095408,221.1780462184874,100.43317853457172,20.461779448621552,396.1967940685046,86.83857709750566,179.39238721804512,301.1990146935967,507.11681556747345,146.89691558441558,342.66118270704186,473.511103460523,255.865388631836,120.23843864468864,191.5595238095238,58.473901098901095,70.30090048840049,224.4419191919192,430.06944444444446,173.00198412698413,349.18928651757597,151.07896042188804,181.12434589220302,1059.6980830927328,657.1069772454641,905.1365927931718,513.8926638837353,1823.2112096097999,330.3339595833017,1676.2685043703716,2074.1532854207194,1783.6784864215592,269.212302974803,564.2777777777777,1024.2400308025308,947.0445214507714,571.139907059315,207.9957264957265,379.6425324675325,502.8694288167972,1723.5390193813182,195.109552154195,39.25368107769423,40.19940476190476,56.05555555555556,55.409126984126985,595.3076923076923,113.882326007326,23.027951824004454,106.94444444444444,141.13095238095238,37.09027777777778,33.08784113060429,98.63690476190476,254.73214285714286,108.44246031746032,660.5264957264957,127.79166666666667,56.771319638966695,21.823529411764707,90.27235958485959,63.73134920634921,34.77579365079365,26.07936507936508,22.75,46.80555555555556,56.5,33.88243894048848,78.09126984126983,120.34027777777777,67.66911764705883,62.323412698412696,60.179280045351476,15.5625,979.5553989139515,18.246136173767752,35.916666666666664,35.982142857142854,29.126984126984127,141.70916875522138,11.333333333333332,27.125,25.9375,31.86111111111111,5.416666666666666,55.96031746031746,67.11904761904762,19.333333333333332,38.81150793650794,69.84046855921856,5.798687423687424,33.33578431372549,27.710858585858585,5.833333333333333,239.48955415499532,19.751984126984127,46.485119047619044,71.79166666666667,86.18551587301587,19.208333333333332,39.092261904761905,22.36904761904762,42.88377192982456,21.293650793650794,29.986928104575163,4.916666666666666,13.470704948646125,1.6666666666666665,35.82424812030075,25.708333333333332,57.76460145461693,30.944444444444446,31.711309523809522,2.7777777777777777,49.88263125763126,13.883928571428571,28.13392857142857,2.4000000000000004,37.33333333333333,7.5,29.286075036075033,45.75,10.521825396825397,15.097619047619048,20.908730158730158,21.229166666666664,27.74102564102564,26.23611111111111,1.1666666666666665,19.375,14.154761904761905,19.871879217273953,16.916666666666668,1.0763888888888888,0.8333333333333334,51.98856209150327,17.171626984126984,123.87103174603175,38.69658119658119,5.231481481481481,39.62535014005602,10.041666666666666,99.73076923076923,75.45833333333333,14.022295321637426,7.470238095238095,9.136904761904761,7.5,22.888392857142854,10.333333333333332,15.13888888888889,9.125,12.083333333333334,8.078208556149733,11.810881370091897,28.72467320261438,10.942495126705653,12.1875,15.029761904761905,6.625,13.333333333333332,129.14502164502164,19.166666666666668,28.958333333333332,23.479166666666664,11.333333333333332,5.777777777777778,0.0,7.599206349206349,17.5,12.916666666666666,23.0,5.583333333333333,4.3936688311688314,7.037037037037036,9.25,10.877747252747254,10.833333333333334,7.908573517126149,1.1666144527986633,7.567460317460316
58.06487493987494,2036.847736958031,5.7142857142857135,337.2157022186047,0.7149621212121212,441.66777435527433,36.964285714285715,38.95238095238095,61.05366161616161,316.68977087727086,49.50381794131794,4.880952380952381,80.01190476190476,30.930555555555554,288.0658623783624,90.34292328042328,2.5,773.4771062271062,58.9011544011544,2.4404761904761902,84.49473443223442,22.38888888888889,2.0238095238095237,146.13095238095238,30.987225193107545,6.079545454545454,195.68948412698413,325.49520618270617,391.2911694786695,444.5260526510526,57.72688191438191,509.08534752284754,595.3977136411347,261.694989403871,78.46749777999779,19.303571428571427,524.5726845608812,6.656010656010656,267.995109995497,437.94582024729084,51.58158508158508,182.6386413151119,2300.08025403246,29.66504329004329,399.67783836533835,477.92098906998285,637.7014143264144,12.490460927960928,141.13612980157097,46.353812853812855,78.44958513708514,75.13356782106781,244.09046935033777,585.6128801753802,27.417610167610167,241.21329133829133,120.71262765012764,83.30956312206312,199.82890244287302,793.123193935694,487.3150738150738,2.1031746031746033,11.790674603174603,283.03347809597807,16.91468253968254,0.0,40.622835497835496,124.07348207348207,1.4285714285714284,21.797292984792985,2.5462962962962963,116.82247613497613,56.20014245014245,64.58369408369408,28.180555555555554,0.0,0.7142857142857142,74.82213157213157,2.121212121212121,21.602032227032225,2.8125,4.186507936507937,2.1666666666666665,7.396214896214896,2.589285714285714,2.5,1.2142857142857142,6.992063492063492,0.0,0.7142857142857142,147.1101652976653,3.75,9.124759499759499,0.0,1.0416666666666667,19.51984126984127,1.7045454545454546,17.13095238095238,0.0,4.0059523809523805,6.714285714285714,4.290674603174603,22.023809523809522,0.0,1.2878787878787878,108.84126984126983,44.95685564435564,1.1688311688311688,4.102564102564102,1.6805555555555556,6.050595238095237,57.83104150751209,7.46031746031746,0.0,2.242063492063492,2.9313973063973062,135.54100066600066,17.505774318274316,12.73015873015873,2.1726190476190474,0.38461538461538464,3.1529581529581527,0.0,0.25,3.958333333333333,57.41491147741148,0.5952380952380952,3.2321428571428568,0.0,17.053571428571427,0.0,0.8333333333333333,37.73634698634699,1.3888888888888888,80.83446414696415,15.145021645021645,0.6944444444444444,10.139880952380953,5.375,46.55261650114591,2.7777777777777777,68.91603535353535,12.538690476190476,0.0,284.80251692751693,14.928571428571427,1.3392857142857142,4.5625,15.666666666666666,32.66898148148148,10.783068783068783,16.753663003663004,0.0,4.722222222222222,0.0,4.8809523809523805,40.86661255411256,89.72213570742983,0.0,3.5,6.26984126984127,99.869227994228,0.0,0.0,2.569444444444444,0.0,1.25,0.625,39.05194805194805,10.176767676767676,5.946428571428571,9.38888888888889,0.0,0.0,0.0,0.0,2.5378787878787876,4.375,0.0,2.626910126910127,0.4629629629629629,23.642315394443877,5.782738095238095,0.0,13.040750915750916,0.5,17.201090576090575,0.0,0.0,1.1944444444444444,3.888888888888889,0.0,0.0,7.144209956709957,8.51010101010101,6.944444444444445,0.3571428571428571,1.6666666666666665,0.0,2.013888888888889
