658578.7652998016,70653.83981212281,79562.56663822802,14697.086951900594,40.64432647732266,35854.32152543487,2281.3230491003706,2149.8501474832356,2020.2035030225763,1161.3682743291567,1260.024243909685,14759.349673445535,93063.24095612498,25903.10106283605,439.2503487448224,7585.535720532191,1874.9190027565028,1027.94796021421,2114.924329519329,4071.9191740759093,222320.51440929784,6370.809787818391,2881.978833917405,2678.951412013912,35592.226923566,189.14121647121647,80868.11232983503,5580.639090186487,182136.51669725706,12159.548561905896,40.64432647732266,49.388770921767104,850.0003180616419,8168.230426847815,3556.649116994117,1348.1018159618159,5182.811957139152,55415.18202235421,36886.31062192158,88852.36809425268,25473.183193566336,12113.870466110113,47268.03389498195,15993.748916118298,8024.60134056838,55951.99492407813,40.64432647732266,4976.605999113335,4840.915975895798,82430.49734782224,52020.28306686189,20227.29557776102,11272.646920690768,679.0982304931732,59621.649487628405,29445.515608358757,410.7432647732266,40.64432647732266,40.64432647732266,8853.4092740685,13517.1031577638,6911.929375763126,129012.92034165905,7804.984234059307,164932.61879549065,60387.065156990415,27635.489279730857,244066.07346736107,36432.711412978395,30634.56828044755,12234.207127440863,42477.43873823866,86592.55160010606,3964.6401165331954,31383.571692746747,200205.30180236907,41225.76945313738,139472.2183168256,13574.540511688529,128444.39986754295,7134.862910241265,13074.29203645808,5444.630573596394,62314.47459708102,100908.55655257445,150234.69332324897,10561.386493087814,28987.652536176018,4312.502325942972,61205.80614387452,13126.536795516942,72307.96090363378,303.6837672248387,22257.47812652608,873.6810356310356,2456.4947364672366,483.8867724867725,141.4494708994709,10322.848746617303,1140.7393482248744,1992.7651139954817,592.8098783161283,13066.985601045233,539.3021222527473,931.3931220825957,3157.1102899283255,407.0822015022015,13882.343721833431,2622.7233357776527,479.650637973138,3301.441834276834,8952.847735091218,269367.71559978306,1505.8945362585594,1550.6466004828505,1359.1693473193473,19387.11140151501,1176.5910432438218,129.87770146520145,3688.5846116046973,3980.6359226705194,169.99020146520147,101.77055037555037,2478.357040348385,717.1990567765567,772.4086309523809,1348.3937103174603,2850.8981338106337,4257.840788719435,13140.968252221308,28300.332949396314,1896.6410383597884,2156.1308814796316,3231.5240547811977,18825.573282737714,3514.4631707181707,3114.4249296999296,4028.794762810289,1429.8606532356532,4438.290480787861,2449.588466810967,1270.0029316979317,2207.7171195933697,4600.245742563537,31677.843382735766,31069.8336784333,1931.8335436785437,2179.34674120871,6314.636165710508,1144.700297503245,18825.899305740557,3535.435889980975,13173.403612802746,54407.00568851507,6757.715967037454,3966.514524267516,40744.87406436285,1241.8006344581345,1936.7962962962963,7131.231408000185,1903.9864598364597,15941.694212591612,564.7463194485254,158.95,854.5768398268398,3206.3622752873694,3193.040151644165,8426.1294943292,138.89473684210526,261.93333333333334,12054.44699838123,11.041666666666666,691.7697281476693,2730.6392103442536,417.34238095238095,245.22444444444446,689.4152976190476,3135.6394516594514,3577.350861192714,170.90654761904761,12715.94485434223,214.44555555555556,529.6457491582491,99.93988095238095,1254.1938492063491,700.9513888888889,1811.902854986648,4562.660604730237,3305.3289985381493,1790.6049919633742,68.21552218614718,538.1441982936548,4084.3109287652765,1885.6850714548295,2382.2984228386485,1221.640560328188,162.0026455026455,118.01602564102564,3306.4737055074556,208.21695156695156
80595.96097394708,9040.1106998557,9064.383128342246,3747.1612433862433,26.674946606208465,1621.9676587301587,374.1,634.8777777777777,137.86666666666667,75.58095238095238,495.8477272727273,3976.6045912420914,23484.297222222223,8160.632295482295,280.3833333333333,214.81825396825397,351.55,62.65861111111111,125.31722222222221,684.6666666666666,29401.001112313614,1985.7708333333333,348.25,598.9330952380952,4109.695403439154,102.25,6742.134722222222,137.55,12430.514324841824,1050.6643217893218,26.674946606208465,26.674946606208465,174.5,7341.859126984127,433.95,688.7708333333334,1159.9863095238095,4840.925595238095,957.244708994709,7529.91932030932,2709.7168524531025,1067.05,5494.448704481792,7230.699566267066,1049.6651785714284,3033.1111904761906,26.674946606208465,386.2055555555556,819.1980158730158,5145.587103174603,6982.348282828283,793.7563492063492,2236.5791666666664,400.124199093127,15012.953783068782,1260.9343915343916,266.74946606208465,26.674946606208465,26.674946606208465,2133.4760683760683,1737.8013888888888,2389.0559523809525,26974.091954573203,40.416666666666664,21390.740603505972,2032.7765422138248,1991.747671911422,16124.24801032301,6549.792652717652,13992.205233247145,838.26375,2159.2,9151.871055880394,231.11111111111111,11414.76579804999,1279.825,19611.0053973804,7931.67248015873,673.9805555555555,30765.68495208495,589.5329365079365,681.5369889369889,1919.8607142857143,4316.733333333334,1667.461583000333,34289.26549218483,1269.2742063492065,3608.0434848484847,1957.8714646464646,6643.1638095238095,927.7333333333333,7230.7253505291,285.4632352941176,3233.116666666667,267.51638888888886,1028.7160317460318,87.75,11397.385912698413,1619.1590277777777,419.90555555555557,601.9658333333333,511.7166666666667,1409.8907287157288,17.6,282.40555555555557,158.8777777777778,169.29444444444445,6519.882400793651,514.3946428571428,639.3333333333334,227.54999999999998,197.74444444444444,2116.2736578236577,988.0081349206349,785.5305194805195,181.83730158730157,112.1,1007.4158333333334,222.25,262.8139838103073,304.30555555555554,11.0,42.32361111111111,222.75,1061.2214285714285,8.85,477.80833333333334,22.0,319.6928571428571,848.8844017094017,70.2,125.13333333333333,92.36666666666666,177.30555555555554,351.2767857142857,911.6625,375.39444444444445,340.05,1016.3789682539682,144.52194444444444,107.44444444444444,202.375,642.7083333333334,974.8055555555555,323.15694444444443,1076.036111111111,25.05,887.1425116550116,1013.7608405483405,1564.9888481453188,1137.6722222222222,71.68706474684735,5905.851510295261,2695.216369047619,758.6696969696969,10659.188333333334,626.1483333333333,389.3958333333333,208.66666666666666,535.3833333333333,260.2597222222222,401.74444444444447,558.2149509803921,7.6,131.24444444444444,208.43333333333334,403.6458333333333,242.97916666666666,173.5,306.43333333333334,1638.0708333333332,26.05,145.61388888888888,669.2583333333333,162.75,8.850000000000001,19.0,19.714285714285715,61.516666666666666,554.6666666666666,444.0297619047619,164.40833333333333,84.9047619047619,221.71027777777778,929.1363247863247,206.16666666666666,147.80092592592592,169.62777777777777,528.5448412698413,237.95138888888889,0.0,70.56666666666666,192.34722222222223,149.5,130.93333333333334,63.0,31.063888888888886,92.22222222222223,21.833333333333332,764.8590136660724
361464.8554812285,22068.803867419774,30721.46182776428,12074.022375853861,399.8091560227303,6224.709677833674,276.8182911327742,637.6231199970275,449.07044754637633,225.81249639249637,291.9806628094128,7403.305006722069,29570.078888358585,8246.487473542897,7720.224007157101,2108.549805099871,148.37467694342695,99.86336049571344,205.00449876920464,610.7777448520201,105829.45405384128,998.1819122649059,897.9209972774579,810.0442156623201,7419.157815249019,145.03245623424195,31609.982639451886,1967.788301097051,35531.705430703034,6179.830690601949,31.436933800508076,33.24943380050807,1021.6385395864013,4816.404299527084,5143.537529493149,1757.361959713485,1861.3674937402875,15900.640834839418,5413.674548873224,21089.60262428822,7347.09732439195,2241.019396978683,4864.3942517451715,11821.225478138864,2920.4444443791913,8881.315795196786,31.436933800508076,719.785388337153,3750.7347556266263,18488.179209783746,19242.12585867426,3223.2809468175205,5716.841962540558,562.6093377879519,16437.610924518423,3250.8308860467264,314.36933800508075,31.436933800508076,31.436933800508076,2139.4810567427394,5301.444955212488,1098.0032714507715,36597.94677611577,1599.821431419867,68693.19757749904,25464.391088337212,2695.2627968680417,48935.142442518954,42697.463454711426,18343.141552660996,1412.2058404010195,7255.594082387745,28651.336589760456,1500.0884607661,59996.94118450156,16551.52157317293,15798.62894898367,27956.965354949294,7024.407483463924,69875.49252854062,1527.3004413039498,1601.9392362169995,811.9837879712879,4662.27537960396,7989.632004043858,93585.20987476662,1821.2059230739342,6994.605950384534,670.2678896174604,13834.505812259924,1852.4253055196436,14627.967241077899,541.4865236545687,5019.4554029785995,725.041703272218,917.3386606872741,230.19161394161392,426.7413837129054,537.886844616181,1637.039162400419,2670.32794127508,384.9172841047841,1389.571111632441,1012.8835516719979,1522.5456337068902,2336.7307916855975,86.90874914559126,2219.227146965051,360.96407531392003,968.2588131313131,1175.7216102680388,1735.5519510460094,39490.453152305876,218.51441046387475,654.5351055679685,979.6509989228791,1481.4094063344062,793.1089811927653,900.4766191307262,853.5620345444084,468.10046897546897,108.05748299319728,21.139687286397812,758.9337480186325,704.1786349893492,210.6788418607536,150.8319708994709,291.8119678932179,231.32191128976842,495.64166644944896,2130.558224431657,1382.3940911951415,729.5833888333888,2051.833132931883,1158.9388643082063,1289.5522931684432,512.572931935789,1226.6943768469232,492.62205106401535,1017.8631643411055,246.72281746031746,1453.0804166666667,477.10867475389534,355.20641025641027,2810.76846623459,3319.4764568462133,1129.4678868618155,1387.3467111736584,3154.3962721576586,1649.631435385343,1123.8449277601483,1217.1579645396478,2833.475487716431,7122.142672336325,1213.7867087157317,2907.0589964470228,8680.055041715903,4132.712131603828,991.4371998371998,499.67480213398994,442.4241245083892,1240.406274462971,1672.339470864103,59.85930597180597,79.58463203463202,429.2812035914844,466.77360639360637,3827.8456513266574,453.2389598997494,211.6011655011655,1186.8163897412112,70.76488095238095,2818.8233213062576,598.4693618154332,1825.4963324115497,15.108445378151261,2198.583441102548,88.86309523809524,1279.9057900977018,117.75222222222222,1485.270444797577,110.17377344877345,214.01288276538276,496.84971512405724,393.8171825396825,500.98493227115404,150.12330120276548,326.43950251001723,1144.354023014023,1667.2180846420597,376.6691802349697,2010.2781880156879,182.2441171923315,99.81639333841851,268.7181783824641,177.70194990194992,330.05637285637283,111.1743777056277,204.1467671217671,393.60085222921634
51561.65304069497,1068.8175925925925,11554.215496031746,1219.4936507936507,25.62716213760311,377.5361111111111,168.87619047619046,1122.5700396825396,467.8708333333333,154.50333333333333,137.45208333333335,2202.07996031746,8859.230645743146,1044.3275793650794,10.32,17.855555555555554,203.0611111111111,233.05436507936508,466.10873015873017,498.81527777777774,15111.942196368445,119.20333333333333,38.00694444444444,298.69623015873015,1264.3846891534392,618.0364814814815,3980.4775432900433,41.31666666666666,11093.237045636492,665.0003968253968,15.127162137603113,15.127162137603113,44.37142857142857,5007.142171717172,530.9791666666666,2389.343253968254,4307.037962962962,4671.386492303992,338.8305555555555,2434.56375,787.3186904761905,944.541865079365,1996.0079117617274,5277.492687758864,2842.231327006327,2007.5886994949494,15.127162137603113,347.3388888888889,330.9527777777778,1629.4602062289562,2480.562022005772,110.99305555555556,870.4264550264551,230.65743206404667,3742.2617394179892,134.31944444444443,193.58551026492,15.127162137603113,15.127162137603113,131.2138888888889,734.0359649122806,1950.9093975468975,17577.877487142487,21.88888888888889,19149.232331071205,1901.265142958893,1099.9616666666666,6600.726656445407,648.555753968254,1671.5818193944244,67.35555555555555,5683.046664862914,10996.961507936508,149.29007936507935,2536.568629148629,2776.5373556998557,10160.104077681577,5501.447991545491,494.9164502164502,8384.598497701129,3057.7560185185184,82.90555555555555,279.475462962963,677.7988095238095,951.7709126984126,17055.62538955922,8.688888888888888,885.8469696969697,64.43333333333334,4072.5913624338623,90.13333333333333,4399.967003968254,608.2302777777778,472.36132478632476,1467.9496632996634,80.55,23.5,709.1234126984127,11.5,913.2991064491064,396.1566468253968,9.441666666666666,12.6,33.3,871.3574397824398,80.19444444444443,1659.3869222968294,14784.39807769959,28.835714285714285,1725.2625,3136.0740079365078,350.6138888888889,2518.158357699805,204.91666666666666,36.92666666666666,12.435042735042735,33.43333333333333,167.4111111111111,31.547023809523807,213.4129639650473,51.5,116.29642857142856,414.84673057420736,583.4354797979798,143.50833333333333,7.314814814814815,104.08333333333333,24.523809523809522,77.93333333333334,236.4537037037037,139.16944444444445,84.64999999999999,117.87460317460317,6.533333333333333,204.59055555555557,59.25555555555555,856.5441035816035,3623.900992063492,421.1515873015873,3.066666666666667,37.61269841269841,19.333333333333332,98.4923611111111,64.96666666666667,690.2618055555555,523.1227272727273,270.54333333333335,915.5003042328042,644.5158333333334,4015.3536548854195,44.88333333333333,4.504761904761905,588.3101322751322,818.7767857142857,309.78541666666666,11576.36414799253,407.3861111111111,7667.758316960817,53.18333333333334,46.48888888888889,739.5795304232804,88.0375,101.25119047619047,30.227777777777778,91.75902777777777,49.602777777777774,511.09537037037035,35.48030303030303,153.5,2706.941915954416,55.59222222222222,5.916666666666666,15.454545454545453,25.42962962962963,13.0,107.76805555555555,363.1736111111111,24.0,73.125,6732.805798830798,72.49166666666666,1540.7232275132276,5.944444444444445,3.875,1098.8389033189032,97.4297619047619,41.22727272727273,113.72222222222221,1130.3661243386243,0.0,110.80238095238094,43.791666666666664,8.0,1.3333333333333333,89.55833333333332,35.6875,169.5640873015873,457.3902777777778,16.644444444444442,392.35783202169756
236730.76040977184,17871.116327453725,68983.77386372031,25081.62348918928,134.40447649186038,6885.045128521238,567.5950045192902,988.3207266542981,671.4670679552645,274.9454184704185,414.59875901875904,10900.558292223302,28343.330680239018,18121.34394931088,1030.095048139691,278.6647619047619,282.0488095238095,59.57948391477803,119.15896782955606,542.6919123204838,115610.51922612143,2168.009812936052,1069.7098722271185,464.60108726862927,10577.029560039633,211.10269859109144,31758.776109474966,1025.3961335886336,42255.80164397497,7840.049698865949,11.237809825193727,36.23780982519373,290.40891065667955,2276.95748455048,984.3790743978244,589.837552784517,779.4653533884416,24903.693283340755,2346.2867844655343,21648.12226371566,9869.951272511826,1142.2714536785966,2861.7816325749413,4445.696088815912,4662.786391762998,11012.441990865887,11.237809825193727,1576.7300214600214,2588.385448854367,17109.356170624815,28456.505008255255,5326.811476573147,2968.7231236549133,183.2219092826678,22875.79301805587,1421.7216319855447,112.37809825193726,11.237809825193727,11.237809825193727,1471.990625379911,10595.659456419928,1127.552904872905,55152.33989395719,631.3234320045034,57775.295044708495,10561.021903996396,6906.605580834509,48874.0965655177,13216.271253986075,12550.975561296063,2798.5731145600184,18172.39514956834,25812.036884365716,506.49027985902984,23655.682126537216,13271.56951336362,24581.058506363184,39586.16483789379,2246.7332211594817,53736.685760218454,1790.2367249580484,1884.8633130882704,985.9477172232529,4492.121391828876,4599.659803222397,87521.36346062832,1971.9134423966698,8899.000112504746,469.95242094545665,16625.95316958225,220.4471645021645,24292.060472386373,457.665515436944,9876.959887986564,453.73749306249306,672.1691249689463,73.95695970695971,157.4575937950938,182.56534834213406,336.8641679399032,1704.8452004477003,510.8664141414141,878.4845370898943,435.85308765308764,311.5201203208556,8838.807581941868,308.7177048071166,2669.113836172229,1073.622708556109,8828.389498880748,4024.277012683084,1456.8958194729248,20910.5731900206,1008.4364421491207,388.9577777777778,1856.3547770483485,1062.5828511303512,417.16000396351234,146.07329931972788,856.6220862103781,360.47849927849927,15.613265306122448,77.17942620177915,770.7920927461894,298.6950113378685,40.98730158730159,208.78930375180374,596.7774725274725,263.30659657802516,594.0719948702091,436.6231996804365,1237.0143609565039,19.820833333333333,3528.664700927727,130.97305555555556,942.5976426046843,562.8600581749077,1483.927104738943,3838.281076879081,288.9024013024013,190.9547619047619,976.5086341898842,846.8303610224198,60.98313492063492,1240.3365825378326,4708.481870514093,1592.7069430701572,1553.3619829516888,1309.6554896822754,4017.6595053336855,1343.2589523085846,370.87901039650774,1189.6417464479964,5900.556403342612,410.4162225274725,12282.77980693093,3031.2513479746985,608.8197451358166,321.50654761904764,788.5243267645053,172.1742857142857,1473.2485795442374,835.4540584415585,76.64231601731602,393.488918026418,1440.5879919947777,412.9746103896104,3795.3759663675105,4.285714285714286,1285.8039170796524,2821.531249597741,212.53174603174602,334.41607915893627,1273.0772968783472,1968.087601010101,3.6111111111111107,5357.399495623424,126.69444444444444,187.76064352314353,23.80238095238095,960.4751786764475,59.96190476190476,81.72943722943722,12.982142857142858,1720.160287327052,171.13278541081505,170.35868858654572,281.60051184926186,1544.210606222287,355.6930973899395,84.63646485093854,218.14545454545453,112.46255668934239,169.9978576248313,283.12664907843475,163.4711038961039,57.51455026455026,128.63095238095238,336.75167536711655,1.4545454545454546
110066.52635214175,11820.276816277978,16750.287449644653,11078.646197250462,19.103062619563044,7174.553800405248,3325.3712858535227,447.1585317460317,611.5007788371759,877.6230383505383,1199.549464570517,5117.598270479521,28912.24748017942,13560.461844836449,415.34734594109597,269.04583333333335,365.30293040293043,99.05007182617864,198.10014365235727,1109.4457545695045,61492.94686127579,579.5539682539683,85.9330808080808,262.7449375201968,3419.569898410413,95.3963813963814,26310.246320255468,94.10555555555555,19694.232551746325,779.8193917193917,16.228062619563044,16.228062619563044,207.53982683982682,9687.446579624007,476.04664224664225,10959.565673787713,1376.1394492952581,15301.512324111074,621.9465277777778,9798.175432252932,6098.74125029454,1161.0095142704517,4646.810868159618,11063.085933742184,713.5797619047619,5227.960565986783,16.228062619563044,1738.8471693121694,590.7105218855219,4192.466468448491,18270.672079389304,656.7627957554428,2071.7369047619045,243.42093929344566,16967.26336156791,1568.5713070834395,196.78062619563045,16.228062619563044,16.228062619563044,944.9039682539683,4925.503447079236,4982.81674062049,35745.234135413855,91.22222222222221,42800.82993056309,5125.246679983029,8416.406285213969,14121.696883856883,3361.8315108626807,12605.522252543566,263.95426379176376,24098.557662938914,43245.000762032716,496.3412068012397,10377.61843310241,7163.234624287749,22448.121475261796,7929.794189939962,2526.5043954248367,46547.721876994336,515.2889682539683,177.58496732026143,662.69375,1017.2175508519258,7295.972349062974,43307.5076102083,329.59369430520746,12419.095355375517,179.90829725829727,13284.338208884195,262.8069444444444,7745.665964758281,190.81974358974358,5514.051987456987,225.02142857142857,221.2875809314954,69.74950396825396,413.30277777777775,546.2510756056809,170.90949200653148,134.74253968253967,180.15905067155066,463.34924289891393,36.49285714285714,157.2864761335156,276.96477064602067,517.5411741076927,10165.135700872905,324.91074134199135,9568.653784271284,8005.3211803474305,301.08350256769376,6166.546086043586,493.51106532356533,51.07,166.70802253302253,341.67845238095236,299.0048847316705,112.94047619047619,259.765625,807.0429365079365,54.70595238095238,129.38529352692316,261.76984126984127,428.53396464646465,8.166666666666666,121.54900793650793,314.81338383838386,728.0582837301587,752.3881313131313,245.28066964285713,252.20714285714286,416.51666666666665,126.38934716599191,566.630321969697,1805.5250088422786,479.402876984127,1859.7410866910866,4127.33085978836,72.84552553927554,249.5611111111111,13.725,739.0983465608465,142.04166666666666,1157.9417476851852,558.92568507881,50.836666666666666,258.06944444444446,5211.622305589291,2830.1840560011883,755.2526971394618,97.81398809523809,2141.522581168831,2374.024143333518,239.32440051778286,22428.299195017946,750.4980537518037,2414.7610384142004,79.35833333333333,305.5767663476874,60.97222222222222,279.6291390444351,161.7125,0.0,530.0563888888889,755.7450132275133,99.16875,116.33275462962963,61.63031513442697,2393.7061237373737,706.5792138417138,15.666666666666666,151.5062626262626,125.3984126984127,91.25128205128205,46.40625,3129.3204049422798,124.74652777777777,381.48531746031745,282.35833333333335,428.51420634920635,349.95738095238096,78.83630952380952,505.5494444444444,2847.016345182595,118.73618113912231,465.4121693121693,480.2543650793651,2817.765746381886,138.1156746031746,126.19166666666666,87.95833333333333,223.78809523809522,82.15700757575758,335.2051587301587,208.03313119628908,53.89993386243386,77.52916666666667,241.47604617604617,46.71719298245614
22182.62051046176,413.07463323713324,7662.723835978835,739.3668650793651,0.3922015857499728,507.0132142857143,47.31547619047619,165.725,41.891666666666666,85.8725,45.3375,2916.428373015873,3130.301382876383,769.031746031746,31.106666666666666,0.3333333333333333,125.89166666666667,49.01933621933622,98.03867243867244,160.5125,8569.149503968254,31.83333333333333,10.88888888888889,189.96626984126985,225.15277777777777,55.74444444444444,2661.702447089947,5.2,3055.2688051146383,176.71944444444443,0.3922015857499728,0.3922015857499728,43.321825396825396,2197.7152116402117,205.33888888888887,289.84166666666664,892.6574074074074,1054.828835978836,101.55,2254.9867618492617,655.9868849206349,54.11666666666667,384.0169891219891,373.05357142857144,137.57777777777778,606.4498015873015,0.3922015857499728,384.5861111111111,152.025,106.38769841269841,2695.8156746031746,28.403571428571425,155.04166666666669,5.883023786249592,2510.083908730159,139.025,3.922015857499728,0.3922015857499728,0.3922015857499728,5.0,304.09718864468863,260.30853174603175,6312.432248677249,6.555555555555555,7139.384785353535,588.7968253968254,530.834246031746,1547.5763558201058,237.4486111111111,1022.0969444444444,14.25,3743.312341269841,7833.931587301588,57.4,2058.0337337662336,842.4160714285714,6648.870105820106,1253.8088888888888,65.5,7548.689875864876,294.2509259259259,26.805555555555557,9.270833333333332,290.5777777777778,536.7715476190476,8833.590582010582,14.444444444444445,1035.0464285714286,13.851851851851851,2379.8098677248677,25.035714285714285,2418.317976190476,19.44111111111111,101.7564484126984,138.31397306397307,14.333333333333332,8.4,43.30555555555556,23.083333333333332,124.93180708180708,0.0,15.5,5.488888888888889,11.6,94.0429181929182,0.0,30.16349206349206,2037.1802645502646,107.72936507936508,1126.3684523809522,1696.873015873016,22.055555555555557,1149.2142857142858,107.63333333333333,2.32,0.0,75.62333333333333,56.19047619047619,0.0,10.197530864197532,24.866666666666667,11.055555555555555,7.540873015873015,102.59305555555557,4.95,0.0,17.208333333333332,89.58225108225108,4.238095238095238,6.555555555555555,17.54722222222222,22.388888888888886,12.06111111111111,13.4,72.9825,5.166666666666666,63.77685185185185,322.2771164021164,666.5186507936507,0.0,83.65198412698413,0.0,22.80952380952381,2.833333333333333,335.7297222222222,93.65555555555555,42.986666666666665,96.79166666666667,387.68,675.9121957671957,26.549999999999997,0.0,230.09601851851852,227.2095238095238,43.75,5966.29832010582,63.4,643.750291005291,115.29166666666666,15.083333333333332,99.6238603988604,24.104166666666664,0.0,3.875,25.333333333333332,0.0,6.555555555555555,15.749999999999998,22.333333333333332,357.5287037037037,0.0,3.833333333333333,0.0,4.238095238095238,0.0,1.3111111111111113,256.40535714285716,0.0,7.666666666666666,673.4045935545935,0.0,298.55843915343917,0.0,18.482142857142854,580.1628174603175,9.375,4.805555555555555,54.5,248.77232804232804,2.0,0.0,1.6666666666666665,10.0,1.675,28.25,3.5,39.1547619047619,15.5,14.083333333333332,0.0
70031.55573393726,3181.677910977911,375.19444444444446,252.6296992481203,37.97997061720266,686.5261904761904,26.285714285714285,46.0,5.5,5.533333333333333,23.5,15.333333333333332,2724.9329365079366,3645.441378066378,225.10621693121692,577.0892857142857,9.571428571428571,10.138888888888888,20.277777777777775,26.5,22291.48102555805,66.97460317460317,11.22037037037037,22.0,1715.4310293056617,417.06071428571425,3026.594896769897,110.96742424242424,3462.0856005106007,1526.5564123376623,37.97997061720266,37.97997061720266,236.625,4367.8693833943835,136.85,573.3330086580087,2610.46385003885,6855.542536483984,28.291666666666664,5298.866988335738,426.8780345471522,1868.921451914099,23.5,6207.508564814815,34.03333333333333,486.2718426501035,37.97997061720266,31.333333333333332,119.72896825396825,7642.061242461243,6756.960133616383,1599.0214285714285,36.49603174603175,575.0328925913732,4757.710741872506,955.3178765678765,379.7997061720266,37.97997061720266,37.97997061720266,15.0,93.78939393939393,4960.831024531025,9088.89248922374,331.3333333333333,11865.326614126614,430.34669312169314,343.0940476190476,10649.097552910052,366.01286899375134,6642.091452991453,2851.760371110371,175.38333333333333,2025.6288454192866,22.540064102564102,2038.4516143578642,100.48809523809524,8346.54372458049,6768.869346829641,49.4,14993.750126480274,98.16666666666666,1763.3804197994987,98.0,13.4,71.88095238095238,12041.683554439765,47.25,1406.804945054945,48.613095238095234,1881.270707070707,560.0454365079365,3191.601443001443,105.52083333333333,1866.7450216450216,1817.652657065157,0.0,1417.0962213848654,0.0,0.0,864.1815628815629,38.04722222222222,272.0520833333333,0.0,1886.157683982684,858.8482295482295,355.6240740740741,1212.5636637871933,86.32967032967034,83.48571428571428,355.97916666666663,68.0,18.400000000000002,0.0,491.29285714285714,46.285185185185185,633.2054112554113,0.0,0.0,54.24305555555556,135.99537037037035,12.791666666666666,32.760912698412696,303.1409159467983,0.0,25.78095238095238,152.8845238095238,0.0,241.5026515151515,0.0,0.0,0.0,741.221645021645,0.0,100.71428571428571,0.0,308.21128246753244,0.0,45.4,15.333333333333332,3.2916666666666665,0.0,35.357142857142854,16.5,0.0,0.0,0.0,882.8722222222221,0.0,2136.7111928104573,0.0,0.0,3137.7909881063333,11.302453102453102,0.0,0.0,183.07575757575756,0.0,617.5616943241943,2129.7928481240983,0.0,33.483333333333334,0.0,203.66666666666666,112.76904761904761,0.0,0.0,0.0,0.0,0.0,46.0,0.0,42.975,29.83571428571429,0.0,119.28333333333333,0.0,411.3940836940837,153.3595238095238,241.59375,12.714285714285714,0.0,11.833333333333332,305.01666666666665,192.85416666666666,0.0,60.88036616161616,6.0,0.0,0.0,2477.186937830688,534.1669178044178,1125.6875,0.0,0.0,0.0,0.0,2459.321626984127,36.34761904761905,0.0,212.61775651249334
219279.42043313428,26649.17649130696,7174.4293126318125,4863.054652073559,7.491255961844198,2973.138152958153,372.0046932234432,54.599999999999994,317.48531746031745,304.48733766233767,383.40103238265004,18450.345226411016,52046.852313365576,4127.525868322239,6.037037037037036,257.5003163503163,257.46243386243384,163.04822558393988,326.09645116787976,620.0027958152958,40678.68708517779,528.6936507936508,731.6090136054422,489.2445887445887,7507.523890644453,63.12380952380952,14750.649780506237,28.1,30014.406477176533,2120.4269158146817,7.491255961844198,7.491255961844198,96.57310090702948,410.2218579350932,31.271428571428572,119.60555555555555,146.10811688311688,5103.1818388952315,3484.2689198329517,8170.874455934278,8470.716060846475,754.8166666666666,2256.7403129190366,2275.9945543345543,358.0642826221398,5737.058805500055,7.491255961844198,616.9842021942022,1352.2470190628085,4625.61638608767,35425.256946658585,3016.0909427146926,2806.4237677527153,130.36883942766295,19151.638268085164,2118.713715178856,74.91255961844197,7.491255961844198,7.491255961844198,1132.954564350993,1261.5356974969475,1126.6892857142857,19357.16268686973,215.04951298701297,78008.88021034471,15656.113884475197,9888.403055538945,11405.154885611575,2112.789394328868,25504.38454499534,2085.621634199134,7142.203339649768,30747.42560128239,187.88214285714284,6963.149663403638,9218.999695423623,24540.026213438974,18936.447364951357,3506.1002627465127,27960.176580264153,457.9294340463458,653.5247685185185,690.0845238095238,6263.399305469315,9858.388053551502,73891.34681484816,612.660855094726,3457.1046247003483,423.7743567251462,12637.85233545519,560.8,7953.464502235094,115.95238095238093,2461.55285815549,3.5,406.7528850778851,92.69999999999999,1.6444444444444444,1183.3546146953404,244.23330003330003,700.7861688311689,91.85119047619048,2743.517689482028,98.56135531135531,179.23806193806195,217.34375123786887,318.28621900974844,13681.911569565911,185.38492063492063,6654.110158730159,7633.7902269952265,1646.4987752525253,12919.702934820556,1011.9788150574915,483.05183982683985,55.27777777777777,318.46507936507936,126.30753968253968,10.666666666666666,111.3676839464883,269.9095238095238,31.023809523809522,79.57155475243711,607.6501597608741,123.23333333333333,20.25,109.78541666666666,671.7140542328042,131.2488095238095,619.6967419130577,1814.203656419833,65.11309523809524,18.19047619047619,700.5,1591.712814962815,4383.46541985792,261.7005876068376,1224.4401813930172,1798.17601010101,980.8880952380953,22.925,41.05555555555556,467.9007936507937,594.1435992710992,1458.554447827305,781.9479784104784,105.52083333333333,277.53333333333336,1246.1732142857143,5194.610095141109,1421.4935425685426,257.13893249607537,2549.9312668812668,6016.334760197786,883.1955516705517,11308.340015292966,5484.4937411786095,296.8357142857143,610.0269841269841,578.0267680508176,23.708333333333332,824.2122335600907,49.04761904761905,15.375,226.28624338624337,267.3257315832316,127.21897546897546,1641.4643120768121,4.625,186.06385621434882,563.5542311854812,30.133333333333333,58.51282051282051,472.6723325285825,7574.966024498276,20.0,1329.3123015873016,131.2888888888889,61.416233766233766,8.0,653.7613756613756,22.5,37.68214285714286,50.7,1350.1782349034577,265.56666666666666,143.8059523809524,200.1936507936508,2296.8724025974025,274.1222222222222,16.287878787878785,1205.589880952381,134.66587301587302,101.05198412698412,519.565860990861,365.8405303030303,0.0,0.0,274.44963924963923,0.0
24106.70394188813,836.8099206349206,1802.457259570495,1802.536111111111,4.269587717785061,353.7472222222222,134.79761904761904,35.138333333333335,6.5,79.66666666666666,67.64285714285714,782.9416666666666,9179.549997877939,2323.7833333333333,68.70666666666666,13.083333333333332,51.25,30.68888888888889,61.37777777777778,105.01388888888889,5647.866111111111,54.88333333333333,4.428571428571428,68.0,312.89166666666665,82.80880952380953,2614.593849206349,44.477777777777774,3909.8213955026454,113.37777777777778,1.369587717785061,1.369587717785061,14.09047619047619,1225.7017195767196,3576.9125,225.2968253968254,366.55595238095236,2142.3,339.9888888888889,1382.6094784773813,621.8603703703703,250.3030303030303,543.7652777777778,1447.2583333333332,153.06428571428572,410.9910052910053,1.369587717785061,43.675,34.06666666666666,909.4038690476191,1036.5743788819875,92.26984126984128,181.26190476190476,23.793815766775918,1680.256335978836,100.33333333333333,13.695877177850612,1.369587717785061,1.369587717785061,92.95992063492064,416.73055555555555,147.9405266955267,6199.050046228636,118.20652173913044,7080.839788359788,601.2964616402116,223.36468253968252,2932.1482275132275,351.59484126984125,2218.701058201058,186.74603174603175,881.9399999999999,3401.077418300654,169.9138888888889,1079.4705026455026,739.1870564892623,6679.580120772946,2237.418942374051,250.73218954248367,6366.741333573834,518.4325396825396,6.9,222.2063492063492,776.5353174603174,806.0547619047619,13144.29680651971,93.51746031746032,213.14166666666665,15.6,1416.9568409247756,18.11111111111111,3174.690450310559,26.47222222222222,215.33333333333334,93.71666666666667,26.75,43.5,302.6458333333333,217.76018518518518,151.1969727032227,77.82559523809523,1.65,238.13333333333333,2.9000000000000004,135.2895652958153,23.25,308.87026455026455,2268.6769841269843,0.0,291.0577380952381,949.7420995670996,76.16071428571428,2239.536036838978,350.91190476190474,17.0,1.875,24.666666666666664,15.36111111111111,18.2,12.489417989417989,22.14285714285714,3.875,77.21756613756614,12.125,52.096296296296295,4.4,41.354166666666664,23.52857142857143,3.7333333333333334,89.35,181.390873015873,22.75,30.21428571428571,0.0,155.20681216931214,1.5,205.75,308.8963888888889,187.29166666666666,21.259259259259256,2.9000000000000004,1.4666666666666666,126.41666666666667,29.375,184.11015873015873,280.4,0.0,134.18777777777777,71.04523809523809,1231.001984126984,12.106481481481481,27.996825396825393,137.62682539682538,296.2026984126984,125.175,6950.470476190476,167.21666666666667,664.6533841158841,16.75,67.86666666666666,104.24351851851851,100.26944444444445,17.041666666666668,29.0,54.92427248677249,85.35,122.47777777777777,196.30833333333334,53.0,203.5404761904762,25.814814814814817,0.0,45.33333333333333,3.1111111111111107,0.0,3.8083333333333336,76.33333333333333,6.5,19.8,4662.384523809524,9.833333333333332,112.09166666666667,0.0,15.0,193.00555555555556,3.833333333333333,24.194444444444443,0.0,110.58333333333333,0.0,24.511904761904763,0.0,68.93,48.797619047619044,0.0,31.0,110.61448412698412,145.0861111111111,5.444444444444444,48.75
68950.84222331391,8277.07352493411,15478.202435012077,10156.673724323062,19.428808057484527,1949.6207116957116,256.6513888888889,651.7596088435374,276.8117673992674,230.7579931972789,463.22019686662543,2817.2527041675257,9218.846954071061,8200.508762210013,7.706122448979591,95.33441558441558,243.5672619047619,57.001913045920126,114.00382609184025,905.3735291692434,43217.5721440954,313.5760582010582,171.13849206349207,125.56019910888332,2090.852162203265,164.68412698412698,9465.80960135414,321.7660714285714,13064.908834182734,713.3829540234897,19.428808057484527,19.428808057484527,3.1500000000000004,2453.150752078609,31.0,475.55357142857144,2373.057181707182,8709.440412629698,1169.818600936101,4295.949467312177,2058.4473678702248,1362.2842185592185,2514.403977382267,2055.359181141888,1769.9906746031745,3160.098766108409,19.428808057484527,761.4911676286677,675.0906565656566,4000.7610365428222,10217.56644096554,588.0708577533578,501.83428571428567,291.43212086226794,7955.232162288381,243.0467787114846,204.62141390817862,19.428808057484527,19.428808057484527,834.9045158214801,2784.8827297410194,1924.5756673881674,26737.785607761514,17.11111111111111,23014.27567343232,3852.987026987563,4305.8241897652615,12637.947084046906,425.6349195233649,4037.968795688886,409.3841166769738,11499.783638339173,9997.917009144434,199.38690476190476,2969.4896472337964,3941.9946670789527,9573.372027629233,13348.114883119526,533.800506596578,20471.413524525462,952.5929473304473,142.92280219780218,1137.9879985754985,1098.2799899202105,1553.83528433207,47473.505243611675,180.91809732664996,1909.0941337309062,185.66465247715246,9589.177193335765,152.68928571428572,7868.35910121158,17.678571428571427,2611.792270923521,238.71666666666667,249.00652337858222,34.714285714285715,87.5,194.70251670843777,466.7168463889052,360.4463492063492,19.950000000000003,792.1717731829574,18.128571428571426,449.23389184345064,1712.6683947316299,619.8958179439873,3226.9816234131818,200.58581807081808,3905.111111111111,18531.25295969903,777.5084643426749,7440.643252680799,103.89501133786848,121.58333333333333,97.4288330716902,195.13924963924964,336.02963821892394,56.03809523809524,56.47055722055722,184.7675925925926,24.647619047619045,154.9739544859968,55.25694444444444,669.9547619047619,15.166666666666666,164.08888888888887,113.34789377289377,322.37083333333334,354.20238095238096,593.1410774410774,145.62229437229436,226.625,108.45714285714286,355.247619047619,521.9003467276399,405.0962866081287,415.728373015873,1975.834508348794,4.5,27.170833333333334,202.3089947089947,1262.4805385285426,110.32380952380952,815.9183544629973,954.7654689754689,465.26706349206347,292.01369047619045,1546.1815878983173,1185.229310815235,245.5308073656813,70.375,201.6001050420168,1845.8891113516113,131.68489010989012,10518.278912938913,1208.6216323466324,1100.4121381886087,49.516666666666666,433.0199874686717,243.465873015873,473.32211984711984,7.666666666666666,6.285714285714286,280.8009259259259,352.0689713064713,109.47619047619048,16.03030303030303,32.56515151515151,872.8508318070818,336.68392857142857,44.02380952380952,0.0,205.00794732462015,62.77619047619048,7.0,1679.8362235843967,39.5,0.0,109.09166666666667,247.41343537414966,210.80416666666665,73.01785714285714,0.0,1698.930284992785,0.0,133.93551587301587,67.825,1319.4226971557853,78.11411162551144,36.26785714285714,1.5333333333333332,76.9095238095238,103.78001443001443,166.30595238095236,162.0125,9.0,18.0,67.36865079365079,2.1818181818181817
250770.6855204311,24119.34415080168,53613.77235352821,27898.16192209792,28.564681534167757,6158.695321622821,3301.0693837154745,741.459365079365,461.42086996336997,3745.497630557273,2244.5693976014936,15570.384243770935,51638.43684660299,26846.923163663778,438.9090293965294,1118.773337079587,756.021176046176,144.03395691609975,288.0679138321995,3434.995779260422,127958.97837254895,632.1965303215303,743.7294243454958,493.6857591350448,9132.502723407668,363.3668921356421,46638.57753481797,985.6056568431568,35577.98425738684,2640.6048772534205,28.564681534167757,28.564681534167757,128.70037878787878,11853.781015029943,414.00274586524586,4099.170099016481,3274.826978808229,33938.41074192264,2028.3108604003905,16131.106808452923,7487.731786230349,6263.9645111832615,12141.871624747086,7491.346051085158,5429.234428210678,5511.008213449251,28.564681534167757,3355.8902537277536,2682.8943104284,12537.201723972887,30478.94282295109,1492.8557904793618,1141.6846533416458,444.67974682204016,21381.29027340562,1541.6060155990333,337.2579264527887,28.564681534167757,28.564681534167757,819.9986243386243,13407.464661913715,5309.752904356851,108855.47200040198,166.58263888888888,90716.34647349197,10309.000804675345,22498.330748913784,36843.301640249076,2052.2951741800675,27117.57334876573,857.3192048031334,52171.86821658187,40431.81085222039,643.6211885336885,12881.524806725562,11691.646251446966,34334.18948311636,40008.87039434182,5450.937004721469,77170.06661509942,2603.8337654012653,385.6494140989729,4113.371151137222,2588.8909030151135,4236.234428795585,123279.06951485219,512.6360449735449,9853.513417312985,498.40680555555554,26426.304603455927,390.54548534798533,20514.616796319457,341.49794616044613,6686.365721870722,1230.5465771265772,406.84977381901723,309.7791128275276,525.4626637251637,496.03266594516595,632.6449409658968,2543.6082604432604,115.47222222222221,559.43416005291,480.6071992821993,509.9058460330519,1173.2808080808081,2496.299835947693,12539.782166310437,553.7155888555889,45919.9440955341,26614.244188688295,506.6690476190476,15677.64186107265,1103.1231685179898,206.14866522366523,280.4153772814487,564.2653174603174,643.0331632653061,1073.290873015873,209.3385707859392,685.0321428571428,34.89682539682539,624.0749589869232,890.9451118326118,2289.7878066378066,26.166666666666664,546.3816586191587,549.0881868131868,747.5293650793651,622.9984027668238,700.6371777296778,817.2738756613757,525.2472222222223,634.3583333333333,712.1891504329004,1779.0954258601855,1266.2897183372183,1639.5156823561429,9390.693258494151,172.5455357142857,257.21746031746034,375.4416005291005,2277.7815299453114,206.59126984126982,4705.678097350123,1832.754989177489,360.5637566137566,958.956918979713,5285.995382752169,5225.568522945308,715.2782945229374,382.5622443824861,760.4822781385282,3757.4203671526884,491.90490897990895,47706.841291311655,4646.317502088555,2925.475958880444,1097.8860149110149,626.457352092352,330.17394179894177,658.9987373737373,75.12301587301587,48.50744255744256,897.1494047619047,1698.105731695553,672.7962764631882,175.54464285714286,186.63140838206627,6304.510945998446,186.86084656084657,159.27539682539683,185.11987179487178,904.765153790985,2464.9936063936066,123.65,7024.114095486798,205.35079365079366,610.408098324723,502.0644841269841,1085.833015873016,1122.7996031746031,228.65595238095236,615.3114718614719,6852.5597832900385,19.648717948717948,312.94323232323234,454.8881944444444,5719.211988857703,523.7258539779548,125.74285714285715,121.05267857142857,102.10684523809523,96.1522619047619,473.6632122507122,406.325,200.89430615680615,131.2125,399.80833333333334,304.9920619964233
258683.45586347923,29980.538257928158,45661.233369451315,14735.097318169795,33.03077747625196,11032.693875650353,1313.6912652625153,3589.720002748574,718.6869456749391,617.8512896825397,921.5282510308749,14087.539894385165,44645.84654848009,9621.00902372164,198.3733309990663,2388.304356754357,468.2229106541606,512.9265347141566,1051.8887837140273,1484.4527377739123,81037.95441965232,1498.6003342204713,842.3495841199318,1032.7525285606207,13033.269857557589,87.54460076960076,36321.33028305282,1573.654760823614,60442.463381435366,7621.82049026123,33.03077747625196,36.03077747625196,204.9284863945578,3653.573423951827,1665.5978732841231,506.29095187220184,5412.389271502062,18947.040997713404,11944.369855154591,33652.89182493833,14395.91416022338,6822.811135905111,11425.621566183194,7407.250792271177,4945.394020538766,22789.83431696821,33.03077747625196,1745.2468413652637,2356.312105714183,14780.593374950136,29721.121803096812,5841.396186221186,2624.8528461742935,524.5430644016523,25387.00852252251,4495.6336399386055,332.641108095853,33.03077747625196,33.03077747625196,6030.689250206586,7049.167347304112,2845.572088288668,64160.632001025304,2782.7869345348163,72112.17580510277,38393.13336847197,10570.884554517706,65280.743721782055,15339.071722788589,23042.946748516224,5271.024562243312,23798.69324256634,42213.495249341155,1298.9403821020596,21801.326219152987,41093.38352219578,23885.853032440275,50859.47130155377,5488.427300079468,72177.50011495399,4853.461811434804,1629.9967201779702,2373.0223780212314,13442.76502564254,21427.786004181453,85103.56314187696,3636.473886278429,7797.264450102964,1240.5607412317154,28746.52988824212,3009.786568545523,22951.45102205004,678.284842141985,5335.417925374149,1447.6939153439153,1554.3937872312872,647.6705079642579,302.27338568408334,3997.929629827827,1514.394069887872,2130.5940399442607,222.61347650171177,5110.010105944997,539.7360386141636,1388.8281968719991,4418.390562471298,2542.9471810771333,7614.722228253853,674.7874349261849,2290.54246031746,8814.263851366499,2444.3966502503345,56351.553419612326,596.8608407348953,970.9980591630591,1436.367577697357,6821.7614581170465,794.293427104085,276.0907967032967,1509.3984518330706,2677.577579365079,35.7297619047619,635.7367952692833,928.5485387628245,899.646626984127,257.9159090909091,708.0805402930403,3078.8861782661784,909.0033409703192,3250.9691690436784,6032.615620542981,845.9101851851851,656.8770202020202,1150.4562585562585,6634.9133399564425,2859.7060905163808,1087.667418372964,4053.163943855852,1930.1461537999037,984.3287130283397,187.3746212121212,1229.18583994709,1253.396939033189,1980.9778384763813,7427.529081674919,5880.114189235226,513.533201058201,4856.68217396453,2615.5478805916305,1304.5559836813513,2430.843757674787,741.8074338534665,5317.666399885517,14379.72552919364,2954.0724720130256,10458.607745234398,9724.399736865686,2434.1734899060634,504.52896825396823,1298.8306382025173,721.7010805860806,3529.255852525118,245.3537157287157,130.55952380952382,507.4555375180375,1736.7559274059274,2069.331421217671,2477.923924071571,40.87456365121806,595.40057997558,3863.64038017538,56.733333333333334,800.6784165181224,438.0323677248677,433.4452380952381,69.16111111111111,2241.265536411053,581.9874872812372,644.0606926406927,459.17857142857144,2466.9981395450195,287.1643253968254,247.52147667147668,30.258333333333333,1101.717123015873,421.90277777777777,508.43402777777777,863.4284806859806,1387.4226649943193,1885.6976298324773,74.70325316410455,79.45,548.5704015429015,624.2760732323233,829.9542667980168,402.04558358308356,70.55654761904762,52.4375,515.2392406204906,183.06052508204405
59105.38114782303,1973.5620054527312,13824.583992072741,682.8239134959243,116.5060694405921,1402.1660993885994,159.7237912087912,552.0304292929293,31.0,101.68965201465201,184.9138888888889,666.3133433379486,7786.534741243162,6104.311972827503,1638.2128555640397,496.32498196248196,79.175,71.82981601731602,143.65963203463204,153.31666666666666,13550.2496633943,306.99920933606415,59.9501461988304,451.80053740666926,5051.9676582791135,40.59487373737374,3618.8405249453276,75.05151515151515,7279.161758866492,696.8433582621083,78.43940277392544,78.43940277392544,117.62965367965369,1168.2228006253006,2854.963128092958,535.7675288600288,675.5129184704184,2325.0453927091426,401.99031746031744,3449.505097462164,1082.0742482799005,505.09650932400933,6490.173435182808,1742.7748404373403,610.2498412698412,2801.7704875679874,78.43940277392544,49.44166666666667,3540.529673584213,5052.732539681538,8064.296157385031,2017.8244709126852,536.5502615440115,1196.4799304977705,3735.6717648115027,117.78287157287157,828.285694405921,78.43940277392544,78.43940277392544,118.32776575276576,594.6861481592736,650.2236294967216,12991.617381060021,107.11746031746031,14394.162415261928,2382.289862914863,470.1690892767363,14572.598370133945,1277.0021784616224,3870.8396993825554,268.85289987789986,1460.142650438806,6924.446709471526,92.13888888888889,17215.665227072004,763.4402005012531,1946.9293337095985,3807.096991693925,1109.1463119288119,22299.896067428333,131.32402116402116,306.8708974358974,60.19708994708994,380.57357764237287,637.6382689070189,9833.092222228674,590.4611020923521,1215.0742040166576,260.31004736004735,4083.2892809359546,231.82392946922357,6360.549020052361,214.71662445301348,1727.7386934049782,203.00787302294654,30.25,65.74107142857143,767.5113227513227,150.1443253968254,541.7247314714626,275.7588044308633,282.60682171858645,29.18,320.679411976912,358.7468010685322,459.86822523331705,65.78584656084655,319.93781746031743,96.61756132756132,23.91,12.085714285714285,0.0,3081.534107462003,109.6252886002886,183.00595238095238,88.79920634920634,133.17487012987013,50.64722222222222,812.625299774127,978.3643709410273,116.1579365079365,82.17380952380952,16.446461640211638,68.19059829059829,298.60791666666665,329.7966931216931,41.955555555555556,114.47916666666666,38.442606516290724,37.44958791208791,46.13214285714286,312.4720057720058,137.93333333333334,196.8297619047619,99.1837962962963,185.11823763814002,36.28263888888889,177.37597222222223,127.41525974025974,271.06111111111113,96.05702380952381,211.80426587301588,98.1819696969697,45.83333333333333,126.22361111111111,76.65990079365079,71.04523809523809,480.4391608391609,2398.721713294875,442.5739657401422,70.93730158730159,2067.5991722862814,1028.948087464964,2000.599418860007,59.916143790849674,322.5358585858586,3.1230158730158726,3574.1389212694726,218.35074074074075,20.5,158.59722222222223,115.27161796536797,104.65327380952381,8.0,72.19492063492063,17.307222222222222,169.23214285714286,316.3003270388615,2864.7277308302664,20.0,343.30397186147184,111.40892857142858,707.3917328042328,0.0,205.6875,192.2728354978355,59.22979797979798,23.266666666666666,217.3681277056277,7.555555555555555,826.3598418114283,2058.7925733525735,81.21746031746032,349.1801191863692,46.52777777777778,208.59343434343432,4.958333333333333,73.425,124.93657407407407,213.23535353535354,249.30674603174603,593.5426132225474,11.483333333333334,1.7999999999999998,2.2,20.927083333333332,69.42209595959596,76.5,0.0,1570.1763148032876
132050.8630515093,11781.712998236304,6537.063795365271,1572.8367565743224,36.323408453175425,2950.130742542982,155.56133547008548,152.23075746965452,55.00500046522105,483.46933853183856,33.61446608946609,4367.74937096011,14660.989953432985,5421.785968256492,2008.6499440722448,1001.179845130503,102.72640091390092,76.58802246085527,153.17604492171054,171.15016882627177,28603.048004038956,503.10986464086307,428.3894278441081,2281.4153110670695,3981.760360905045,76.76096244131455,10851.51562572977,639.4823376623376,17981.046931710025,2053.5300461819097,36.323408453175425,36.323408453175425,221.08655183367256,3021.4575789196183,1139.7957939830944,755.1902579174638,992.4534786590222,8493.587978279202,3219.035284288904,12761.316817747185,2302.81505314174,1052.7580273332906,3392.5556805442293,3611.8734307235263,1300.1800497650497,5731.374687316532,36.323408453175425,89.58656926406927,2808.9299644319235,9495.632896823821,5046.826200782317,1125.5670717708217,1844.7318165994475,566.8771368986414,13644.833176039958,970.150256017131,363.2340845317542,38.3511862309532,36.323408453175425,502.6523596773597,1780.3902939434172,289.38182333733806,11464.080687211412,810.11414002664,22393.67954902663,5860.115401404731,2273.488263098557,24701.8046657855,74200.06293335685,6462.0072828273305,530.0786459012003,1672.6791612223756,11983.92944922239,1690.3355798758644,20959.757552958104,7534.226975404234,8864.243475751238,12652.438503517036,1160.2478656528656,51290.75623459979,465.62825943062785,306.48712418300653,910.7250661375662,11896.452417020084,5686.789367188539,36114.084389418495,2299.666937871497,2652.131991077235,185.75019955191007,4829.262136821566,428.6979593554593,6949.620773749537,206.68244255744256,5376.061735374124,237.60281385281385,126.73641413053178,53.410940355940355,96.14022314239705,1459.5318689030964,697.4110543418317,439.2049044339011,133.80777417027417,930.6170296370296,1126.7486957418228,648.9689490786737,840.6526645304587,100.58513338513339,968.1823529248529,88.38090659340659,29.923076923076923,323.18616332497913,540.7295201143885,17057.542951998174,119.20825753194174,183.62171717171717,574.808453393585,421.8285171261487,167.73280616324095,39.48335568969372,288.147730252529,282.9121331827214,75.51818181818182,25.146283346283347,258.4825026825027,165.282123015873,442.55317611770073,47.00099206349206,21.8,231.99885947385948,1465.1257150743993,2306.804873136123,376.046867021867,32.075,998.7195827320827,212.38596056721056,3577.499829531064,52.68147963147963,520.3073960258743,190.4579971398857,459.5862756524521,38.2047619047619,787.1018188293189,46.243488472312,66.6865965418597,923.3115880496315,1545.9302375756051,128.38611111111112,1145.500003397875,1485.4168261573022,191.57207906472613,420.96062733562735,624.685144056377,1967.856041726752,5288.392980933371,1011.6850827160567,195.96492026492027,2727.5859572931568,416.89032335979704,193.56180555555557,389.8757289571453,473.42759185259183,293.62753612128614,497.1744047619048,93.07323852617971,18.53333333333333,188.92007879361208,73.89668109668109,2566.4394304087723,36.37166666666667,8.8,370.8738933288933,23.458333333333332,1132.1826236959857,114.1148148148148,228.51666666666665,12.438071895424837,16.337777777777777,20.454545454545453,250.76361416361416,12.357777777777777,1177.2849262927475,6.283333333333334,249.85595376845376,55.94646464646465,168.99155844155842,136.74764812672706,115.48966657955047,525.4204742869216,274.19351851851854,803.3260514631567,289.3558455811016,326.18411627588097,138.8344193817878,531.7312049062049,111.78349393053341,0.0,4.027777777777778,12.904761904761905,42.9547619047619,22.773856209150328
130761.98131367608,8515.172318948824,71030.92507226784,22709.486485502515,49.08788832209884,5218.708845182595,725.0068355422466,161.5636507936508,665.002839105339,421.81768315018314,494.93511631886633,7688.9160110722605,15764.931578584958,5061.389504552015,178.454966006216,347.0956349206349,313.5968253968254,37.43710317460317,74.87420634920635,1044.8444925444926,60496.01602385073,463.4215728715729,498.407052154195,117.94887942745085,10523.382389198072,72.53465909090909,22507.042553372245,554.345202020202,26017.478934099527,4395.567821213178,7.0878883220988484,7.0878883220988484,444.98857282724157,2451.289557202057,312.91763777888775,187.48249791144528,413.8563034188034,12589.145042976397,1488.5122016872017,9283.35758498854,4932.297375114074,1628.5267277167277,6204.666114441115,4056.389352651317,10702.578092231843,2940.512519035975,7.0878883220988484,1998.0696133496133,1879.5014341191022,10054.445850984139,26909.39385824493,1509.9923353432282,1179.2307267203696,109.93737245053035,6465.259131897514,268.6721916971917,70.87888322098848,7.0878883220988484,7.0878883220988484,453.0337085137085,6121.719301046176,984.7081944444444,41252.09968655617,82.92492784992785,48727.37487901804,4736.043385511547,15319.887989787989,30375.921371549724,1474.9466817505854,12254.888296566878,876.3781462981462,12546.3792077233,17664.842124959152,111.47451090576091,18123.103945262643,8833.55096001221,18187.442444254953,14255.673968754507,1909.6147659467827,37967.76629488261,490.2653968253968,185.89570883909118,1085.7504883013812,2029.1429288521936,3254.587961205461,50032.56584474486,720.7299722499722,8442.682019859083,600.8580341880341,8287.660256179006,62.229166666666664,11418.393152653447,68.00714285714285,4899.336733925116,344.419434038184,128.09120108935898,130.95218115218114,431.96806249306246,76.34785714285715,465.16082577553163,3517.989588004588,180.38288193288193,537.9909451659452,581.4075132275132,412.5798733945793,1183.0156457431458,567.8565973524837,1305.0904273504273,733.216847041847,12168.731782245532,6132.364789046932,621.8278968253968,8567.153654724905,947.2788174259603,430.92777777777775,1039.0345485466914,715.5092592592592,157.42541763791763,209.40625,270.5189393939394,336.3253787878788,64.83333333333333,141.96414933812093,323.0239171939172,144.0,2.107142857142857,164.5421212121212,109.42261904761904,88.38115079365079,304.1404761904762,386.93498677248675,1280.2498544973546,45.916666666666664,1433.6267712842712,185.4393498168498,758.9538194444444,966.9194716394716,293.0563888888889,3607.3134745322905,349.2809722222222,144.11309523809524,855.800914918415,396.76852021616725,33.64047619047619,2324.0857459755157,2140.3038455988453,2834.9574074074076,391.661022719111,834.6163379874093,5103.911079270869,730.2428693528693,91.06185730021319,115.82065295815296,3897.4663441108764,480.15481511178876,11006.378222202828,7777.078039460539,410.01506333807805,572.6513227513227,239.06735209235208,27.666666666666664,1729.1377848077848,97.41587301587302,12.0,197.59346764346765,2420.684782680749,478.86152236652237,289.8790354797708,1.5,4030.6962565212566,685.4739881414881,8.142857142857142,55.21424963924964,309.0224879396203,1842.8156746031746,44.345238095238095,13786.765767704517,187.57142857142856,87.78649891774892,12.30952380952381,1505.2285289115646,354.9815476190476,82.70586080586081,146.0956043956044,3599.3853158064844,186.27897468029047,113.71557539682539,112.34470238095238,2122.29067903424,382.4280423280423,54.23358669108669,64.14910714285715,32.9243265993266,186.9607142857143,204.2247594997595,295.15,154.0061507936508,6.6000000000000005,215.25625,41.33333333333333
160811.76607140191,15617.98517438764,22566.142383492515,17682.4230875768,5.162859007427318,5085.391593591594,848.5611111111111,97.3375,242.69027777777777,848.8511647083076,346.62631416202845,6232.262851037851,40947.27757129775,15243.227673841466,172.87337662337663,7.958333333333332,339.57457264957264,56.8688075230092,113.7376150460184,423.41375850340137,82551.27919511401,854.656570961718,1128.7357864357864,201.14880952380952,5945.840644078144,57.15,23882.223055555554,56.93928571428571,25892.421741502545,2266.1266172324185,5.162859007427318,5.162859007427318,477.90501443001443,2341.351632653061,1579.4333333333334,1252.3085317460318,365.54788544788545,10584.118202947846,950.1438492063492,19328.324260092963,10851.223629115593,146.9297619047619,4285.483571428571,1750.8671031746032,449.94166666666666,2815.8257363831312,5.162859007427318,1022.3335317460317,1139.8495483682984,1945.7227803200512,17624.107372049246,931.9851739926739,409.8336111111111,77.44288511140978,18378.04380040543,1758.013429744407,51.62859007427319,5.162859007427318,5.162859007427318,598.5218253968254,5619.650703390177,1592.8386052836051,28524.560310326684,13.75,33806.165705503336,3193.2492965367965,13905.10302455481,26870.633638385036,1584.3048517545255,10228.660672174437,1449.4234436198722,16625.668740743753,29537.797341800357,147.22777777777776,8968.405159780208,4473.17561747776,32659.823837124266,8325.224033446711,1101.8583333333333,43927.01319903641,330.5204365079365,333.1859477124183,953.3647817460318,1873.538267195767,8544.730028344671,56237.36469359033,444.4468253968254,7605.336381673881,217.1530303030303,9895.82938569367,493.1019841269841,22592.871926737284,44.448412698412696,2919.416183261183,112.83611111111111,363.40992063492064,10.392857142857142,205.6368054426194,127.98472222222222,97.23055555555555,96.49190476190475,1.5892857142857142,242.16904761904763,0.0,82.90833333333333,94.91666666666666,31.200000000000003,2061.2292669795193,875.4642857142857,11166.184606078203,10155.350676624963,57.982142857142854,6901.037599345099,327.1407203907204,7.25,77.58928571428571,307.7895238095238,99.87840136054422,9.0,0.0,234.325,0.0,7.800000000000001,1334.2555555555555,165.76785714285714,5.333333333333333,217.02777777777777,90.08633033633033,258.6714285714286,1400.7285714285715,246.6444264069264,51.766666666666666,93.25,99.74444444444444,678.7746031746032,400.9864264644407,480.48869047619047,238.9972222222222,3530.219274376417,394.12103174603175,279.60277777777776,7.75,888.8362078164599,260.92112332112333,1222.3873969284684,360.45190476190476,55.6,450.29464285714283,2004.8836934773908,1925.620096371882,661.612574132217,46.763624360135985,685.906746031746,2704.7763816738816,591.1246956474897,23402.727814962815,880.6738095238095,828.5285714285715,195.41666666666666,179.00436507936507,0.0,1142.8795634920634,111.45833333333333,14.142857142857142,207.14585667600375,745.0589285714285,32.041666666666664,130.40277777777777,70.5,694.7751984126984,255.38055555555556,6.428571428571428,11.5,255.75018268176837,71.3452380952381,37.916666666666664,1885.378066443969,0.0,38.45833333333333,1189.3333333333333,196.47278911564626,45.047619047619044,14.464285714285714,149.00571428571428,2579.21673992674,0.0,310.0623015873016,177.14523809523808,1388.758724053724,98.21324893593801,6.583333333333333,91.58333333333333,90.98809523809524,21.808333333333334,13.703968253968252,84.74761904761904,0.0,0.0,89.95833333333333,0.0
1286925.8555109748,40291.41401818433,54882.46025741717,10441.730862445476,877.7890875275742,15281.13443196322,742.7853155706727,6626.602837350757,266.35222294045826,447.905189023939,564.9484867822523,16686.606760670995,92970.91113373709,38715.885080461994,97558.84607098508,7048.488177513603,256.45301827801825,289.0617359290509,578.1234718581019,609.3307663170164,298811.913418684,5428.731372704624,1658.9856226540257,10214.06476999698,36502.40014472124,1875.218632032772,79796.84515732861,676.8902432289932,114305.3162892296,11577.316784919158,423.66942940791614,423.66942940791614,1621.7662349389516,43079.67762702289,10518.74773034616,14240.820188345879,8170.183602918316,41144.77666737884,5808.516721188494,71957.35860807094,16826.509703944183,6243.794460287734,20661.007669447925,60616.57843474518,8032.138678634222,27378.63537440886,423.66942940791614,573.1391342453842,22698.95835592878,80233.7631488279,76881.33679914824,10648.08317989929,11813.691565943725,6692.350508032221,101926.44483979023,7542.878405760653,4372.410960745829,426.1138738523606,423.66942940791614,3728.814733938304,9750.337067419789,6233.727407399843,97831.53745358835,3480.0001343960034,191016.5751742272,125682.2698478393,6201.053785396532,111357.4632496791,277081.2538862247,106253.82482779949,10156.117707689566,6941.57939884663,80770.31495073841,3421.704117593089,420481.3334263251,7817.261085233433,73066.2084667204,43358.42238090052,8238.102751522385,303195.01085977146,3145.043250097569,4520.460193511482,1440.561734006734,6883.383974280273,7574.274161538445,235457.6188665238,3782.5577523340485,17745.782386447932,1153.2830026402864,45441.92137735923,10780.058305073204,37205.16899890053,3307.181163411134,34747.371606477194,9264.790056417183,862.984033975284,915.39984311229,7861.5855622558465,5936.386340405048,8954.730818796808,6447.156320475512,2162.4054429138987,1592.9240898502055,4300.316163951574,7934.979996993626,4891.21036109313,2450.327925067355,11542.02855987503,1711.5856832492127,820.0560425685426,1185.1089947089947,2094.703941553597,29604.93830098917,1649.49704298969,6457.129368075911,2632.0048341221327,1170.6089437390094,3283.8144419874443,2708.4125438525157,4214.569488050035,1384.131688015144,400.19373196248193,611.9694812668387,1404.3582107874638,10897.139024596292,2329.920962790425,264.8845238095238,598.7593091630591,704.3612284012283,1357.70096197662,1555.7969860869493,4344.482738219133,1182.9224386724386,2869.7805429623286,2165.503588492866,13818.291295019399,249.9766384078884,3894.609021568369,524.784744087095,1829.971370690856,584.8186958411958,4871.4539971213,378.05566405816404,588.6743126913792,2352.8268637328247,5916.052617658256,1983.260577715935,3339.4328579105713,29269.88941747349,6006.886505636699,2322.716018858592,7495.213787160325,25235.92955959098,22438.276674469962,2788.9165088741906,10753.633792099141,3367.677694768897,26375.986621250737,5097.020274316998,1558.6545228819373,2084.969363467343,1392.0224506609375,5704.975737334561,1659.632463993743,319.86212000962,505.7192440484352,1182.1640902664587,5038.929629755987,4494.511301946091,477.5703463203463,1668.9968451455952,581.2609126984127,36300.70533325834,562.736378066378,4831.132777907637,251.8881327006327,477.203832972583,522.2094683094683,2798.981965392995,1243.5053418803418,6863.3308170513355,2735.748808139162,2287.0785811193164,12571.111313884034,585.9458213083213,2524.878262849122,566.6798640575112,801.773953835409,909.2848783161284,7025.024202163388,6194.4394418525635,4697.52032269946,354.56651300871226,117.11964285714285,87.37402433093223,75.79531385281385,1556.1933564183564,1502.5355165667665,180.56045796308953,4666.780893306176
266609.40099801833,31767.407785456322,23378.595972397514,9900.110622676755,144.49913916914758,6694.358484941736,437.8549567099567,848.9749816849817,218.19920634920635,269.64134199134196,387.6092352092352,6513.292917190259,33283.543139741494,8345.718905250935,7902.154404478603,1746.2932178932178,201.11813186813185,132.85064935064935,287.2012987012987,352.7683531746032,69542.05129194759,1951.345634920635,591.6840924775707,2128.4742041584145,7677.549278734806,141.88174603174602,19602.153448892495,492.688474025974,27369.401826120833,2165.4022854596383,72.83247250248093,75.003204209798,191.0751082251082,5808.057706766917,3375.9380406659043,2103.933164121322,2286.165500216158,14074.725455067744,6975.624781096097,20973.73584337891,6473.976639851314,1768.0316225441225,5093.146335363982,10903.908558878182,2135.845308123249,13495.782210835761,72.83247250248093,721.797916047916,2772.894090023249,17556.10493113385,35820.26101922673,3902.0697304351716,1783.114260252418,1165.5148653149918,19455.26378568642,2407.56356441309,728.3247250248093,72.83247250248093,72.83247250248093,1525.1091526529026,3862.808160187765,1671.0418666821683,22224.60148895876,554.1693722943722,47287.14372739195,16695.556240628328,2605.575035697017,39231.98659012073,59810.9546724371,17437.898496580783,2403.791804437393,9989.86490916491,23107.161681954272,988.9262798257363,42168.85399842093,12293.216848643822,14253.910886741029,15267.77841618887,3246.177631385008,58001.55175295049,1132.2157967032967,1497.3320309320309,1320.8522649572649,5488.072140041697,7710.21343805801,71149.36949921436,2979.8882982697182,5512.99530761525,656.8260683760684,16094.500886854636,1844.1904744612393,11338.00447797831,296.1356176758351,6088.979241123495,1128.726984126984,206.68968253968254,282.6417027417027,407.7833333333333,1459.7456644716622,914.8555495552206,1800.7735042735042,626.2362637362637,2551.2027122048444,1083.7502132198726,880.349993999665,1214.8838540544423,65.75565610859728,3876.5080825656955,603.673137973138,2452.0088578088576,995.0716991341991,835.5086880552398,31035.766806880754,306.64162944898237,958.6635281385281,431.0413086913087,1822.7030885780885,972.7150318120132,407.05820388761566,1076.312708284895,685.5202991452991,67.73484848484848,16.438914027149323,297.77411477411476,472.27096171802054,473.23364413364413,94.67222222222222,360.50277777777774,494.74027777777775,1616.8999681477942,2461.799475569454,785.3030596854126,539.7678932178932,916.0321844821844,2062.584066176297,4039.1475555476286,594.7963675213675,1077.3793706293707,1302.6195027195026,265.6738816738817,255.25876623376624,1490.6451437451437,574.4866798234445,786.9659036070568,1855.527603378061,4547.946599733828,364.5095238095238,899.6452547452548,3635.5343859867903,3613.4207792207794,2441.906277056277,705.1043665585316,4681.518726793764,7510.342858964644,1429.6813808651304,4773.657689713668,5225.718140945596,4620.824821023333,397.3320346320346,815.8964988228146,410.1651515151515,1475.0602545602546,1243.2327533577534,236.73281767252354,318.45601343101345,311.9714285714286,599.8173669467787,1370.8344070961718,598.5729437229437,58.25,1517.6044444117972,19.685714285714283,2720.6553182197918,238.34338624338625,411.78015873015875,18.866666666666667,599.3167919799498,358.7242063492063,1046.4528179881122,543.9166666666666,2234.2727995434516,347.82215007215007,218.1638888888889,728.6123015873015,558.6742424242424,315.8349927849928,235.7649776149776,395.93482073482073,736.6748556998557,1621.8056804306805,209.9703564466722,1522.9688505938507,237.96025641025642,232.80515873015872,191.90714285714284,111.5988455988456,226.61450216450217,169.61507936507937,377.02936507936505,367.0894365886965
81664.84000180048,2848.1388929039085,4135.88447818828,3261.589082489496,12.115186097062496,258.1971378426642,25.95982142857143,31.708333333333332,10.045833333333334,11.3,99.9,937.1022329593768,3941.0316884219924,929.5169679285856,2478.9789101090846,31.553571428571427,32.32142857142857,12.444444444444443,24.88888888888889,15.897184514831574,15873.927579331874,88.42298118548119,29.441111111111113,327.03359487734485,1335.7720127091052,74.61111111111111,4610.435960455507,49.67342287342287,9771.016308434695,1104.2675566263802,12.115186097062496,12.115186097062496,237.423261752867,815.5809706434707,263.69357142857143,576.5308008400056,592.4525416250416,1144.7309453178316,149.51736596736598,1975.676273371831,881.2909960682019,1161.0786061161061,448.52903092736295,8888.004039855867,175.21671389068447,450.73422888386125,12.115186097062496,44.83333333333333,1117.9488275613276,4146.191529278815,8375.280039742916,729.1789107950873,532.5918783366741,192.22779145593745,2541.666225255379,86.07851954010042,121.15186097062497,12.115186097062496,12.115186097062496,313.9619179787989,424.44366987179484,162.45694444444445,13798.300851223166,52.52256915800473,27388.56792407764,9465.708092901275,153.2882373855486,7831.21956652094,2933.974047067835,2564.206599048458,13.623412698412697,488.7376984126984,6388.397177072647,112.2128787878788,33530.971855508564,420.9386243386243,5058.784834233266,8996.732623876238,2355.037261997262,17507.094423186845,224.40605600826188,101.91666666666666,98.05119047619047,626.650992063492,512.7243506493506,18356.87720142913,49.72209828215263,628.2232215053035,125.12579365079365,2758.3875544934367,113.57227686529157,2115.754468363021,44.218498168498165,461.6034803890067,130.99042399680698,10.773809523809524,26.415540485199926,178.3383795190317,10.666666666666668,3600.1607873401613,2638.6937844460126,142.22040043290045,22.0,295.22362914862913,3506.226065117939,72.9542735042735,50.21010101010101,252.3576680073739,29.008333333333333,114.7990909090909,70.54761904761905,162.39950770662608,504.98075007780886,283.1676678876679,476.17830252250803,209.29540644540643,121.32539682539682,60.12222222222222,182.67433862433862,50.80815018315018,34.25873015873016,4.132678571428571,12.552525252525253,109.06293706293707,1119.5314935814936,47.154761904761905,11.166666666666666,1.5833333333333333,11.787878787878789,8.3125,14.732142857142858,40.541666666666664,6.487179487179487,8.7,35.737500000000004,57.25069491307561,6.548951048951049,226.04939874939876,106.66666666666667,195.09970238095238,30.51904761904762,42.09090909090909,27.758333333333333,13.803571428571429,109.37134324009324,71.42972222222221,0.2,15.034992976372287,1016.4536038036038,913.4167090004938,22.40079365079365,314.6762580398156,2093.80429639691,863.8264116264116,64.05952380952381,1570.646626984127,201.8059523809524,581.8666937229438,48.37083333333333,25.76190476190476,110.44863547758284,36.39529914529915,366.37194493959197,110.65079365079364,0.0,28.0,292.3739246864247,140.53598590951532,233.30227016526356,24.961038961038962,71.24444444444444,4.96078431372549,728.2789037295134,301.40856782106783,197.2852564102564,0.0,3.3000000000000003,34.070238095238096,242.74040404040403,14.600000000000001,178.34863338415968,41.0,10.333333333333332,1490.5515054179566,109.54206349206349,209.31495726495726,0.0,5.83578431372549,49.52380952380952,300.932460785402,92.79633243377522,292.0725408850409,0.0,0.0,0.0,6.4,64.36431623931624,54.904761904761905,0.0,274.2377157700687
72372.66673472032,1862.0783617666682,4468.992538480038,195.63988095238096,31.301037454225813,597.505556943057,61.48253968253968,475.4746843434343,28.733333333333334,57.666666666666664,25.666666666666664,2162.652363979473,10125.643183668184,2905.7156925882855,2735.77865085694,216.50357142857143,2.9333333333333336,15.245098039215685,30.49019607843137,421.44577922077923,14684.580426948754,529.7287564585952,149.71011904761906,272.89000166500165,2255.5178895178897,32.06318681318682,9400.085005054858,242.53383838383837,6490.944190118765,1167.8332702020202,16.70103745422581,16.70103745422581,142.14285714285714,1236.8416426166425,549.5420875692935,855.1359446109446,520.4684388528138,4401.524625781998,233.6171888053467,7434.380574924731,2004.718184690553,248.00689033189033,1385.9776785714284,2227.861194660459,218.69844877344877,2837.1745781995783,16.70103745422581,20.295238095238094,2713.4099687349685,6342.408165545468,9082.095256395507,931.761287593985,2653.888485246637,293.9917522895776,6366.175616927016,1081.8763828763829,169.34370787559143,16.70103745422581,16.70103745422581,671.3708152958153,1657.2541129785247,101.61602508602509,18764.935863830742,280.8768642468643,14709.505977112556,7229.146647689399,381.8721446925394,12613.51611290113,3158.9358587533898,9191.81737939873,474.04015151515154,586.8834290709291,8106.949135282359,102.86267866120808,25330.87955841688,1578.7613116458704,6073.082877246962,6383.355729882862,924.1331457431457,16109.880075688989,173.83333333333331,1028.3217652717653,189.5820707070707,694.3584415584415,347.47106782106783,14732.773064941915,444.7724867724868,4731.248872937205,146.5529761904762,4406.094830708507,887.0148558197048,5788.82694229618,139.1163308913309,3095.929963961477,354.27050264550263,1404.5575396825398,25.134199134199132,253.0388888888889,631.7894688644689,254.8316403802291,413.30024891774895,166.45432378079437,36.717592592592595,214.81722444222444,239.89745234604104,236.72256442388021,71.95833333333333,839.3710317460317,315.21563251563254,0.0,20.658730158730158,174.08314393939395,6445.930638860051,218.62254412254413,619.3064484126984,836.1170459850607,322.5641774891775,278.7095238095238,293.1583982683983,496.1058448841333,20.75,25.495238095238093,17.989583333333332,31.15555555555556,449.25357142857143,77.94111319966582,12.744444444444444,16.59722222222222,55.95897435897436,54.97435897435897,18.82857142857143,63.85039682539683,429.3809523809524,165.125,110.82752525252525,211.9406031946829,114.0573593073593,113.13453907203908,42.704365079365076,286.49074074074076,179.26071428571427,179.61666666666667,48.65,61.419117647058826,34.98095238095238,1003.5267482188148,25.166666666666664,66.58333333333333,1751.7732008610299,183.81438923395444,299.0363095238095,613.6114429189765,1645.6955604551968,2877.1638929515902,170.27916666666667,375.18113729837415,32.31666666666666,909.9280107486271,42.5931855500821,39.5,19.253030303030304,89.01259587505717,208.082350982351,43.55,40.73055555555556,42.908718766613504,133.9079365079365,558.2878787878788,307.59269005847955,0.0,30.790151515151514,32.125,899.6421210733711,18.455555555555556,96.00277777777778,106.5404761904762,18.31111111111111,16.18095238095238,139.71415343915345,68.0,298.49648268398266,292.519070961718,133.81190476190477,1813.8517173615858,35.458333333333336,285.4848484848485,21.283333333333335,4.888888888888888,6.265151515151516,331.8693388719124,128.134126984127,723.6783452316604,38.46329365079365,14.285714285714285,22.272727272727273,73.0,55.166666666666664,42.675,44.02169312169312,178.31330667452426
115131.25464376892,9315.09581105787,7715.52410235656,5896.884798644338,9.316734682307839,2774.2305600284935,155.75873015873015,193.76742424242423,190.35617184672913,5.345238095238095,163.59533733462305,6414.435211762757,14194.418429372936,6411.616844275006,1560.8382001417167,983.6857142857143,79.47294372294373,126.41656939252847,289.9759959279141,104.92413142413142,31372.475264562334,424.1159908543837,360.9612835653625,687.0913318824033,8371.793768052165,225.32636094064665,17353.239994984713,270.39416777666776,17640.513014394972,6431.1104599596065,7.511179126752284,14.872290237863394,828.9748277949348,1289.7904152220328,682.1428294064324,1132.9625015378626,825.9606809856809,6815.372904588798,904.0284279577983,16421.21575714746,3418.7754474277954,1006.8349143519101,795.3471972868401,6022.252238762736,1231.2390126446849,5522.294991910062,7.511179126752284,141.66039862914863,1111.8513833328489,8232.526135240421,12802.514940855614,659.8671657707372,3581.5812973575107,221.9067020527994,8137.754545276418,1579.1015029158516,91.51179126752284,9.78895690453006,7.511179126752284,773.4639500066932,3087.424358720838,468.7238095238095,24861.8541806217,1932.7673023618927,32403.504238080157,7824.153258344181,1248.477226391722,30241.56432247166,21961.85935990822,5961.237700998852,2655.231446192865,1972.9292948958407,16011.575900489142,552.0660158877071,23468.206846825928,3359.2637001127177,7311.37919457008,27050.413468014776,6991.146264815365,37828.023011614016,997.4844897166325,379.54886034158477,112.71901875901875,2134.8910966348467,2622.1931509182823,32401.974127557813,3772.209309114219,8217.535155885782,135.85338332302618,7417.056160952987,335.5501346093993,10002.766901936993,94.171768707483,3536.6642133917117,185.50505698005696,234.02528776778777,94.73843933843933,107.26332926332925,362.0824419714171,1204.2648924945736,1978.8114896214897,224.35674603174604,926.9368956727652,862.0237441974091,1193.2130406427218,2451.1953267729004,0.0,244.01813715385143,255.09378777151886,28.07992225166138,813.3560646480814,904.8069655198602,4892.501389539805,71.64277777777778,322.81021756021755,1512.907885031635,445.8085257335257,385.6021995278298,73.3348484848485,301.2029560857781,77.70587745587746,23.773809523809526,0.0,724.3080944719932,394.6030437816152,192.95500841750842,18.419047619047618,237.74867724867724,88.7981833642548,331.56337554369065,282.10197492565914,1402.5003104369175,5.833333333333333,2748.5008109336773,81.26081871345029,1693.745328549262,201.7975492761207,7522.010301616472,153.3456130231506,63.50358807858808,17.0,2710.7363175372384,70.0172619047619,42.3593253968254,364.06433658933656,5942.34269939968,680.7941733663162,1263.7371836707325,658.8949164644183,468.31839748597264,244.39143523143522,269.3747628535809,1291.8945213549594,5279.962815200398,948.8716387190381,1221.4474622599623,1248.0678471792758,580.3712077260213,48.32539682539682,387.7547224148728,312.22650700553925,914.2233429582113,1295.7918928293927,39.81111111111111,47.058150183150175,190.6665937347826,882.5814168287852,5276.133394550925,20.291666666666664,27.583333333333332,608.5226852908995,7.0,852.2593105423988,94.60123771730915,593.4934523809524,21.0,1894.5380075876503,76.50921717171717,277.41392635142637,0.0,1898.6280100089969,0.0,23.815055315055314,182.2824267925561,107.32136844636844,241.15999820981023,11.073214285714286,154.2378811003811,163.4407391219891,1973.511262513019,174.74654488270588,528.0430328201982,56.3837456194599,135.80843461775956,56.02772470324162,11.71590909090909,51.725,35.99210164835165,139.25483405483405,1413.7312659001607
315296.3587742096,25751.56193673973,49135.73638167334,65718.0334884416,18.02656875057067,6587.4055538143775,1758.3084594972104,191.37162698412698,628.9303572244748,804.2875957375958,645.7697899322899,8068.2813754138015,29385.780994593497,33319.25191136461,682.2420995670996,157.11693861693863,258.76571067821067,23.41780303030303,46.83560606060606,1082.0104894179894,106836.25426902893,1175.2681917211328,801.6037260358688,174.80121366728508,17244.963801579364,176.01944444444445,32983.92635724124,565.8253968253969,28395.904906225765,5550.1210945719595,14.734902083904007,43.359902083904004,88.79821428571428,2793.082371332371,519.919357031857,729.0589281916913,618.9040674603175,17282.888010409293,4673.863337885659,17162.23399822774,17997.30457866252,775.8854365079364,6260.417066822067,3306.145138750139,4018.8652314814813,4133.6089928480915,14.734902083904007,1433.9077495189995,3177.024090017736,12753.54916456443,60132.416535791686,2347.117517418778,1861.2055604514533,224.64257887760772,17778.529462043887,2168.736590812303,150.59902083904007,14.734902083904007,14.734902083904007,1238.4647546897547,9577.944271777633,1631.6407491908963,53576.34531757475,90.03888888888889,76116.35049562222,6387.713594637243,14552.072117295473,36014.24354021296,2075.45930852236,85722.82153175889,1706.0552946902599,25994.819894523927,38900.19979254246,143.89877622377622,18957.932235091263,7928.024306156806,50573.419098460945,21063.72571546509,1952.8451368212397,46870.15592498615,546.3806349206349,726.4888830532212,2725.9233177867104,6157.031853252742,6389.68577351842,145486.15390742515,1137.7768772893774,9099.232946965889,342.2439026251526,33220.23157975796,209.02698412698413,39577.48846313301,350.93586691086693,13431.513924003557,224.73759920634922,321.0077676161558,38.08333333333333,351.2695707070707,387.92281746031745,213.03313492063492,1836.6411636974137,122.01706349206349,393.97569745069745,389.13095238095235,151.8625992063492,1371.4341662504162,304.40654443595616,2456.9015974765975,1420.8175163725164,33702.56780385484,14906.210132823526,190.6596688034188,11166.856004874755,2614.5612007370937,174.79848484848486,716.6861568986569,469.246164021164,398.7843954248366,112.81438492063492,170.56728067254383,274.47222222222223,10.583333333333334,76.10163610898904,897.142963980464,544.8603896103896,7.083333333333333,151.52031024531024,395.73202838827837,268.6650132275132,608.0625686813187,389.51548941798944,229.32341269841268,8.526785714285714,1455.8322822280059,605.4799603174603,1404.14423318638,651.55868992119,592.4566468253968,5331.800746614496,726.5560317460317,305.0321123321123,385.06873015873015,936.8249999999999,260.50138888888887,2296.975289313513,1319.0388326719576,804.9535317460318,101.35003607503607,2213.3421129663984,8167.765709433383,1065.765873015873,61.47597981804057,486.67538961038963,11247.69844347121,795.425477994228,30380.995589380404,2500.91831232493,1395.2908738483738,744.5222222222222,406.742557997558,16.875,1195.6532658313909,117.90476190476191,0.75,1143.352351774043,1893.4122225910567,349.212237394958,363.7270744301994,3.375,2373.8086481542628,842.2791215728715,6.666666666666666,61.45864898989899,1126.7369065983037,5774.1709939732455,57.02777777777777,3443.904157879158,150.0,54.07857142857143,226.01785714285714,1045.7906771799628,218.34484126984125,26.362037037037034,71.05674603174603,4435.765377184268,90.81095571095572,327.3061507936508,184.3297619047619,3391.7475812877597,52.94583333333333,8.433333333333334,5097.954527417028,18.599537037037038,26.8765873015873,170.64523809523808,282.48636363636365,68.41097883597884,33.916666666666664,337.90416666666664,34.0
37666.030060486555,1927.4380559916274,4462.084119075369,1666.7057075895118,21.285568144919424,371.7879329004329,78.64583333333333,92.23224206349207,12.666666666666666,7.0,79.89999999999999,460.03073084323086,6025.852692444164,2309.875208032708,691.8680555555555,18.116666666666667,31.666666666666664,41.88690476190476,83.77380952380952,27.619047619047617,3565.295097465171,250.9422619047619,5.333333333333333,115.9149766899767,1299.687743717635,50.923809523809524,2791.796094183594,9.616666666666667,3175.438022219208,389.05,18.714139573490854,18.714139573490854,164.72742794486214,707.3,459.5342592592593,783.6993666056165,501.38939033189035,1349.4363325281804,271.1333333333333,1035.2216259666259,499.688373015873,184.71531662781663,1118.5344336219337,5981.808766148569,50.092948717948715,312.4781746031746,18.714139573490854,32.24393939393939,361.2488756613757,4221.619484819788,4167.108621484725,516.0720147907648,192.0690476190476,293.0567905720598,3921.0518258380757,112.15833333333333,193.94139573490855,18.714139573490854,18.714139573490854,89.81849504169483,546.5880688755689,610.7949735449736,5808.336387316387,101.375,12728.403575503396,5055.172579994629,283.05637426900586,4720.505408249158,1535.0167294815321,2523.223824988705,282.37078754578755,662.1833333333334,3056.4472306222306,37.69047619047619,11424.920453878987,306.5615384615385,2031.4189173979614,2150.0699331238525,478.326455026455,9489.039496182424,78.46428571428571,66.13888888888889,42.73566017316017,246.05206349206347,365.68954656454656,6828.253050747453,34.59123931623932,353.63288772630875,196.78670634920636,2557.200259535786,196.09530034235917,5830.726359835126,75.60416666666667,560.8434523809524,27.577777777777776,79.89166666666667,49.104166666666664,1246.9620490620491,53.09722222222222,529.1885057471264,310.26150793650794,85.02878787878788,3.653846153846154,111.91111111111111,505.02183908045976,87.5,427.7234801430454,1884.1566910703675,38.38809523809524,51.0,69.4,153.03452380952382,794.9271409146409,74.6,98.51587301587301,50.49220779220779,30.714285714285715,386.81666666666666,621.009126984127,161.61237373737373,0.0,19.48,106.93087003576134,36.52438411261941,794.0554510623476,51.94166666666666,59.972222222222214,8.583333333333332,75.2,29.40972222222222,7.933333333333333,237.84821428571428,9.666666666666666,49.333333333333336,57.455357142857146,95.66666666666667,82.68541666666667,128.64484126984127,64.98333333333333,100.33333333333333,47.93333333333333,79.19047619047619,0.0,212.56944444444446,60.74444444444445,267.3777777777778,1.5,188.04166666666666,770.1201058201058,4035.2758149258148,72.42307692307692,162.71376984126985,760.4496542673013,673.9726981351981,115.84722222222223,2646.52960550887,85.8409090909091,306.51382850241544,75.49425287356323,74.17222222222222,80.87777777777778,24.333333333333332,1868.8740945165946,3.3125,13.724137931034482,75.75,53.0,194.70119047619048,119.153125,128.5,90.64693362193363,8.0,787.7651806526807,192.93369130869132,21.708333333333332,12.261904761904763,0.0,4.666666666666666,32.266666666666666,275.15,838.3600559163059,210.58333333333334,44.22222222222222,1317.1464352776852,14.083333333333332,59.2,0.0,20.358333333333334,54.8771645021645,105.32317821067821,46.41666666666667,397.94733044733044,0.0,0.0,39.6,4.857142857142857,65.3923076923077,4.055555555555555,1.0,945.8778752330604
205009.67590426418,20021.00955208562,35375.44110325949,12448.980305930452,135.12740624803016,6501.329610727741,1001.8264194139194,3934.8255399230397,848.6020604395604,894.4861832611832,982.3821595071595,7829.282084890609,77053.51437044823,12717.571334944432,1085.6766312741313,648.6907964257964,715.6146825396826,433.0259478329368,866.0518956658736,1527.5518398268398,69150.01993912816,3106.093339438339,714.8444985569986,1748.2123981580937,10998.82116598815,656.063253968254,21762.223888646757,661.1958874458875,40858.923153617965,3706.6306186868687,103.67740624803014,103.67740624803014,647.3400577200578,13255.821607326583,3590.396191687432,6160.919922854922,3960.3194986957487,12860.418209990492,3480.046532356532,18638.604220941055,8688.192166907167,4703.808213284731,10313.489052475303,14463.20565745171,2698.5676587301587,10957.978731104393,103.67740624803014,1147.8842887667888,3283.5120024420025,12679.053310883857,21139.549969002783,2113.237876984127,5917.119726364905,1607.583712768071,29828.62410551454,3313.508898281634,1043.2240624803014,105.32740624803014,103.67740624803014,2638.700066137566,3755.971353048601,7740.644160500352,66415.38785557494,999.5960904071774,67200.80663016971,8582.120110401189,5921.306708626341,38415.115046294195,16388.15928754332,32550.075009138003,2740.925100256886,11663.098863451363,33525.255666317054,745.6762534506556,27695.56854025083,6551.688912430162,35577.893708708325,17396.478909909678,3481.4866665512563,75053.03078139338,3922.4358696858694,1612.0218357568358,2367.7336111111113,9058.713175547462,6793.074622183372,81144.75717059175,1591.8757337788916,6181.4755140023335,1637.8848835291692,21310.75911934382,1964.2690476190476,23044.087600817867,905.1132936507936,5650.692919890567,1680.7770320948891,2737.5353174603174,262.14772727272725,14326.706235732398,2403.065069795186,1914.982986099298,1038.7478968253968,396.01666666666665,2954.224878176519,404.0715066795949,1573.4353975767094,1411.4316045570274,2019.6096714275423,14675.550260223874,553.7786471861472,3679.648015873016,4380.026147186147,783.0344909175791,13442.936934595906,1367.2802453102452,927.0222222222222,617.9210317460318,889.5724603174604,1328.9231746031746,1279.4421543495228,2220.090903459427,717.3630952380952,290.9472222222222,504.90241785688556,959.5713298955945,3727.7292297979798,287.56309523809523,1134.4493055555556,461.01048534798537,658.8471073517126,1440.0280178155178,1212.1358212552698,1030.2630952380953,1108.3068452380953,341.356746031746,2021.5985770318227,1720.9578284215784,1288.12958994709,4336.120238095238,2807.6935515873015,566.0825,267.94190476190477,647.8291666666667,1015.1703282828282,1649.549365079365,2141.4975117243866,2842.249814213564,468.4551587301587,2353.0292424242425,4175.058217706274,8347.565314277226,2239.8037800978977,743.7899159824422,6680.0183223133,6883.8531404636615,2068.374511088327,20188.149282581453,2425.9784126984127,5032.036587206699,800.2530952380952,1674.6728321751348,1438.0684909388856,1107.8825545288046,3027.6598743032564,25.371428571428574,523.2421296296296,369.22152014652016,1653.513492063492,1221.3272312409813,339.31889999285863,1398.6181818181817,1648.3102163577164,85.51071428571429,4626.025526107879,679.4972619047619,506.2523809523809,375.1952380952381,911.5750992063491,246.11845238095236,249.63888888888889,5526.841702741703,2204.7602564102563,1160.3510156510156,165.60416666666666,961.6988095238095,4055.7324002574,1754.8474728487886,454.1091931216931,873.9561507936507,3100.7313388817065,1581.411111111111,1422.2642857142857,441.35277777777776,366.80579365079365,253.11825396825395,358.2352244977245,213.39165445665446,248.97886002886003,1066.7598214285715,279.00445887445886,2890.427012285068
23832.678652134513,1672.7693642931142,391.02640692640693,520.8208274976657,2.6415413533834586,304.7881673881674,10.916666666666666,4.928571428571428,39.707142857142856,177.6334249084249,12.564285714285713,159.37471284271285,3209.979074397824,562.7862658730159,8.604166666666666,886.1306818181818,20.886237373737373,72.71240079365079,145.42480158730157,12.328571428571427,822.3017857142858,228.82449494949495,159.79583333333332,3.4230769230769234,433.7887698412698,35.08989898989899,2298.0721376246283,49.22291666666667,4069.608744033744,126.9403409090909,2.6415413533834586,2.6415413533834586,6.2,1525.1054743867244,56.07019230769231,335.6633505383505,204.93968253968254,2133.1988245550747,737.1210076960077,1577.2860005735006,479.5930944055944,136.59761904761905,1946.1596256439639,43.68712121212121,276.26190476190476,3083.2914964610554,2.6415413533834586,55.403571428571425,144.6624858276644,3844.11174011174,577.1820165945167,539.3911255411256,3491.430514567756,39.62312030075188,3523.743460705961,4.555555555555555,26.415413533834588,2.6415413533834586,2.6415413533834586,195.81378066378065,256.9034632034632,378.3478084415584,1769.7634552049258,827.5082112332112,7975.099117508308,583.5889309764309,1510.1935875427255,6127.127064212726,446.22821703880913,435.6638888888889,8.1875,544.6494047619047,405.00335567210567,260.36108682983684,677.547619047619,3054.9381685444187,4347.856487360105,4279.831585408056,986.7406801531802,7193.549225200725,2.8571428571428568,926.9977175602176,26.853703703703705,1970.4274891774892,4776.352689473225,474.40045093795095,138.79166666666666,1282.172255859783,91.80952380952381,494.1088888888889,352.06130952380954,1756.3241606770512,88.75,408.28888764013766,35.88044733044733,98.52756734006734,0.0,4.0,189.66998746867168,0.0,20.0,0.0,140.84128787878788,22.11190476190476,0.0,39.78636363636363,41.628571428571426,0.0,23.44139194139194,22.25,0.0,74.375,5240.15039513863,0.0,0.0,32.61507936507937,161.89166666666668,10.095238095238095,4.3125,256.97066822066824,44.5,192.0,10.407142857142857,54.00555555555555,0.0,22.983333333333334,17.25,0.0,64.86011904761904,210.90551892551892,1020.7689457764458,0.0,54.52380952380952,569.925,51.11,0.0,99.16251803751804,0.0,0.0,94.47619047619047,24.64285714285714,9.5,14.392857142857142,29.539285714285715,1650.0436616624115,638.9969017094018,27.375,21.885714285714286,0.0,18.657738095238095,277.93827355077354,434.9484483126471,0.0,2158.3952579365077,123.06696428571428,0.0,1395.0640873015873,0.0,0.0,76.73630952380952,151.17550505050505,336.60361599185126,0.0,0.0,69.00833333333333,100.50416666666666,0.0,0.0,0.0,0.0,4.928571428571428,0.0,18.534126984126985,154.8918650793651,10.0,4.1000000000000005,0.0,13.791666666666666,0.0,0.0,754.1564213564213,0.0,50.81481481481482,0.0,0.0,33.125,14.636363636363637,152.6775536282889,0.0,173.97619047619048,1.390625,0.0,138.75892857142856,19.75,32.857142857142854,0.0,0.0,0.0,8.625,66.25
