14290.321639410855,1490.272436988485,897.8996624306084,791.232630469598,2139.8255712875257,2543.044615744511,1395.200899203995,1379.306714725249,118.05970418470417,37.31794733044733,256.0730635105635,375.4114685396705,580.8951157185003,1788.1392565767565,1982.9529917833488,1611.0425672366848,511.8499061143494,7050.256704035005,1185.8038348840325,1399.8238460407317,103.32087621373336,327.212468748183,699.8790183802088,2212.3022230415086,170.7956349206349,1434.9056877290923,515.6823031135531,3662.160897108848,5014.992432057466,1991.5959701518525,122.33242683242683,368.5649329176115,1066.1946592759093,165.9929155422853,3095.310016042568,213.17770159734445,735.8154068556972,4435.66232844197,3339.8129664606245,3956.1813117416455,2040.5517815848173,978.2949571203773,1999.0143733989232,1738.6650997143731,1961.9674497431483,4097.540289806274,2074.1129874040826,415.74652866974293,1020.5387585317732,917.0342407987022,88.85854192104192,4.742559523809524,2430.9310543610436,3285.6815182269065,2274.8374998151166,12198.983925300472,657.3800693355375,938.5899470937912,1307.013079285409,203.06538661501895,509.386044973545,130.88304296997904,179.09436327561326,18.528239905948883,71.80930261688775,145.01698734443576,44.23370181405895,281.03711566211564,455.7659260712832,1113.54361079634,2.5,1791.478000893442,760.2483307036878,212.84885253635252,30.663704351204352,245.91699243800085,50.44080086580087,98.33777657527658,313.5339618104831,573.0676231090317,86.94191919191918,87.18862665112665,313.72247104747106,55.59155148073215,80.83178048803049,84.42242281527996,87.04479949874687,418.09445154048205,14.12087912087912,374.80260017760014,20.447219447219446,55.549903799903795,47.91152597402597,487.3741997381703,51.16463675213675,102.34992784992785,242.57142857142856,122.11953762611657,15.518518518518517,513.2146738920899,178.91549516894344,10.191326530612244,19.539772727272727,30.766439909297052,360.01542207792204,48.641429539295395,104.28685489347254,9.313672438672437,129.01367382617383,17.625,98.95501709128759,10.833333333333332,178.98706848706848,99.35970626595626,20.146413308913306,144.75110075110075,90.36558441558441,45.06980519480519,747.0057974432974,15.119588744588745,49.066378066378064,438.77344031629747,23.583333333333332,30.659060846560845,9.972052845528456,11.25,81.40277777777777,37.66941824515354,4.236471861471862,77.52043095793096,72.3465909090909,976.3712653087653,94.03161075036074,65.24189791689791,18.169032356532355,2.332521645021645,25.228535353535353,201.34764541014542,5.916666666666666,2.2916666666666665,871.1771119961909,104.48242647875,6.777777777777778,5.409722222222222,60.867259782700955,372.40460927960925,100.69083231583231,103.20386557886557,15.614598364598365,44.73944805194805,6.982323232323232,96.45372682872683,747.6599970796399,113.80822649572649,42.21109307359307,258.89530812324927,1332.5116757967396,8.151785714285714,7.5,456.32538010739006,0.48,21.191558441558442,57.49623987123987,3.157967032967033,1.9607843137254901,475.0237564696055,135.3350726654298,61.45725108225108,15.38095238095238,9.051658163265305,31.857337107337106,28.976433288933286,47.11607142857142,122.204816017316,92.16170634920634,13.144841269841269,14.053807634164777,3.3085317460317456,55.44431956931957,110.79604423354422,35.06691919191919,3.506715506715507,45.575051990493165,107.0810415075121,116.06673745644333,41.39087301587301,201.49870268620268,31.657312925170068,2.380952380952381,53.22256415359863,10.662698412698413,70.8537851037851,1.1787795537795538,1.2575757575757576,3.528138528138528,12.757936507936508,27.52579365079365,1.653846153846154,83.15265752765752,3.409090909090909
4593.9057567432565,679.4444444444445,399.375,44.916666666666664,580.5613553113553,1280.6080586080586,91.42261904761905,209.0,380.0178571428571,40.0,276.4166666666667,95.20833333333333,347.00686813186815,130.41666666666666,335.46153846153845,170.0,306.8333333333333,115.16666666666667,272.07142857142856,468.29536435786434,44.416666666666664,168.5,56.125,263.2399267399267,39.76190476190476,57.29761904761905,295.0,97.06746031746032,53.916666666666664,213.06730769230768,19.107142857142858,30.833333333333332,113.58928571428571,16.5,617.9485930735931,53.39285714285714,121.70833333333333,625.2806776556777,1402.0934343434344,1849.6202686202687,429.25,305.0683261183261,529.0952380952381,332.3666666666667,190.33333333333334,930.4957542457543,460.1620670995671,163.20833333333334,207.50320512820514,882.9655677655678,29.375,16.25,580.2652597402597,1816.2657967032967,1633.7495421245421,1088.1779637029638,838.8802447552447,747.0555555555555,119.70833333333333,109.18055555555556,63.5,11.333333333333332,50.0,6.25,6.857142857142857,148.75,62.5,97.91666666666666,38.5,62.83333333333333,712.0575674325675,7.291666666666666,75.91666666666667,46.36666666666667,31.0,37.5,39.166666666666664,560.0897435897435,62.93055555555556,81.10576923076923,77.21428571428571,23.75,108.83333333333333,60.541666666666664,30.0,5.0,40.5,49.58333333333333,64.16666666666667,71.83333333333333,129.3452380952381,25.0,10.333333333333332,22.083333333333332,42.38095238095238,64.5,23.958333333333332,71.25,35.083333333333336,39.833333333333336,18.333333333333332,3.958333333333333,15.833333333333332,15.0,9.5,22.5,10.0,11.875,23.75,13.75,7.5,2.25,4.583333333333333,17.666666666666664,20.71428571428571,64.02380952380952,17.5,1.6071428571428572,20.125,5.0,11.666666666666666,118.33333333333333,18.416666666666668,22.083333333333332,66.28787878787878,6.625,33.25,7.5,11.0,56.375,10.833333333333332,57.5,8.333333333333332,32.44444444444444,59.70924908424908,14.125,5.416666666666666,7.5,2.5,16.0,2.333333333333333,1.6,17.083333333333332,11.666666666666666,36.0,101.875,3.5,40.58333333333333,2.5,3.75,0.0,32.75,5.0,77.08333333333333,10.166666666666666,26.666666666666664,33.666666666666664,10.625,9.416666666666666,64.83333333333333,5.0,0.0,4.166666666666666,8.75,6.25,99.06746031746032,10.833333333333334,8.214285714285714,26.25,5.0,0.8333333333333333,5.833333333333333,4.166666666666666,0.0,3.5,8.75,12.38095238095238,0.0,5.333333333333333,14.375,11.875,13.0,6.25,15.0,1.0,1.6666666666666665,9.5,16.666666666666664,0.0,10.0,86.75,10.0,3.333333333333333,0.0,0.0,10.121212121212121,35.416666666666664,2.5,0.0,1.25
16121.502717442267,831.6087969025723,2562.1756448376386,234.11136480621775,1486.4648112535867,1747.7874700106672,399.8733487986681,786.0119981378843,214.83611500155618,150.29340198751459,152.90162383523284,288.66371254099687,499.85449213348295,261.9938667978335,1281.2518573766097,478.3911068162352,607.3444890915868,2158.219106134194,254.0168285554315,1061.9033811917045,62.64752780439364,304.2601897437092,176.13812313700808,872.3765364258842,70.75587598675834,571.7604869006655,105.26590307840307,487.7048670628896,903.6895731434928,252.7280693578294,154.69386951422217,311.7594893366467,324.3799936871193,238.196722491393,1499.7205434400998,193.82973237405622,245.4273889620622,1777.228931772278,4810.699799321452,4901.673384142109,1443.3551313600585,518.2887835256204,1092.1833063386052,637.0023192551656,1012.9847536728389,3807.1351869445434,754.7736928326829,569.9270755197313,238.09941185160707,788.095848780793,12.835464897421419,4.77056277056277,1615.490169073843,4021.6810473984624,2111.887947771843,6345.339178631069,2875.07951795376,1025.4124919582794,175.59915778665777,61.136833117289775,127.97685892538834,68.4668929772866,176.18437216378393,28.176043136392778,18.505874060150376,30.31987426941632,44.49569889144469,62.391612916069434,103.90026921290742,300.07743160139773,14.884448476360241,177.5205327080327,66.33812056291048,67.6204239230555,77.07185537773773,169.47447185750755,18.25215035509153,175.81487393987393,299.9263808597448,85.75789141414141,57.0770500741089,33.19165760709878,116.73818022255521,9.609208747601604,47.56547619047619,82.41194391752427,35.148809523809526,102.82197326708052,44.59145299145299,163.50388259214648,14.734126984126984,14.01214349376114,9.765342500636617,55.757143613961794,23.95423789173789,114.08277127356074,106.76308923919218,55.0715256965257,17.265873015873016,123.71966184584495,58.71960678210678,407.5012238908637,279.881758256286,34.97650423805886,94.0223394381676,69.40257698821185,29.67366338194343,37.768136683577865,18.814869505494507,12.160063316313316,41.651011462737465,110.0524026662765,56.900023587523584,27.725028647822764,53.9066639787228,47.1367451992452,20.057844932844933,16.742923742923743,48.1270757020757,13.757575757575758,15.013095238095238,37.16065845530131,22.320381279940104,8.062160062160062,56.49106215201983,4.228583916083916,146.01058468105683,12.042941535588593,77.41681691846165,44.94071451424392,99.02955135822783,139.2922309525986,21.350930523724642,118.86965378519486,9.099183006535947,1.1597222222222223,58.56248137415417,90.16893196672608,14.220592724269194,39.785634300340185,103.1671016891605,25.28306878306878,13.735247624726235,29.4278948176007,53.70172146681435,24.77063908313908,22.85098573811809,49.470427751677754,6.43073593073593,26.786329683388505,99.33501221001221,11.341746216746216,74.20649059934773,29.135124135124133,69.75750056187363,27.26877983127983,401.91802470599737,47.96555718246895,189.3651389460213,42.918569233197715,129.97624727965638,52.62135461216344,13.081439393939394,97.17637509549274,21.678444581734055,70.31718832131007,19.768724925867783,14.03377259994907,11.839285714285714,6.052102659245516,40.68817918192918,29.03255772005772,28.71217671217671,41.262462175505654,3.2869674185463658,112.61873000188217,0.4081632653061224,29.392857142857142,16.23753829016987,0.9098124098124099,16.23057253204312,110.18892895038717,6.208333333333333,15.263870116811294,17.943181818181817,20.327772445419505,6.734848484848484,8.583163265306123,33.98504270926871,18.0437675070028,132.00711200778926,74.46813385416327,14.57034632034632,31.516648385727333,18.550324675324674,22.68576521517698,5.208333333333333,1.7149470899470898,23.476190476190474,17.22603785103785
1612.813674552142,119.09894630366766,20.76973684210526,7.5,247.9112984667551,396.9706711632021,18.092261904761905,77.60514705882352,168.34778233462444,15.138888888888888,23.257936507936506,15.777777777777777,18.23830409356725,27.135119047619046,84.70138888888889,54.40862573099415,109.58333333333333,31.726495726495724,81.46944444444445,45.53192640692641,58.416666666666664,32.333333333333336,4.166666666666666,44.1391223155929,78.30701754385964,55.33991228070175,361.08101702219346,25.17989417989418,71.59722222222221,23.139880952380953,6.080882352941177,7.613304093567251,120.80473644003055,0.8125,152.6125116713352,18.47037037037037,16.11904761904762,282.58972241209085,376.66643385424345,373.4512819009336,95.26984126984127,44.103070175438596,40.6875,76.62797619047619,12.928571428571429,451.1236657821023,138.50413448207564,27.291666666666664,26.333333333333332,305.7515339150014,0.25,10.996562261268144,345.4904964903804,220.6314223057644,490.34280492898915,237.41430097680097,77.74300334168755,65.03987972381935,33.875,6.833333333333333,2.770833333333333,145.08333333333334,65.79201680672269,3.111111111111111,20.25,3.694444444444444,1.3166666666666667,80.26587301587301,1.6666666666666665,9.083333333333332,25.97222222222222,15.114943553178847,0.8690476190476191,12.5,41.58333333333333,3.75,18.897058823529413,317.09980158730156,13.645658263305322,1.8333333333333333,6.311507936507937,0.8333333333333333,3.5,0.0,11.416666666666666,113.94607843137254,13.944444444444445,0.0,1.9444444444444442,1.6666666666666667,690.2332032003085,10.916666666666668,18.311403508771928,1.25,14.305555555555555,0.41666666666666663,21.79201680672269,0.16666666666666666,6.041666666666666,5.3125,12.166666666666666,0.0,213.44761904761904,0.0,3.916666666666667,39.66150793650794,2.5,66.83333333333333,4.333333333333333,22.391666666666666,16.583333333333332,2.0,1.4473684210526314,23.098039215686274,0.0,4.166666666666667,0.0,4.791666666666666,8.172549019607843,0.17787114845938373,8.19047619047619,0.11904761904761904,2.5,4.083333333333333,117.64910130718954,15.735294117647058,6.369047619047619,0.0,1.4285714285714284,21.666666666666664,0.0,11.555555555555555,0.25,0.0,25.567857142857143,37.77777777777778,0.8333333333333333,0.0,23.053571428571427,38.75,8.0,1.6666666666666665,0.0,2.8571428571428568,1.0,0.0,3.75,2.4833333333333334,0.41666666666666663,5.3999999999999995,18.25,1.6666666666666665,0.0,7.5,0.0,0.0,5.5,0.0,0.0,0.0,0.0,0.17857142857142855,0.41666666666666663,0.0,9.583333333333332,0.5,6.613562091503268,0.0,0.0,0.0,11.161111111111111,1.5952380952380951,5.583333333333333,5.833333333333333,0.8333333333333333,1.3888888888888888,1.1458333333333333,17.5,1.25,0.0,0.6666666666666666,0.0,2.857142857142857,0.0,0.3472222222222222,5.0,6.666666666666666,3.75,0.75,0.0,1.25,2.5,91.09444444444443,6.0,6.777777777777778,4.916666666666666,6.5,4.333333333333333,0.0,0.0
4700.311952788388,355.35386250328287,398.6224421054414,33.11099857887783,1587.9074150071633,564.483047966589,121.48798199027495,438.26287058487736,106.15105160577296,13.49040404040404,30.804797979797982,166.1640504029676,167.88937315121527,74.81874225275928,250.09076433776687,102.2033573896577,120.84493411522381,501.44769395646586,94.9856604330482,971.7936514970321,20.2483164983165,73.15500252671305,72.40321880605092,304.0905115447602,60.6841722819664,279.089010554671,39.19221436458279,157.57928792501644,286.9143382974332,95.4719141969142,39.06246259187436,87.18560284785406,531.6528773694844,31.501662384886068,681.3598222383052,31.96696195960902,126.67347992803359,797.9055418155841,2643.1988854160923,2029.5139903667123,934.0019641991327,264.4668214314209,415.11462636150367,264.8867759247837,191.85751421774867,1511.5330763211796,394.52611948165355,414.4844979222656,135.49473142526548,427.7116737663524,8.028124844504156,8.049990944727787,575.3369147454508,999.743609779961,1267.9350088164329,2093.768121659993,543.9791428915655,349.7251127939201,430.09387638505285,47.143562320032906,7.903138528138528,8.33479755538579,175.14272771002646,2.9556466924887976,10.895340629620549,16.977214671293616,17.2360808695948,18.063914843326607,26.933450536391714,73.2122634847093,3.984126984126984,57.065856393062276,21.94122054416172,2.4545454545454546,14.950903263403264,75.32918689497637,22.721027909998497,377.91208093162425,178.4596862168118,45.079006702361966,11.205065359477125,13.859727772227773,60.39616137538931,11.116442585192585,19.097977022977023,97.18091855055815,23.624624451056338,49.71707803290621,14.49973418394471,40.38332232056877,7.470959595959596,9.0930361777885,2.900252525252525,27.90501859251859,38.30461634598631,22.878688197767143,17.741670910788557,23.165584386946616,2.890494309611957,35.26803751803752,31.61741440104443,36.50414862914863,25.554195804195803,5.9004329004329,50.63780554018891,22.719164414017357,9.579365079365079,22.259334233018443,27.215817577030812,4.001068376068376,4.726551226551226,25.21721681096681,5.077330320751373,24.09818580542265,32.611682959897244,27.638090504266977,5.6631890770048665,5.75058275058275,3.4057216905901115,4.753750878750878,23.61977088099379,17.92972027972028,8.468031968031967,15.44959901209901,50.250203653664755,5.7967032967032965,134.9953155504626,8.335714285714285,15.353535353535353,2.7232142857142856,36.508850483308684,100.6088669840508,0.7142857142857142,272.28345431389647,68.03154114404114,8.013257575757576,57.40587664990238,4.597222222222222,5.872294372294372,279.9856622221947,5.0,1.8666666666666665,0.5,6.19047619047619,5.535885167464115,1.7929292929292928,37.743628849739395,24.58981622952211,10.007575757575758,10.507244144744144,134.83846045017577,8.475187969924812,8.252880891038785,0.6186868686868687,10.314194577352472,5.159717733247145,75.17249588646648,34.443577256077255,8.589285714285714,6.388453500522466,46.718363109474595,10.579004329004329,4.842844655344655,36.26414044892306,23.59159876071641,9.549782325517619,18.05169340463458,4.029411764705882,6.416666666666667,6.271395271395272,208.76783449393744,4.0907425907425905,8.878151260504202,0.41666666666666663,10.249982860276978,46.760582010582006,0.0,0.0,6.5825840825840825,1.1526806526806526,11.014073645652593,49.808190777231026,4.6688311688311686,2.0156926406926408,0.41666666666666663,0.0,6.753151260504201,11.333441558441558,7.626114081996435,4.33363810518983,5.118055555555555,3.8158670033670035,56.94326882268059,3.274322169059011,8.834054834054834,6.402997737556561,9.932983682983682,1.2142857142857142,5.246212121212121,2.051282051282051
7943.129279286667,888.2058560401831,442.012233651793,71.63184889872196,2414.6871814987894,1002.6281947535285,267.5920826764738,843.0303906653353,23.399534561299266,9.508838383838384,35.71861471861472,484.05412424153593,876.4287500177077,272.9715882214334,878.9806973124246,335.1734305226659,229.06783474486556,682.3928880136891,159.3366080270492,924.3009972063636,28.320798169283016,111.49289804956729,228.40587905911693,796.5758220605476,192.86276022738872,302.64369036941923,27.951440436928053,235.20259383325364,599.4341674823781,239.7803908167656,124.41351887491594,89.07760309122354,573.0193375254477,126.62256218106322,1496.1264452409189,22.359888273491215,408.9644174612892,1392.3339348812258,3772.1470846555776,3189.3424360831104,1233.3384435777882,601.6238369523779,419.7867700960429,700.3340323132893,428.1956266340381,2507.10457213822,755.7528477673666,988.8600182411328,298.99713408629174,933.2882105343369,38.79378794098621,1.916400850611377,1005.4772786122032,2046.048432397761,1891.1955229467303,2762.3093914059164,885.3514091364599,484.91168644349085,295.10062928629105,66.69803312156253,14.828823953823953,71.21222169261385,282.086401178371,9.689303751803752,30.465423349884755,18.522396403523853,14.175112469230116,25.58527855586679,79.03029173985055,98.46953875301398,8.345310245310246,45.93110266639678,71.91625041625042,12.834448095477507,9.592521367521368,37.88724816849817,17.82437946040887,440.69686356024073,351.9056808448546,48.717335904835906,20.183052513934868,31.42827161944809,25.16127112266818,42.15489996114996,24.50065883190883,132.14946661089868,14.944749127721263,73.2067474715114,9.664786967418546,46.14180835241029,5.666666666666667,26.340614949683577,0.625,59.43698583447387,255.26150786473988,33.62464063714064,52.17005278218513,41.7890684163904,3.2826797385620914,106.85274221965398,65.8001163138547,7.738239538239538,50.91426313585404,6.3352272727272725,40.001923026263796,65.08434815910306,47.486291486291485,4.613095238095238,40.372826778341484,13.59163059163059,28.76034504710975,16.226190476190474,20.820466375729534,23.72400898321951,66.45310740846455,13.239918061241589,6.665126394073762,8.0865175129881,4.330043859649123,18.488916176416176,21.749712814418697,100.25472922139589,15.070700813347871,9.164099789099788,126.1748031289698,0.3125,39.20411233646528,7.953703703703703,3.0,11.275129962629963,316.07876516185337,205.94437046704203,14.114088689088689,223.89565048706882,123.93893899310565,2.4444444444444446,20.140556604343367,6.384199134199133,0.5,276.3476105398061,8.890422077922077,57.029279407955876,5.11780685644322,0.6666666666666666,21.43165236179942,5.878933566433567,64.4116472271687,50.83136966041378,0.0,38.11686369186369,165.96302952066537,47.23298334219387,43.63339754787123,2.2976190476190474,22.881673881673883,46.29525784672843,96.27801396588161,22.31804006179006,10.307088744588745,17.752048642515174,62.557251040205585,50.929653679653676,6.5837267670601,7.329517704517704,19.09771428314209,41.71528825205296,13.534624318046777,14.039037759625995,11.726190476190476,3.75,127.05360587125293,7.5858585858585865,3.733341821577116,5.717592592592592,9.975606121890952,57.41526575276575,2.638888888888889,0.0,3.2250417710944026,2.7956618544853837,11.627802752802753,7.9860359547859545,2.4444444444444446,13.981495356495357,1.9444444444444444,1.8181818181818183,10.490279328514623,39.863612313612315,0.10101010101010102,2.289272030651341,0.5,5.337148962148962,71.74944826415415,1.9353402445507708,0.8181818181818181,0.0,9.760775172539878,0.0,12.266872016872016,2.236652236652237
3279.0479338065306,491.0460688113008,82.10664632986061,75.81738698614241,523.5481118192585,1165.5119140691402,230.27988677988677,738.4862884412398,263.7454656737578,8.279761904761903,63.939808802308804,296.36861535382366,603.8157891306442,93.51694041252864,434.7510053671818,120.07450637597697,363.57804001554,218.69367292371493,183.37931809475927,767.5470696834226,22.706709956709954,51.39641498852025,19.384338097406278,145.5121673039997,47.817258721670484,184.15961531269755,285.4841514694456,197.22939047608165,268.27125036977253,19.133893883893883,36.93551587301587,98.54656495465318,872.793099127315,3.774622064095748,386.0958305168739,191.52854099700636,160.59543683440742,712.3614730737125,1979.2162506370576,1281.5695922786765,826.4583020733852,166.57999930177348,482.11559517786696,493.52717298199195,172.22135515556567,1288.389706920465,408.7188519450774,515.8321794215396,273.9028886818299,915.0378059252262,34.62939790094962,9.448412698412698,1032.0352373890298,1415.532737316251,1273.3952597200794,1238.4555602241799,270.10214592830135,377.2546755570364,272.570698267652,20.17379710236853,9.836484593837534,98.70287963670316,43.78409090909091,5.623376623376624,24.493849878991867,3.9583333333333335,1.8666666666666665,254.0974103510868,5.445985659220953,29.014312892989363,18.976190476190474,113.9728785375844,25.922577422577422,12.26423902894491,180.5576854745088,44.35894660894661,7.46590909090909,540.5514234732287,63.72982069673246,52.2659632034632,5.781332229861642,57.01064213564213,26.476190476190474,43.56321456321456,58.65899378399378,370.6029070377448,68.77994227994228,16.741450216450215,69.36147186147186,10.956436284022491,129.53664391164392,42.13511404132257,16.569047619047616,6.541666666666666,210.2589581870044,21.40274064171123,26.80952380952381,44.611298423798424,10.461940836940837,44.916847041847035,84.7264418587948,4.753830728095434,46.546736596736594,7.275252525252525,11.939188684878339,120.35285666131254,9.49885531135531,16.616436925647452,183.98978382068688,2.466666666666667,7.343434343434343,1.0,4.8809523809523805,25.757936507936506,24.03503071003071,19.40705931495405,36.383998004796325,66.46702317290553,15.703078865578865,18.922619047619047,30.981143198906356,96.28914141414141,7.159090909090909,59.33236500341763,99.66293510411157,19.583333333333332,0.36363636363636365,10.928571428571429,2.8535353535353534,14.710402342755284,7.9323373994426625,10.64069264069264,34.14067678353393,8.997474747474747,148.62671920990886,5.166666666666666,0.430672268907563,23.75595238095238,2.145021645021645,496.2686716061716,21.238095238095237,11.205128205128204,0.8333333333333333,4.404761904761904,3.758591554644186,18.94381313131313,37.397643487907175,9.648412698412699,8.73469387755102,2.8937229437229437,162.66717705891134,21.605158730158728,12.050054112554113,6.430856180856181,0.0,21.833333333333332,22.6988936988937,4.688311688311688,1.1810411810411812,27.329477036373586,17.676767676767675,2.33008658008658,13.019592335768806,7.222222222222221,51.593584986442124,10.677272727272728,2.821428571428571,5.931803490627019,16.242257742257742,3.224206349206349,74.59866522366522,8.809523809523808,7.819444444444444,29.757936507936506,15.794467787114844,8.27106227106227,38.254862577214794,0.6072261072261071,5.4642857142857135,5.075757575757576,10.845238095238095,0.0,11.894596474953618,31.831168831168828,0.0,0.0,7.833333333333333,41.848124098124096,1.2873931623931625,7.374608272427745,7.571428571428571,14.087301587301587,119.49544413919413,8.75,0.7864357864357864,0.0,2.4166666666666665,2.5,16.549783549783548,4.583333333333333
729.1727132699172,69.58705357142857,13.220238095238095,2.013888888888889,137.903125,115.29166666666667,18.95138888888889,18.15,18.430555555555554,3.5,1.3611111111111112,4.583333333333333,40.763888888888886,5.769444444444444,112.65575396825396,18.67361111111111,2.5,14.197316207184628,5.783333333333333,73.61111111111111,16.470238095238095,2.638888888888889,1.6666666666666665,3.189708141321044,3.9583333333333335,10.016762335947394,10.543650793650793,7.509920634920634,15.260416666666666,7.202380952380952,1.9999999999999998,1.25,47.53842592592593,1.5,36.40873015873016,3.2946236559139783,5.095238095238095,101.40441176470588,249.9827380952381,278.9829991645781,68.01817042606515,6.619623655913978,11.229166666666666,32.013888888888886,6.25,86.09781746031746,36.30555555555556,10.083333333333332,45.81944444444444,149.94007936507936,2.75,1.25,249.79179459064326,151.77777777777777,115.95018493815182,70.29662698412699,13.333333333333332,30.30972222222222,13.494047619047619,0.41666666666666663,0.625,6.666666666666666,0.0,7.0,7.708333333333333,0.8333333333333333,0.2,3.9285714285714284,0.6666666666666666,0.0,2.5,1.307456140350877,2.75,1.0416666666666665,5.5,1.25,0.875,104.54411375661375,2.388888888888889,3.083333333333333,1.2321428571428572,0.857142857142857,0.0,7.149122807017544,2.5,27.0,7.5,2.5,0.0,0.41666666666666663,91.91369047619047,8.162593984962406,2.5,0.0,6.650375939849623,0.0,0.0,0.0,0.0,0.0,0.25,0.8333333333333333,12.52142857142857,0.8333333333333333,0.0,9.216666666666667,0.0,0.0,0.8333333333333333,1.425,0.5555555555555556,1.0,0.0,0.0,0.0,0.0,0.0,2.9166666666666665,0.4,1.6666666666666665,3.75,0.0,0.0,0.0,7.75,0.0,0.0,1.5833333333333333,0.0,0.0,1.0,0.0,0.6666666666666666,0.0,17.628174603174603,0.0,0.41666666666666663,0.0,3.571428571428571,18.90277777777778,0.0,0.41666666666666663,0.0,0.0,0.0,2.083333333333333,0.0,0.6166666666666667,0.0,1.8666666666666665,0.375,0.0,5.5,0.0,0.0,0.0,1.9166666666666665,0.0,0.0,0.0,0.0,0.0,0.41666666666666663,0.0,0.0,0.0,0.0,0.0,0.0,0.0,9.12579365079365,0.0,2.083333333333333,1.25,0.0,0.0,10.069444444444445,1.6666666666666667,0.0,0.0,0.3333333333333333,0.3333333333333333,0.0,3.333333333333333,0.0,0.0,0.0,0.0,0.0,0.0,0.0,0.5555555555555556,4.741666666666666,0.0,0.0,0.0,3.25,0.41666666666666663,5.4978354978354975,3.333333333333333
4686.663707759065,275.78605983708843,69.64847883597884,40.623263888888886,28.550595238095237,246.34358465608463,94.91428704081918,579.7100018037518,255.01714566297898,113.69047619047619,0.3571428571428571,8.394841269841269,323.5832998020498,9.25,403.7782009476119,68.52657287796914,314.8262536075036,2.4285714285714284,10.25,418.71829308663763,102.06509289321788,2.6905270655270654,147.52623244810744,783.2258910411483,13.75,2.458333333333333,17.825396825396822,3.928571428571428,11.845238095238093,1.0,8.886574074074074,6.25,13.426282051282051,0.5555555555555556,550.0211640211639,322.301855359147,166.68030753968253,315.62064343835175,2049.0595614622434,795.266990823829,288.03056272204554,184.55557039411204,268.0605816245413,132.68205868205868,62.922619047619044,988.7091781131478,522.0855488458546,10.74206349206349,137.00721789784288,640.123667998668,9.333333333333334,17.458333333333332,324.0801310551108,1462.7915821313495,639.3322569988128,2646.144402335774,99.41121031746032,412.6290920771795,51.569905403238735,3.630952380952381,106.58951368847201,6.25,3.9285714285714284,3.9772727272727275,1.8333333333333333,1.1458333333333333,14.996924371924372,276.27407257094757,78.81349206349206,0.8333333333333333,1.5892857142857142,0.0,2.833333333333333,0.0,48.11086833237568,108.76118326118325,6.041666666666666,8.797619047619047,135.78640109890108,0.0,2.083333333333333,3.2142857142857144,0.7142857142857142,16.180555555555554,3.380952380952381,5.625,5.0,411.77952070170204,28.749007936507933,5.833333333333333,0.0,0.7142857142857142,1.6666666666666667,2.4999999999999996,0.6249999999999999,30.43740981240981,3.268849206349206,1.0,103.67427248677248,1.6666666666666665,0.0,24.67526455026455,28.08928571428571,94.49968434343434,3.2916666666666665,0.6249999999999999,3.0104166666666665,180.95180976430976,0.0,1.5784832451499118,0.0,165.48277243589743,16.791666666666664,0.0,55.985119047619044,0.0,1.09375,0.0,0.0,0.0,0.0,0.0,7.152777777777778,0.7142857142857142,0.0,4.833333333333333,2.2916666666666665,1.2499999999999998,144.32527195027194,0.0,0.3571428571428571,0.0,0.8333333333333333,29.93716931216931,0.0,48.48115079365079,87.7909226190476,26.811974789915965,106.20391414141413,7.390873015873015,0.0,6.093749999999999,3.699144219977553,6.041666666666666,0.0,0.0,1.0,0.0,60.70295329670329,24.942460317460316,37.9781746031746,0.0,0.0,0.0,210.11656746031744,0.0,0.0,0.7142857142857142,8.75,0.0,764.624200645034,6.253472222222222,0.0,20.61111111111111,0.0,0.0,8.75,0.0,0.0,74.55128205128204,0.0,48.69358265191598,0.0,1.09375,0.5555555555555556,20.178571428571427,0.7291666666666666,0.0,0.0,0.0,0.0,5.623015873015873,0.0,0.0,22.916666666666664,0.0,0.0,0.0,29.292989417989418,0.0,5.875,12.809183100849767,0.0,125.37907944678777,126.7768412143412,1.611111111111111,0.0,6.726190476190475,12.878156565656566,28.02680826118326
4457.035486817111,642.7665699883192,52.035328070622185,70.28542013542014,143.93452264858198,1772.1454323182263,106.45413165266106,115.2082416562196,3.459038918597742,6.575757575757576,77.47923066498917,33.36607142857143,66.34809272455064,219.3907498160594,167.36526416122004,108.47455663961081,78.05711996336996,291.27590383472733,29.132092281356986,826.6632939406772,5.940978955684837,34.69113756613756,115.89860262286733,99.14034780578898,6.215691236008573,316.2614888782992,397.9588235838236,177.20831232943303,242.11876031760667,143.8252431993531,17.647734788359788,147.98516200575023,141.23714114832535,64.585296239708,494.0037723170076,21.64047987616099,46.63501266453852,787.8478106452371,876.1027513650612,1969.4016018839548,293.8154268457577,125.3856333813195,840.2771713580537,331.4081828438446,21.882469654528478,1900.4824941379707,119.95575432193078,97.7064513305322,89.7238974261033,643.1651133316574,2.268518518518518,13.738095238095237,841.9172020505758,776.6424303139956,304.41932155535096,1266.4508129573119,153.0510121956306,813.5044852952434,354.2297767047767,23.220238095238095,12.48015873015873,17.67526455026455,4.166666666666666,1.6098227752639518,7.081374344609638,10.484126984126984,1.1022727272727273,51.166666666666664,18.868168378462496,54.3962031024531,0.3645833333333333,23.98659951159951,43.54978354978355,46.47123015873016,1.0416666666666665,12.805555555555555,1.0,232.8825095043845,52.17314425770308,19.725859788359788,5.1495098039215685,22.847069597069595,22.009920634920633,15.316176470588236,11.180059523809524,150.94791666666666,11.716720779220779,57.597346716464365,5.833333333333333,13.648809523809524,6.875,9.616013071895424,8.213872470838416,19.858630952380953,21.547619047619047,81.72222222222221,4.583333333333333,9.80952380952381,0.0,14.578853336206278,18.66023535851122,0.0,1.2647058823529411,25.175986227824463,42.2390289449113,94.86348622782447,25.373015873015873,0.24305555555555558,3.2596153846153846,10.489583333333334,9.78165053900348,0.4479638009049774,4.357142857142857,5.153846153846153,0.29411764705882354,2.561688311688312,4.996031746031746,2.5735930735930737,22.546719362508835,7.271464646464647,6.771464646464646,19.182264957264955,0.5024509803921569,8.14520202020202,177.677398989899,0.3645833333333333,6.720588235294118,0.3125,5.0,2.710164835164835,5.049019607843137,19.448691014867485,0.6428571428571428,4.5588235294117645,18.188984728506785,1.875,1.25,5.125350140056022,0.0,462.0286511826953,40.36524096818214,3.365384615384615,3.3627450980392153,0.0,8.077380952380953,34.743416305916305,11.454136125885352,6.123263888888888,0.6666666666666666,0.9191176470588235,42.833694083694084,9.875,8.56547619047619,22.997700216450216,20.178571428571427,25.773809523809522,158.05854766148883,0.0,0.16806722689075632,20.64726537829986,0.0,0.45036764705882354,3.5555555555555554,0.7930672268907563,52.69444444444444,95.86786457007045,0.0,20.911706349206348,2.5416666666666665,0.41666666666666663,512.8960268897769,0.0,43.08779761904761,0.41666666666666663,7.089285714285714,363.79903846153843,5.992063492063492,0.11363636363636365,6.111111111111111,2.6587301587301586,9.29524886877828,0.7056701468466174,8.227513227513228,0.0,1.8749999999999998,0.7142857142857142,8.805555555555555,1.3333333333333333,1.7571195144724556,17.244543742261794,0.0,1.815317035905271,10.466117216117215,0.0,0.0,0.24064171122994651,5.520833333333333,0.8333333333333333,6.296296296296296,0.0
684.3863936988937,50.602777777777774,16.654761904761905,3.9999999999999996,43.81502525252525,349.11381673881675,8.541666666666666,61.21568627450981,39.9633658008658,5.0,4.0476190476190474,7.5,106.07575757575758,6.25,37.86616161616161,4.583333333333333,81.21125116713351,96.62520812520812,4.034090909090909,15.954545454545455,4.791666666666667,12.25,6.666666666666666,30.75,7.083333333333333,13.75,53.68696581196581,9.75,7.121212121212121,21.875,0.29411764705882354,1.2708333333333333,7.816498316498317,0.3125,43.966071428571425,0.4,1.25,144.19997086247085,260.12536075036076,339.3225385725386,111.66666666666666,7.2689393939393945,23.40909090909091,34.345238095238095,14.594696969696969,247.04686606966018,91.51984126984127,48.45670995670996,4.924242424242424,214.62662337662337,0.9090909090909092,1.0,98.38636363636364,209.71547619047618,139.072601010101,37.497571872571875,44.83578431372549,81.0734126984127,2.272727272727273,1.5833333333333333,1.6666666666666665,4.333333333333333,4.0,1.5151515151515151,0.0,0.0,1.25,0.0,0.0,12.121212121212121,10.555555555555555,8.0,1.7333333333333334,2.5,0.0,0.0,0.6666666666666666,167.04761904761904,0.0,1.6666666666666665,0.0,2.007575757575758,1.4583333333333333,5.0,0.0,2.6136363636363638,1.25,0.30303030303030304,0.7142857142857142,0.0,671.3617216117216,0.0,0.0,4.791666666666666,1.25,0.0,1.0,14.5,2.5,0.0,1.6666666666666665,10.833333333333332,4.166666666666666,1.25,2.2222222222222223,0.0,0.0,2.0,0.0,0.0,0.30303030303030304,0.0,0.0,5.666666666666666,0.0,1.25,0.0,0.0,1.9607843137254901,0.7333333333333334,0.4,0.0,0.0,0.0,28.75,1.6666666666666665,0.0,0.0,0.0,0.0,0.0,0.0,0.0,0.0,13.433333333333334,11.25,0.0,0.0,1.0,5.416666666666667,1.25,0.0,1.25,0.0,0.0,6.666666666666666,0.0,0.0,0.0,0.0,0.0,0.0,0.0,0.0,0.0,2.5,0.0,0.0,10.0,0.0,0.0,0.0,0.0,0.3125,1.9333333333333333,0.0,0.0,0.0,7.5,0.0,0.8333333333333333,0.0,0.0,0.0,0.0,0.0,13.61111111111111,0.0,0.0,0.0,0.0,0.0,0.0,0.0,1.6666666666666665,0.0,0.0,0.0,0.0,0.0,0.0,0.0,0.0,0.0,5.0,0.0,0.0,0.0,0.0,0.0
2994.2296796408928,410.63887864586394,31.768912693282438,17.769607843137255,416.20471472971474,642.729939042439,91.73940712065712,279.5886890886891,92.43052503052503,14.64285714285714,18.25,95.5273199023199,249.03296254399194,124.59181096681097,251.21672077922076,180.67787074037074,77.66917044595615,297.39667277167274,127.03459734709735,363.07536797997324,138.00124875124874,62.56410256410256,60.95980755355755,101.80868926047496,15.812678062678062,113.79261016761016,136.97089947089947,126.68763354700855,177.55934343434342,74.0698051948052,30.34745115995116,17.9072076732791,597.7322329291079,0.4545454545454546,527.4127696377697,112.35699665831244,85.78518934768934,463.469274013024,1360.555637071262,1342.9949712811554,364.2989586393998,139.7840617307529,557.047912628021,228.1705586080586,106.46174832112332,713.257985995486,340.51229326229327,338.0832119269619,100.57531074733087,407.33414918414917,5.538461538461538,0.8333333333333333,486.3063941593077,743.7880723443224,849.9800627613128,1172.614337378308,109.06938848188848,176.069767221083,247.94024586524586,19.51984126984127,3.2916666666666665,35.666666666666664,57.81898656898657,0.0,29.543014855514855,8.206349206349206,6.032509157509158,51.84722222222222,2.7854090354090353,65.58112026862027,13.333333333333332,60.09334415584416,25.832720710661885,12.435897435897436,39.5,77.28846153846153,27.8234126984127,285.4919201169201,46.117742789617786,44.076388888888886,10.924603174603174,55.709706959706956,57.35965307840308,6.8125,20.89331733081733,489.7304518398268,58.9345238095238,30.375541125541126,35.19047619047619,18.147156084656082,100.21626984126983,18.587912087912088,3.6309523809523805,12.051816239316238,80.75864875864876,50.85468156714286,3.6706349206349205,77.25869963369964,5.752747252747253,40.067460317460316,41.351190476190474,2.6428571428571423,138.34645909645909,10.833333333333332,21.166666666666668,41.21646062271062,10.714285714285714,11.333333333333332,18.183035714285715,1.2980769230769231,0.625,2.104166666666667,1.2962962962962963,16.169871794871796,7.840844671201814,11.322222222222223,11.558333333333334,15.244047619047619,25.199404761904763,16.185497835497834,35.90631868131868,22.708333333333332,6.6494708994708995,56.88708513708514,65.89682539682539,7.8246336996337,14.555555555555555,0.0,0.0,38.34920634920635,10.593434343434344,57.33826011951012,12.44047619047619,33.76399468586968,65.55010683760683,51.66269841269841,7.220982142857142,4.261988011988011,0.0,196.86790848040846,29.028950216450216,9.476190476190476,0.625,18.214285714285715,1.1111111111111112,22.47519841269841,32.74537037037037,8.472222222222221,4.773809523809524,4.018518518518518,116.74959476797711,12.338047324192834,14.714285714285714,8.595238095238095,6.394699147601624,12.0,99.05555555555556,6.055555555555555,0.0,30.134920634920633,0.625,6.428571428571429,7.113095238095238,0.625,89.7095238095238,62.50522138680033,14.652777777777779,8.214285714285714,7.083333333333333,2.75,140.99323593073592,3.333333333333333,8.26388888888889,2.8472222222222223,2.886904761904762,4.552214452214452,8.583333333333332,5.8977272727272725,2.9166666666666665,8.583333333333332,0.7142857142857142,0.5555555555555556,13.093253968253968,0.8452380952380951,0.0,0.41666666666666663,3.6805555555555554,1.6666666666666665,0.0,2.0416666666666665,2.8571428571428568,0.0,33.219640313390315,5.0,2.5,0.0,21.76282051282051,1.0,3.3269230769230766,0.0
5457.0990051603385,420.1361210321907,39.5208912241802,27.214146658477247,910.3809150076012,1405.538909506933,106.0178962986045,927.7574532200624,234.32406635356668,14.951388888888888,6.2522175536881415,373.983581465036,646.5385059772692,65.82018194975818,400.62591855761536,97.80639436099962,156.2620751716811,265.64190853180514,359.88001830297,622.6690746126671,26.233940596440597,15.605169592834066,40.64447285170969,209.94114259881732,86.73607111842405,233.99007293968094,217.9421881180395,87.92340445860182,197.93104658673266,50.45077145077145,56.10193776131276,107.22273029776531,1200.3081066532036,7.4669289044289044,729.0921142672912,121.60405741080551,159.2675240351324,906.9412714042271,2440.5310462117395,2501.7261446746766,751.9932588011161,207.86660829410957,592.4798452590028,598.2746908868012,258.04750140210666,1860.781849138802,411.84835830781157,527.2352628680678,168.885016033758,954.3412698467928,16.27573001710933,8.910133199703633,853.1894899807548,1922.5174151800175,1942.5191313332878,2205.7865867904006,336.75286893225166,502.4959685452719,366.10301792628474,17.56805694305694,8.980823098470157,41.96820622188269,116.43686286623593,4.202897979213769,13.378523057402367,25.66559829059829,4.833793820558526,165.34399754657107,11.519967233202527,41.063464410116886,35.3897872960373,69.55537333144724,21.369465501818443,9.691197691197692,22.18876991586108,72.30772005772006,15.457642031171442,902.4870095491439,42.67705683978904,41.3318598068598,25.915787779758368,42.45746614496614,9.317193917193917,17.664450133200134,33.65898684648685,598.0621400887268,81.39688151975304,26.957921464500412,80.14411027568921,10.561237373737374,37.88374982860277,38.31429313740791,18.375270562770563,24.004870129870127,220.57799224073548,54.57900432900433,13.265522875816993,83.8040103171682,4.934102934102934,17.582899739149738,98.05142411481421,19.391108891108892,90.46884084053201,36.67062465790914,8.329816017316018,136.09909215240097,23.751236263736264,14.583577131932396,72.80549030905856,10.383333333333333,18.522727272727273,10.002632783882783,8.619058694716589,24.607152887532145,9.851776199990486,5.199176919571656,22.95146477803488,46.95917127534774,9.510311035427135,23.564761219172983,58.05229757772327,7.111706349206349,0.7364907819453275,44.89399883885178,53.444714871185454,28.499328898225958,43.90644540644541,5.132539682539682,3.989583333333333,31.69047619047619,14.770833333333332,43.14899961149961,6.655416012558869,19.233991228070174,257.3383741458095,52.03373015873016,9.749909812409813,15.464819902319901,8.833333333333332,1453.7238909646996,16.267195767195766,7.847335997335997,0.0,25.599972943722943,9.568805552957608,19.26461038961039,51.74321819960419,24.973213875770693,1.3426870748299318,13.43633658008658,240.92775527255844,28.991038201564518,3.2360588972431077,1.8769841269841268,5.73968253968254,3.7777777777777777,94.03691216191216,8.200126262626263,24.894966144966144,16.546560005650914,35.46461755836756,12.355474386724387,9.774752208575737,2.1527777777777777,54.90971324427207,18.30183358308358,27.85000742721331,2.5196886446886446,7.929137039431157,6.273899711399711,181.67182562807562,4.378080253080253,8.94047619047619,24.950396825396826,5.683096315449256,72.97188335291783,11.269939010086793,16.346764346764346,16.876776001776,8.525641025641026,19.24610805860806,2.2558968808968807,10.990504535147391,8.595238095238095,0.0,6.25,1.375,11.034920634920635,4.031593406593407,14.819000226353166,3.7286998132586366,1.0788690476190474,282.36349326055205,8.44486215538847,2.2916666666666665,0.6107954545454546,18.419143356643357,0.0,12.0,1.6666666666666665
6361.614549297587,694.9134218877734,312.75911558344876,168.02769527534565,798.6312112404911,1029.6135650905244,274.5396044237956,520.4667716542716,74.92476670155241,85.75405844155844,130.08415619038684,188.13934676434675,241.84951008442388,466.0443585167269,730.4487536933965,502.00237680419565,213.30836987086985,1456.1708579765645,243.05812711642542,624.6714732355825,117.29530423280423,62.26350508151979,162.19106968739322,514.906418118918,86.49773716279134,891.8157606682242,160.14127886002885,867.8643122645072,1021.9399225295776,477.60542138173713,76.67301124801125,169.662006362374,649.2973450815995,82.4778601028601,1137.905150965633,73.50117012617012,159.42026544781763,1357.77546989422,1632.5969396390938,1991.6549907849287,985.8192830382084,305.51796416302994,889.670800356889,691.2077170149538,433.45774340790786,1821.5379964350764,580.4439578309715,297.2691602379102,306.9517876938736,699.8922414237055,43.92063492063492,3.333333333333333,1374.0549360014022,1862.131109699995,1564.1182668528245,3229.4914006990857,487.9389173923713,712.3095309218266,194.73972218549423,27.558441558441558,133.97631072631071,133.6524676590466,87.28061174936174,9.365371148459383,20.721521970747975,45.31185134310134,27.834720834720834,69.3076923076923,55.56550625300625,467.52245733350856,4.583333333333333,174.651251988752,67.12887806637806,79.80914224664224,5.852272727272727,146.0448140639317,74.57539682539682,213.38586604395428,209.7275981303555,157.03111398405514,28.240079365079364,32.5944264069264,119.12473568098568,14.665681132592898,27.919027269027268,206.02682213619713,33.698919136419136,204.27501942501942,22.38095238095238,122.61507936507935,137.4468954248366,35.45152505446623,27.610745614035086,63.09749369782264,50.97486772486772,88.16649159663865,131.82422450843504,48.0767427017427,2.8653846153846154,48.972643777790836,56.900807286583145,2.946428571428571,33.891955266955264,5.430555555555555,145.87121212121212,19.471254355400696,25.93078339788866,34.56051587301587,31.068885975135974,60.24911150357578,29.825306637806637,8.424679487179487,94.3693783068783,20.8507326007326,50.705710955710956,40.17925824175824,16.159326784326783,15.296717171717171,191.48288334472545,13.753968253968253,23.204850704850703,113.71560846560845,10.377314814814815,21.1494708994709,11.90548780487805,5.146520146520146,52.2727873977874,4.472222222222222,0.625,26.951739332096473,50.69011544011544,163.22523702719135,35.38938492063492,59.78120664058164,22.741656491656492,13.908730158730158,32.6297123015873,41.45871489621489,1.25,59.33167388167388,132.6823593073593,30.745833333333334,6.5,5.729166666666666,23.37536075036075,125.56556637806638,35.08188339438339,19.98357367107367,5.223063973063973,13.700727513227513,46.36211704961705,12.591269841269842,113.24687349687349,49.81860153735153,52.987573934002505,36.02777777777778,244.12894075378716,19.506493506493506,9.583333333333332,109.64502777672016,1.6715151515151514,41.74147727272727,9.25828664799253,7.791666666666666,20.95580808080808,143.23939486439485,68.8902417027417,5.873015873015873,16.083333333333332,12.703869047619047,81.62358359233359,4.542748917748917,14.278273809523808,1.8749999999999998,25.049603174603174,24.38341750841751,18.538359788359788,0.0,20.09722222222222,12.823863636363635,15.826118326118326,1.7142857142857142,15.714285714285714,16.74359668109668,7.708333333333333,5.015151515151516,6.304924242424242,17.648629148629148,4.855442176870747,18.029378188860946,0.25,21.22222222222222,11.98611111111111,3.777883880825057,3.333333333333333,1.0,9.940476190476192,0.0,51.15243764172335,1.3333333333333333
1453.8545119549021,82.73010738997456,53.42719757411818,6.666666666666666,348.19940476190476,247.23657245532246,75.12042124542124,114.07097055994114,40.979497354497354,35.96825396825397,32.54444370988489,20.975274725274723,284.63412937753105,100.76370851370851,112.32041202977734,96.09611222111222,39.2409188034188,117.30646509922825,210.05257936507937,288.09909534909536,6.64047619047619,12.311357623857623,110.31077576718333,98.74267181620122,3.6926937441643326,19.844611528822053,8.283730158730158,33.071555759055755,22.78030303030303,21.137049225284517,191.18404694720482,23.456349206349206,23.006615825694773,1.7392676767676767,88.75730845951433,82.62639906389906,65.83285391509075,241.17062078788084,389.6004840675893,424.4870245699801,106.19619756461861,185.53564480325315,74.06653662198016,133.5103576978577,267.86528335212546,421.5794389434095,140.22363029270923,8.879058441558442,32.08884609542504,20.079621344714223,5.378787878787879,1.25,296.17196959960114,638.5961249894797,465.85373202362365,435.501930599357,397.4388619278325,235.5538936471523,0.3125,9.45468509984639,1.2847222222222223,0.3666666666666667,32.339285714285715,7.994949494949495,1.0,13.31016206016206,2.7857142857142856,13.831349206349206,13.317460317460316,5.466269841269841,7.218487394957983,1.118421052631579,0.0,3.6666666666666665,18.998015873015873,15.658008658008658,28.9745670995671,2.5,36.950119325119324,0.41666666666666663,20.44990079365079,5.270833333333333,1.8849206349206349,6.095693779904306,3.9791666666666665,0.20833333333333331,5.416666666666667,6.387591575091575,6.333333333333333,23.912878787878785,4.166666666666667,6.993264411027569,5.5,1.5297619047619047,7.389724310776942,4.656938044034818,6.113053613053613,0.0,44.93927702199761,45.066990392648286,1.5277777777777777,41.197325700615174,118.20012626262626,3.333333333333333,0.0,13.148809523809524,1.1038011695906431,1.5359477124183007,2.581018518518518,0.8333333333333333,0.875,11.012987012987013,2.2222222222222223,0.4586834733893557,2.583333333333333,0.8333333333333333,0.41666666666666663,2.0416666666666665,4.761904761904762,2.5,2.5,25.498376623376622,39.24076617826618,5.375,17.863095238095237,106.52281746031746,12.588383838383837,3.958333333333333,12.914317042606516,2.9166666666666665,4.333333333333333,1.1666666666666665,3.9880952380952377,16.379044566544565,2.2222222222222223,1.125,4.305555555555555,8.336843711843713,0.625,0.0,0.0,0.0,4.984593837535014,45.16409632034632,0.625,4.513888888888888,0.0,31.974927849927848,5.458333333333333,0.5555555555555556,2.685185185185185,0.0,5.781144781144781,0.8333333333333333,9.005050505050505,0.5,0.0,21.51388888888889,9.342369776193305,0.0,4.166666666666666,4.595238095238095,3.333333333333333,4.25,1.6666666666666665,0.0,4.909722222222222,6.369047619047619,2.615949596212754,0.7142857142857142,0.0,4.4907407407407405,0.7738095238095237,5.833333333333333,0.0,0.0,0.0,201.98162948162948,0.0,0.2777777777777778,1.3888888888888888,0.0,0.1388888888888889,2.9404761904761907,13.854166666666666,10.595238095238095,0.0,0.3125,91.35588023088023,1.6666666666666665,15.351190476190474,17.83603896103896,0.0,11.924603174603174,0.40584415584415584,3.8888888888888893,0.0,3.75,0.0,17.9890873015873
4822.25807257242,606.6327899830019,3038.730424519405,57.478204665704666,189.67279029969578,799.3329586975059,177.10253542615897,373.4573247133364,105.99517843267843,59.804094684125644,120.11417402042402,134.25169287022834,245.85112517207767,292.5086590288796,602.4941744869024,283.3046567373613,165.0566338617809,786.2183260754628,264.9655363985859,223.37804417804418,25.186743208482337,96.88085676136305,60.450289294039294,382.6785533423691,30.083741809043996,177.36381118881118,16.38888888888889,226.72015183890184,258.20821077071076,430.1165968426998,181.99817497317497,47.47286255411255,91.07807360123536,155.15046579405848,851.8697497620485,107.53484851004974,275.42304931910195,782.7269886302781,1063.9556838713563,1224.4079464518395,579.5953376749993,269.0690884067916,496.5654086518057,270.68645842589257,501.4524211234815,1085.2992122718383,302.019924125582,57.54765651015651,148.334943991194,327.73716317093636,5.395833333333333,14.234848484848484,653.4783806013102,2336.914176387702,469.5560535380836,2314.6608139536543,753.5201626937454,224.13706987456987,67.61489552114553,25.111326581914817,54.3444264069264,63.22812151616499,46.92155760905761,12.581491425241426,3.1474830316742084,7.856249999999999,22.268939393939394,10.576971274339694,32.135912698412696,153.41215875702346,4.459821428571428,23.72387566137566,19.751225490196077,64.93087158553965,63.8280784030784,40.275183150183146,15.578546317516906,10.801587301587302,121.98384832759832,70.3226461038961,152.71450091303032,2.870879120879121,27.768328893328892,8.01722582972583,7.701359710550887,6.002164502164502,9.422381711855396,19.717185592185594,13.353968253968253,87.09737221842485,14.285714285714285,2.013888888888889,3.6372549019607843,21.09969649915302,11.241697994987469,230.11922288238077,42.924384900874834,47.372835497835496,14.3756105006105,83.40455753826497,2.7291666666666665,45.41154357374365,17.129661426536426,2.2010073260073257,40.08836886797413,18.5,20.956136592166004,12.2114898989899,5.578373015873016,3.8354978354978355,20.804671023421022,32.8897487316605,28.54365079365079,4.273809523809524,61.87504133293607,5.858225108225108,12.0764652014652,20.84480796980797,10.444742063492063,1.7648809523809523,1.65625,4.237103174603175,2.9269307081807083,0.0,7.721861471861471,0.0,24.985177208810942,2.083333333333333,8.017857142857142,12.805194805194805,40.61954018204018,97.76422845672845,16.414772727272727,44.61799719887955,3.914285714285714,3.699404761904762,17.781926406926406,34.886273448773444,13.996121933621932,1.1111111111111112,71.3015873015873,3.97281746031746,7.404722222222222,2.9292929292929295,16.61164623578811,132.38129684325335,14.790130621012974,16.593785600364548,8.093434343434344,1.8402777777777777,1.5,6.82010582010582,9.429824561403509,1.8035714285714284,54.088109806859805,14.07335026085026,71.26437923654309,16.765873015873016,47.29223207348207,52.98330580238475,26.460046897546896,20.641882015043777,3.6996658312447783,29.248917748917748,7.558429118773946,30.691829004329,9.579899267399268,0.2272727272727273,1.9861111111111112,1.5218253968253967,13.161538461538461,25.744107744107744,0.0,1.3392857142857142,2.616628469569646,5.0,0.0,1.5625,3.3854617604617605,9.136904761904761,2.625,20.585567591449944,0.4444444444444444,30.887396508720038,19.94047619047619,3.982614607614608,1.605006105006105,1.9543650793650793,1.6666666666666665,2.529532967032967,32.91216748937337,16.60185185185185,1.1111111111111112,25.755521062757904,1.3636363636363638,5.733901515151515,0.0,2.986321548821549,0.0,41.7983867983868
6653.494695704433,334.19010253474244,83.90746421478775,22.404869031610517,2499.2973393891143,1165.0541981500985,258.6821322215414,755.5188854289275,140.5600489422858,16.343915343915345,2.5045454545454544,279.60327524045096,290.7699459775118,345.81650765564274,464.4712202639799,130.42790175866566,176.9947157249328,462.09309105933573,265.95567926225823,1386.1399905283233,34.493426600055386,35.716602458214304,120.0965675431092,354.50228818391133,16.445743145743148,223.77442133030368,72.40908755846836,134.9619607416434,325.72917298831277,108.16368802106325,97.29231566363919,75.6637491256539,750.3632355050146,30.52363273551354,726.4343465071793,56.94311868686869,289.4321638887428,873.328797493647,2987.013254082629,2632.3777417741753,1227.0470677314258,381.571096399451,534.7992650391507,479.40159834232685,183.7686245629885,2402.657374518014,453.3325895915638,1131.8516944668584,400.10120555494655,1290.1262201767322,35.706941167070475,1.8104757085020242,1242.8788185911915,1806.4792616503119,2029.433203699691,3376.7258428731075,905.8214573532632,594.0024260104315,517.7963592099621,4.443445905945906,10.3125,36.844837261503926,301.4181599460624,7.284913186228976,36.433538706053916,18.48183277778866,12.514570517202097,75.24636243386243,1.2479416008827773,41.69695789103684,21.11540959040959,75.89042148726746,28.228896103896105,33.826983065953655,31.96327948367422,80.71536796536796,3.898268398268398,845.6056812476929,154.67339242141873,24.842068871674133,7.186656480774128,21.566437375260904,12.730519480519481,71.14962444962445,14.729821104821104,377.438818014606,39.56778275903663,11.48556627339522,22.937400318979268,42.836002338444864,12.628787878787879,33.029998654473445,0.0,22.408630510903237,185.67589202085404,45.518272005772005,6.272276334776334,45.07670983986773,5.568031505531506,39.59941488250312,40.78527006619112,21.842929292929295,46.86198980015825,43.41535894660895,15.152734238941136,96.67876783710118,19.112698412698414,4.673572954822955,52.97138267072716,18.543560606060606,20.917957042957042,30.218299062049063,3.706360282018177,47.47809142611774,27.03546949082663,10.265921748816485,5.500923710792132,25.83382140735082,5.61447653223969,15.406746031746032,29.714484480660953,25.760736794070127,11.775993317437168,21.99890156140156,188.96077710463675,13.25,94.84203065453066,4.875686813186813,6.410984848484849,9.895425176675175,60.02470875071494,58.95925383621462,11.251587301587302,57.64429154866461,218.47467585208813,34.83297258297258,36.71621607559108,4.421176046176046,24.245670995670995,601.5352594854788,15.44047619047619,26.10803536060889,0.9085743801652892,8.561237373737374,5.31160851588399,23.687950937950937,110.2268820130282,22.63234618916437,2.6858766233766236,29.91679501054501,232.22519926851012,33.142998278524594,16.078454927139138,4.151515151515151,6.843470418470418,9.720238095238095,144.6955868205868,22.51388195138195,2.594426406926407,23.311854495447527,78.43651130014766,39.421672077922075,5.037914862914863,2.960109335109335,81.75181110976565,28.51470057720058,12.455847628307522,1.8332390648567118,5.6520562770562774,4.077290764790765,126.41836358086358,9.79510767010767,10.642475171886936,0.18518518518518517,8.386574074074074,112.04801356051355,0.0,1.3005050505050506,4.896643682827893,1.3585858585858586,12.048229548229548,5.965973840973841,5.965909090909092,3.9148929773929773,0.1388888888888889,0.625,10.194964349376114,25.266955266955268,0.6590909090909092,14.226964223515948,1.5555555555555556,4.268356643356643,196.7220715558951,2.272513670539986,11.549963924963926,4.858915755297334,6.675039013274308,5.625,21.3219696969697,1.7676767676767677
6425.900078796381,685.3122352229497,36.150672448466565,39.07110801033951,1186.626378648566,2031.276027549614,236.3752233877234,507.524521623013,36.29596861471861,1.3125,27.256944444444443,137.80111142334707,429.6289878143013,88.03601953601954,887.1885032400097,151.30257285639019,25.431768423147734,362.9397255522255,109.99949841824842,525.8107073482073,5.833333333333333,26.678571428571427,40.20831945831946,50.447240540566014,18.62121212121212,88.62571733821734,32.48888888888889,266.33644064269066,242.3680443000486,75.09119352869352,34.302274114774114,29.161034798534796,697.0533080621495,7.145833333333333,244.2591931216931,23.752753986209868,149.68233155733157,706.4505181637535,3550.118830663856,2343.7706825556033,1012.0496972798443,308.0474362239068,792.4563269345597,264.83801337551336,261.896341811783,1211.7075252156435,1278.7262216949716,815.9722391536297,360.5960997335997,1536.2830753388055,29.812304075235108,1.75,1139.9727737540238,1652.2300384256266,1218.3606192010604,1356.6895235762165,292.2310820867862,438.9507459044432,981.2584253981313,24.859076109076106,8.630952380952381,0.0,3.0661435786435787,12.882575757575758,10.919540229885058,6.201479076479076,0.0,29.091666666666665,25.529761904761905,53.55366161616161,5.833333333333333,66.36805555555556,43.48412698412698,29.9031279178338,19.493055555555554,11.35,14.375,641.5097395251806,109.98728090039066,58.71778499278499,11.193452380952381,37.778589466089464,22.31060606060606,13.5,20.62418831168831,439.34564763048536,14.056547619047619,106.3967352092352,5.333333333333333,13.405390107976315,179.56331699346404,11.9375,6.383333333333333,60.625,61.936725427350424,13.638653549862509,25.0,53.60019841269841,2.2291666666666665,7.754082722832723,17.0390873015873,4.511904761904762,48.833333333333336,5.711494252873563,11.422413793103448,62.13113553113553,66.5625,1.7126984126984128,34.550595238095234,0.0,87.76262626262626,0.0,0.6875,31.32377258158508,2.954545454545454,36.979166666666664,6.666666666666666,12.902777777777777,39.25595238095238,3.4166666666666665,10.152135854341736,4.645833333333333,0.8333333333333334,9.5,25.12121212121212,1.6666666666666665,0.4545454545454546,17.6125,1.25,6.25,1.0,34.395833333333336,4.833333333333333,12.787878787878787,70.52873422873422,0.0,2.8125,0.3125,0.0,175.36800012318304,16.1984126984127,21.416666666666664,0.0,0.125,9.25,14.047619047619047,24.60023104290346,0.9620046620046621,2.0,0.0,40.43670178799489,19.041666666666668,38.93650793650794,0.22089947089947087,5.4772727272727275,10.119047619047619,28.948593073593074,0.0,0.0,99.40294662234317,2.5,0.0,10.13888888888889,0.0,10.270833333333332,7.247916666666667,0.0,6.583333333333333,10.0,0.0,22.65397727272727,0.0,1.6666666666666665,7.75,4.166666666666667,0.3448275862068966,26.819444444444443,3.3333333333333335,3.7499999999999996,2.5,6.035984848484849,1.2992424242424243,4.7023809523809526,10.625,0.0,0.0,1.7142857142857144,4.522619047619047,0.0,3.793103448275862,0.0,0.0,10.951893939393939,0.0,0.0,0.0,6.357142857142857,0.0,1.7023809523809523,0.0
41976.47364630531,3646.137502832484,9458.110573725571,262.42288014830723,2089.6646940295186,3295.6294013414067,513.2558271407241,1561.557300910065,1294.654234538046,479.1864156272303,978.7011056428415,367.5416908908654,1588.3903442975854,940.5951330096239,2603.420194711143,1126.7583179381397,2026.6015013834956,912.4446230814967,986.8276186962332,2834.777323235103,272.5787996155542,472.9161791805334,363.87400749497004,2682.151008952413,149.86954409208758,647.4418712023378,366.1649369149369,349.24200693921085,244.56683223226926,393.71208203561145,1061.6920894278867,344.8856053007839,229.88419103328158,124.9313606975731,1331.8887505389312,1158.855586619505,1544.0856969788267,4388.619494629089,10277.098371525528,7256.987674976696,2976.069379697967,1532.4368267298398,1529.5071195448274,1838.6720730195175,1898.3074112021263,8468.844572126114,1284.4015493566765,294.04129814006944,730.8046017955678,2645.501606778883,109.60521423021423,57.55361305361305,3338.8345000401423,10918.169704858547,3640.310967789361,9037.119160371021,14487.918304489764,3913.6011247627393,149.4318942190966,225.02517653173362,322.67232636570213,172.71881812942738,340.4239631540073,57.69160746589152,15.669584500466852,64.30965276195539,216.52554968179967,221.85564215559208,185.2207561644868,161.69303950682226,250.20407349688247,127.29012069801543,107.21905531832002,144.66284000797785,500.3116832697889,236.07653005207354,295.7862341906459,263.92913875769915,387.65830693037077,165.2944314869718,466.54420601661565,17.783276908276907,137.65327413067183,47.2788680617628,27.211073179271708,41.78769841269841,20.38443500943501,257.00118254471323,469.2960310215975,176.41709314077735,229.34857028935974,14.633192830561251,14.010360962566844,54.36494462392127,25.365522196231783,536.8305575394055,121.89321111309542,54.24163208867156,209.3672192579252,387.4048783066778,23.01007070414965,4119.961107648644,1060.5831269238693,230.31392401458191,45.012716450216445,43.100940725940724,42.470840380379855,353.432775421746,36.29282407407407,125.0544704705244,43.14859110607061,166.05335116272616,122.5006666944167,10.380332341269842,72.78806517556518,26.965015759094705,17.21371336996337,28.80568043068043,75.10319632852527,11.085858585858587,20.898674242424242,100.79406704406703,131.62633547008548,10.041666666666666,203.97177359677357,90.9619893994894,191.22194613827068,30.31043956043956,163.22570302504514,149.76165913075408,142.0625100744666,197.15467494243228,51.21041295306001,235.2602494472983,44.391865079365076,97.14880952380952,148.88091252429487,231.59228965478965,77.09929653679653,22.922313797313798,71.06691919191918,15.366582491582491,115.84234244695028,149.5028305028305,33.658246845746845,354.6734445601679,11.042408054908055,117.60217304625199,107.05510114885115,40.165133477633475,19.153108465608465,20.566378066378064,46.680345117845114,18.820697577276523,247.1399879223396,90.73349077393195,151.08779622960296,118.3823667073667,2363.611465937525,63.95167539575434,409.3719492273783,104.84671421987598,23.522833375774553,228.03834217253333,13.274338209683037,50.13481657231657,30.316301753801753,12.058802308802308,15.01709133945976,27.99088009943273,19.93073593073593,286.6278162421428,3.382936507936508,56.01140873015873,4.491161616161616,181.07785095812588,104.60930261259209,224.17058885558885,4.967993811743812,17.373505880084828,16.259920634920633,132.20432239400893,8.359753550543024,26.31071012321012,113.63772359565681,95.87385762385762,1.9372294372294372,9.38888888888889,286.08395808400616,23.183688860159446,1456.8472240860951,66.17952549447648,13.9505772005772,274.9398715219497,60.68517286377193,101.129293586184,6.408730158730158,17.13012566137566,12.393543956043956,701.2384310494863
1232.1090096151572,357.20486972318866,517.0979884508662,69.26190476190476,147.52159645909646,310.30239520071865,124.93057807402069,153.35676880041635,92.39844877344878,98.27089169000934,87.42099567099567,91.82160894660895,156.99945887445887,194.06715208077205,291.1365364465633,251.3607370543846,61.86526724641478,449.9729437229437,142.09208846708847,136.99848702542667,11.185897435897434,45.23616661116661,61.079365079365076,553.310266122766,38.12103174603175,344.88620407370405,74.58333333333333,284.40841364250235,325.28861416361417,160.71466727716728,33.797619047619044,96.99484600099353,424.7872495151907,47.44444444444444,446.8125421936897,45.08147130647131,116.92071063515029,739.3962090665913,309.71753429319216,802.831473202857,427.60123951718776,92.56434477878443,233.8287759599235,364.15422708925394,184.16522366522366,799.9035922799171,198.17973692973692,48.39489676989677,235.55968277412242,241.57480482480483,36.404761904761905,0.5555555555555556,588.3906652171358,586.0423784113644,447.7009127805887,793.460122587251,201.39454744601804,321.5286050470477,63.41378066378066,53.88064713064713,66.79563492063491,18.49621212121212,102.0340909090909,5.333333333333333,5.40079365079365,20.96416083916084,23.805555555555554,15.416666666666666,80.08531746031746,48.34188034188034,1.25,55.10335497835498,68.05357142857143,15.759667927700713,19.678571428571427,20.50595238095238,56.51968864468864,18.699494949494948,44.9781746031746,47.84722222222222,24.62121212121212,9.854166666666666,47.13690476190476,7.765567765567765,18.384157509157507,18.5,15.10562558356676,31.14044289044289,16.25,53.57885284114792,8.75,11.194139194139193,1.25,18.35900210900211,8.964285714285714,32.357142857142854,19.336850649350648,39.82738095238095,17.083333333333332,61.61706349206349,12.647186147186147,6.26984126984127,0.0,4.166666666666666,39.57539682539682,26.482142857142858,19.937629399585923,20.0,27.107142857142854,4.089285714285714,2.7976190476190474,6.818181818181818,6.329365079365079,25.22222222222222,19.957688145188143,12.507936507936506,8.05952380952381,1.883116883116883,30.15710678210678,3.6666666666666665,0.0,28.595959595959595,14.444444444444443,5.5,16.25,5.0,118.98989898989899,9.422619047619047,1.0,10.113636363636363,18.67099567099567,99.87139249639249,5.194444444444445,33.53083028083028,0.4545454545454546,3.0555555555555554,0.8333333333333333,22.997474747474747,2.4545454545454546,74.78571428571428,98.08333333333333,3.7142857142857144,1.0,5.0,10.25,38.299832651567385,14.309523809523808,7.287878787878787,2.875,13.0,21.142857142857142,11.853174603174603,42.169372294372295,27.270833333333332,23.238636363636363,8.121212121212121,120.06654456654456,25.416666666666664,7.5,26.83928571428571,6.333333333333333,9.075396825396826,9.742063492063492,0.7142857142857142,1.1111111111111112,65.08047849236374,29.07832080200501,13.627164502164502,0.0,1.4545454545454546,17.166666666666664,5.454545454545455,0.41666666666666663,15.454545454545455,7.7559523809523805,11.666666666666666,14.101190476190474,5.0,9.011904761904761,1.0,0.0,2.754329004329004,1.0,15.337412587412588,15.002164502164502,11.398809523809524,4.6309523809523805,4.053571428571429,1.0,1.9444444444444444,62.12021072796935,0.0,1.6666666666666665,5.833333333333333,0.0,1.0,0.8333333333333333,0.0,16.09722222222222,3.125
4505.269305782222,170.33775021275022,135.20513798866708,8.44517982017982,200.24544205794206,290.22682294557296,15.940309690309691,68.77282892228544,41.67723248973249,233.24292659954426,88.50499452889159,30.651556776556774,44.055257504352525,75.49058117808117,171.2793864485798,33.48593073593074,598.2765253430854,29.265723927488633,31.200193325193325,562.7933567264063,40.612280285074405,36.486734741530135,61.558888698028966,225.00102593484945,10.92202380952381,39.196969696969695,3.2767857142857144,21.21590909090909,14.742063492063492,51.95976662226662,50.307359307359306,232.12282030438138,14.69223750106103,4.291514041514041,622.8089883689714,18.553696303696302,22.82852564102564,447.61472038310274,784.7158792868352,847.5090543304725,247.62797792656497,89.06770184959544,214.7264328264328,203.71324753677695,276.3666872343343,1620.6876856563213,136.34680893044865,234.49852026668808,60.82776737327469,225.3250276698245,3.958333333333333,1.6666666666666665,389.9790785904916,1088.2690750501565,712.8867228059179,643.396159932771,1744.9563584429734,193.44258277687166,13.82159020316915,10.404761904761905,12.572977675918851,17.424783549783548,17.672619047619047,11.849980063795853,0.25,6.527777777777778,19.16824148074148,5.902777777777778,5.333333333333333,4.1496836496836496,9.25915750915751,22.943181818181817,1.6865079365079363,3.455128205128205,38.24464645660298,117.543716006216,0.0,108.3603896103896,111.73298229548229,5.833333333333333,27.08121993746994,1.0833333333333333,11.582812647710346,16.753205128205128,0.6327838827838829,0.7142857142857142,0.3571428571428571,1.2142857142857142,81.00378787878788,4.916860916860917,1.25,0.641025641025641,2.2064393939393936,0.7339743589743589,0.0,1.9583333333333333,0.0,4.365079365079365,1.0555555555555556,12.628385503385504,0.0,146.59453701749825,27.845208032708033,5.5,0.30303030303030304,5.833333333333333,1.5845959595959598,6.811965811965812,4.010416666666666,6.237373737373737,0.0,28.560305435305434,7.950757575757576,1.875,15.479978354978355,0.0,1.8055555555555554,1.0,0.0,0.0,0.0,12.204906204906205,0.0,14.621212121212121,76.8279267029267,0.8333333333333333,155.8267951303942,2.458333333333333,34.06608669108669,3.926767676767677,0.0,2.2222222222222223,2.0277777777777777,3.8846153846153846,0.0,0.3125,0.0,2.9365079365079363,3.1015512265512264,1.6666666666666665,0.20833333333333331,0.0,26.464015151515152,9.921536796536797,1.0443722943722944,0.0,0.0,2.323717948717949,1.6666666666666665,0.0,1.0075757575757576,24.757575757575758,9.716269841269842,0.7142857142857142,29.782512626262626,0.0,25.093506493506492,1.9166666666666665,40.953324453324456,1.4285714285714284,11.30418192918193,1.9337835367247131,0.0,15.492424242424242,0.0,1.6666666666666665,24.917232767232765,0.0,1.1111111111111112,0.5170122275385434,0.0,2.25,0.0,0.5,0.0,1.9444444444444446,0.0,15.06041181041181,0.0,0.0,0.0,14.958847865097864,0.0,0.4545454545454546,1.369047619047619,38.72943722943723,0.0,0.0,33.23685086842981,6.2767857142857135,86.76554642324766,16.217983405483405,2.3304473304473303,7.841829466829466,4.555555555555555,8.836080586080586,0.41666666666666663,0.29910714285714285,0.0,17.95975320975321
6200.73568206582,630.961873464881,227.77173638596238,118.09286659108088,436.0945735364853,562.5258434158434,62.55833333333333,193.59069476275357,76.01859632741986,13.79120879120879,128.93262987012986,185.48659463785512,207.5990392015392,280.2771672771673,454.55141538887665,205.16698964434258,101.81634337884337,335.39640230393655,96.9625933706816,658.9426187274485,31.058340760546642,322.82263107263105,61.56979131979132,300.7530121753032,15.388888888888888,341.13475056689344,63.35019841269841,16.22947422947423,14.025042087542086,6.301587301587301,311.9737207237207,37.72222222222222,34.18142968142968,63.12328643578643,569.6140436944008,161.65328657124323,203.1952795656356,699.1366583579819,819.606486496533,1041.8199288456642,794.5943221593221,113.0327870658753,94.03607503607503,276.8970596397067,288.16597126418554,1023.0032305671624,446.4245916120916,15.117413632119515,404.40425943104515,547.7220726985432,32.666666666666664,3.036796536796537,460.2481211813642,1191.9812754875393,1676.1987563362563,678.4369342585519,1786.114504527407,595.536133007859,51.430250305250304,85.99282106782107,42.71228036669213,7.889159451659451,10.416666666666666,2.6190476190476186,1.6666666666666667,20.650793650793652,29.806372549019606,10.25,85.19942279942279,18.785714285714285,15.433823529411764,0.8055555555555556,36.97785714285714,26.974206349206348,56.61917748917749,17.333333333333332,31.108315295815295,24.65277777777778,138.75456284963136,46.97741147741147,36.595238095238095,3.5,69.48708513708513,23.286507936507935,16.817460317460316,2.638888888888889,19.23827561327561,55.99098124098124,35.8125,28.422619047619047,7.083333333333333,0.625,0.8333333333333333,4.75,4.978741496598639,33.023809523809526,1.1666666666666665,8.859848484848484,23.064285714285713,21.25,1.0964912280701753,179.22294542059248,62.75596348096348,3.9162561576354675,1.8888888888888888,2.0,9.011904761904761,16.583333333333332,3.185185185185185,6.329598506069094,1.0,16.86111111111111,5.166666666666666,4.642857142857143,103.9484126984127,108.10595238095237,2.1242368742368742,3.6507936507936507,9.21031746031746,0.0,55.26190476190476,2.5373931623931623,9.055555555555555,3.7499999999999996,0.0,10.767094017094017,30.79289321789322,15.75,10.939517353991038,38.675,11.944444444444445,9.195075757575758,0.0,17.380135387488327,1.25,1.875,8.092592592592592,13.226190476190474,4.125,0.0,0.0,8.75,0.25,17.686507936507937,23.41865079365079,44.64392551892552,0.7272727272727273,1.2626262626262628,12.464285714285714,6.801587301587301,1.5384615384615383,6.138888888888889,0.25,0.0,22.958333333333332,0.8658008658008658,0.0,2.6666666666666665,78.34006026653086,3.111111111111111,9.78452380952381,4.786643911643911,4.166666666666666,8.75,0.0,2.609126984126984,24.30952380952381,15.214285714285714,1.25,2.159090909090909,0.8333333333333334,8.73917748917749,0.7738095238095237,60.166666666666664,2.9365079365079367,18.313725490196077,1.6666666666666667,12.259134199134198,0.0,4.118284493284493,9.206349206349206,1.7676767676767677,0.8333333333333333,0.0,14.167919799498746,19.972307104660047,1.0,0.0,11.180555555555555,0.0,39.042192807192805,11.885154061624648,0.0,12.210317460317459,0.8333333333333333,5.3125,0.0,1.3333333333333335,1.5476190476190474,15.373809523809523
3195.191900928715,172.56791678537036,568.7698429148112,44.97950937950938,279.8338891442358,304.38937193410874,73.29488326216267,147.4510715117518,31.227918280549858,34.8240373280419,37.10516515218527,116.43929876166717,234.85139264473628,63.44946211196211,508.18187416361127,108.09485306360305,167.14538295788296,154.71305485808193,15.447596385096384,199.96933048702505,30.202044880643953,117.23274907711827,63.204455266955264,140.2410573588205,29.555503110335042,120.16366735116735,5.3125,83.49546587671587,128.99969852620228,83.93064951188016,27.237206080956078,130.30002272859414,67.75316890998005,64.65917224657827,475.71228646633887,30.950460054078473,122.61475128328843,458.5628936000646,846.5307803342578,901.9201300223334,603.3606080981232,195.71861425611425,263.7390796029063,355.7700163255504,261.65975001305884,821.4112184555923,433.94123200061443,90.72182593235225,223.92784975907367,275.79878268040585,1.1948529411764706,2.5058275058275057,368.5864422132136,771.0857651030226,549.1099225756963,1173.0248006600461,622.7519245874114,258.1173553918171,24.650651140409543,8.339598997493734,29.043290043290042,207.2498321344241,24.629576306046893,24.877811500094108,3.916828269769446,6.090817361650695,9.055555555555555,7.125,14.53605130249867,29.31715725794673,4.551282051282051,17.971255596255595,6.791694416694416,42.26227719648772,29.993939393939392,23.194648407148406,5.625,22.321756946756945,188.30730103230104,14.76605339105339,15.417537433326906,2.4073490507314035,12.729344729344728,1.6666666666666665,2.5958142551892553,2.371031746031746,1.9704739704739704,54.546867356213326,23.1502109002109,156.6405936880681,0.5263157894736842,14.13888888888889,6.6062409812409815,11.016550554708449,1.349206349206349,56.856637235313706,111.65860928573777,2.526315789473684,8.656015037593985,53.57313979879769,9.366071428571429,66.69969592552545,32.98588626127242,9.976190476190476,14.436507936507935,10.468822843822844,4.966364775575302,15.539772727272727,5.774276377217554,1.25,12.518696581196581,15.603241057188425,56.12219904278728,2.4305555555555554,44.741770729270726,2.151767676767677,1.0512820512820513,1.25,0.9027777777777777,4.166666666666666,0.8904761904761904,24.204816017316016,1.8782051282051282,0.7142857142857142,29.198606948606947,4.5,22.98183760683761,1.25,24.1775308025308,12.723124098124098,92.94899683649683,99.3346681826945,1.1963036963036964,55.47572335072335,0.3571428571428571,0.0,16.354064318034904,17.72222222222222,4.878803794244971,4.166666666666666,4.134680134680135,7.453703703703703,3.6073232323232323,10.776334776334776,27.752066152801447,2.8860930735930737,6.576322434875067,17.855110167610167,0.3571428571428571,9.829022366522366,3.3823051948051948,3.9404761904761902,14.039201539201539,5.916666666666666,63.59492345889405,7.384615384615384,38.86555361849479,51.9676288988789,44.24911236424394,13.360007639419404,8.523686109212424,4.689604377104377,0.0,26.05979437229437,2.693028024606972,12.0182316174164,32.23241758241758,4.875291375291376,0.0,4.1479076479076475,1.0606060606060606,4.820707070707071,1.4166666666666665,0.0,6.493055555555555,15.791666666666666,0.20833333333333331,15.190656565656566,0.15625,0.5665584415584416,5.5256410256410255,20.45695203918888,0.0,1.4121989121989122,6.284090909090908,2.0,0.5086580086580086,2.142857142857143,0.6666666666666666,5.404761904761905,26.220425407925408,5.937645687645688,0.0,9.070868459026354,4.2858187134502925,4.097222222222222,0.8333333333333334,0.14285714285714285,9.970238095238095,12.425438596491228
6072.455208252139,650.8992088195834,44.54234695626502,44.00558195306095,1205.759447220354,1098.9352915883592,266.14145414770417,395.3865632525985,29.676012949039265,2.9675925925925926,8.125,355.47251468731355,554.142734271901,377.420174038924,552.4712565212566,71.17619266698215,75.0369196895059,512.6720293264937,266.3058797927219,1160.4949512270591,19.329247835497835,57.05057712349379,63.12586025086025,191.35329361996028,13.616050616050616,76.75369769119769,7.8568376068376065,369.629782948533,293.98803576691506,221.54065240315242,40.22904641654642,40.828957770624434,558.1578574874982,12.96330829664163,339.3060508935509,67.02998182373183,241.18297366214034,1089.2873994522085,2075.2661589287923,2198.2690726055193,919.1340948352088,359.27457876089886,468.54319980087655,829.3445520001441,202.88048308903572,1585.3140732460365,1257.9135447885449,982.4405077674686,315.8655963045669,1541.7926320142517,72.98372293415397,0.2203525641025641,1316.3445184114826,1560.6933821469536,986.3734678211651,2142.8361075810744,360.94424919216584,779.7182744250242,377.5259846634847,30.03486202173177,8.083333333333334,1.7171717171717173,55.078270803270804,2.5961538461538463,27.411276271621098,7.942886203302869,1.2964000911369333,28.24749902874903,70.98190045248869,95.30582611832612,3.1468253968253967,69.34564857334787,56.960220335220335,35.64393939393939,4.474042678812416,16.68371212121212,5.369047619047619,601.4905577215756,65.0995855995856,32.16873623452571,1.4837662337662338,17.933793058793057,11.940476190476192,80.73178303178304,13.827217920967922,344.9544823551289,24.950396825396826,35.97485454360454,6.611111111111112,25.64613686122307,8.723290598290598,21.302449754830707,1.1458333333333333,28.415154290154288,192.88098259764925,16.610460811118706,0.12896825396825395,95.9965798090798,4.402356902356902,38.58383190883191,30.194709530235844,24.782897657897657,44.7810834998335,10.042385057471265,0.4849137931034483,100.58726088726088,41.2433608058608,0.3125,51.73027390295795,7.133328972614687,63.17919580419581,0.34226190476190477,1.1873196248196247,18.48022348022348,32.6104797979798,10.717905875800612,5.275106837606838,27.666666666666668,26.586302586302587,30.118522408963585,6.406776094276094,47.69483063233063,1.1937557392102847,9.135225885225886,138.38224769869507,3.214285714285714,48.830125892625894,42.81018518518518,14.989583333333334,18.247519841269842,23.956349206349206,13.73037518037518,5.326923076923077,5.312604062604063,121.9149544899545,0.3472222222222222,26.826874514374513,5.3889721389721394,0.0,677.318769339822,10.86111111111111,71.40179265179265,1.0340909090909092,0.65625,9.134255636499796,4.2976190476190474,54.92478193393162,49.457251082251084,1.875,4.2356601731601735,87.19708789659529,30.874458874458874,18.28551541051541,25.357142857142858,0.8712121212121213,14.305555555555555,53.40882034632035,6.685365560365559,2.8178418803418803,27.421021224508685,8.487657018907019,20.7892316017316,7.016151132817799,0.0,34.932271101913955,13.157617845117844,2.672714540361599,6.437347374847375,8.844488844488845,0.0,55.679710104710104,0.5765692640692641,3.6904761904761907,0.0,19.104166666666668,113.10546457055078,0.0,0.8461538461538463,3.3552631578947367,0.0,2.6937645687645686,0.9595959595959597,4.697270322270322,11.488095238095237,0.0,0.625,19.59722222222222,12.092592592592592,12.323717948717949,6.539676319848733,0.0,1.1106150793650793,70.79085176341273,2.5,1.75,0.23809523809523808,3.577755577755578,0.625,4.986259771974058,0.0
1172.214556110019,238.76879268392426,48.560503275963804,16.462962962962962,220.32577875341033,420.42878028404346,18.88888888888889,65.51587301587301,20.204887218045112,7.027777777777778,18.076923076923077,41.12271062271062,119.70812447786132,32.607142857142854,24.137667887667888,12.18859649122807,352.4323870573871,4.624542124542124,22.375,178.1994856994857,13.291666666666666,13.809704184704184,13.462301587301587,57.94532183502772,0.5263157894736842,12.578536917159209,124.40079365079364,14.553571428571429,3.9166666666666665,5.3809523809523805,12.234126984126984,1.4839181286549707,18.0,3.1547619047619047,64.55555555555556,13.637566137566138,13.717948717948717,115.34732664995822,121.95773568536727,202.39667496246443,61.96434121434121,50.15267870531028,121.94444444444444,74.94998623452571,108.78363997113998,602.015220224392,286.5099715099715,36.73082010582011,28.162393162393162,67.36193937641306,0.3571428571428571,1.6666666666666665,115.35230120756437,373.91121606220287,123.34208518090097,132.84756341611603,300.1709771222929,46.63684020657705,5.8809523809523805,15.817243867243867,15.514285714285714,3.8888888888888884,10.75,13.166666666666666,1.25,17.63888888888889,6.388888888888888,45.2281746031746,4.166666666666666,15.833333333333332,42.857142857142854,1.6666666666666665,5.9394708994709,10.0,68.94444444444444,0.8333333333333333,5.4226190476190474,187.39700577200577,9.446666666666665,10.194444444444445,2.5,0.0,5.972222222222222,1.6666666666666665,0.3571428571428571,0.0,0.0,10.595238095238095,53.68650793650794,0.0,48.228487886382624,0.0,2.1052631578947367,0.0,0.0,4.166666666666666,8.666666666666666,6.2168560606060606,2.3809523809523805,15.7559280996781,1.4772727272727273,13.991666666666667,6.232142857142857,0.3448275862068966,4.930555555555555,0.0,1.25,0.0,1.4880952380952381,0.625,2.051282051282051,0.8333333333333333,1.0526315789473684,0.625,3.333333333333333,3.5,1.6666666666666665,0.0,0.0,1.25,3.75,4.166666666666666,5.523809523809524,0.2777777777777778,131.63492063492063,5.0,3.8095238095238093,2.25,3.1666666666666665,22.555555555555554,2.0,5.238095238095237,0.0,1.0,0.0,41.273809523809526,5.69047619047619,5.208333333333333,2.2916666666666665,0.0,5.25,0.0,1.1111111111111112,0.0,0.0,0.0,2.5,0.0,0.0,0.0,0.0,1.25,0.0,2.5,0.2777777777777778,5.5,0.0,0.8333333333333333,34.398148148148145,5.0,0.7142857142857142,1.25,0.0,136.5625,2.5,0.0,0.0,3.5,4.75,0.3333333333333333,0.0,0.0,0.0,0.0,0.0,0.0,2.380952380952381,1.0,1.25,3.5,0.0,0.0,0.0,0.0,3.2870370370370368,1.25,0.0,0.0,3.1527777777777777,0.0,21.143037518037517,0.0,3.0,0.5,2.333333333333333,0.0,0.0,0.0,0.625,5.372222222222223
6468.302790550236,871.2834936227794,340.2696495755706,77.83688058556756,827.9319902591961,1790.681500005126,133.82431987946694,301.1990146935967,396.1967940685046,20.461779448621552,179.39238721804512,86.83857709750566,329.11193582246216,146.89691558441558,507.11681556747345,224.4419191919192,430.06944444444446,349.18928651757597,173.00198412698413,473.511103460523,151.07896042188804,191.5595238095238,58.473901098901095,342.66118270704186,100.43317853457172,197.31021044781548,315.1315996095408,120.23843864468864,181.1795634920635,255.865388631836,70.30090048840049,221.1780462184874,248.00024468851868,40.0380291005291,513.8926638837353,83.42030423280423,207.9957264957265,1024.2400308025308,1783.6784864215592,2074.1532854207194,564.2777777777777,269.212302974803,571.139907059315,379.6425324675325,195.109552154195,1723.5390193813182,502.8694288167972,330.3339595833017,181.12434589220302,905.1365927931718,13.434523809523808,22.488095238095237,820.5471186135272,1823.2112096097999,1676.2685043703716,1059.6980830927328,657.1069772454641,947.0445214507714,86.4078985760971,104.03618421052632,34.975,106.94444444444444,78.09126984126983,26.07936507936508,22.75,34.77579365079365,21.823529411764707,254.73214285714286,23.027951824004454,33.08784113060429,595.3076923076923,56.05555555555556,56.771319638966695,55.409126984126985,141.13095238095238,98.63690476190476,127.79166666666667,660.5264957264957,108.44246031746032,113.882326007326,39.25368107769423,46.80555555555556,90.27235958485959,63.73134920634921,37.09027777777778,56.5,33.88243894048848,40.19940476190476,120.34027777777777,67.11904761904762,979.5553989139515,15.5625,35.916666666666664,27.710858585858585,60.179280045351476,38.81150793650794,35.82424812030075,42.88377192982456,69.84046855921856,62.323412698412696,33.33578431372549,18.246136173767752,141.70916875522138,5.416666666666666,31.86111111111111,67.66911764705883,11.333333333333332,35.982142857142854,25.9375,29.126984126984127,27.125,5.798687423687424,19.333333333333332,55.96031746031746,22.36904761904762,86.18551587301587,19.208333333333332,13.470704948646125,57.76460145461693,7.5,19.751984126984127,27.74102564102564,46.485119047619044,29.986928104575163,239.48955415499532,25.708333333333332,21.293650793650794,5.833333333333333,4.916666666666666,39.092261904761905,2.7777777777777777,71.79166666666667,1.6666666666666665,28.13392857142857,49.88263125763126,31.711309523809522,30.944444444444446,13.883928571428571,19.375,51.98856209150327,21.229166666666664,2.4000000000000004,1.1666666666666665,22.888392857142854,10.521825396825397,29.286075036075033,19.871879217273953,20.908730158730158,0.8333333333333334,26.23611111111111,1.0763888888888888,16.916666666666668,14.154761904761905,45.75,15.097619047619048,37.33333333333333,99.73076923076923,9.125,10.942495126705653,38.69658119658119,14.022295321637426,0.0,15.13888888888889,75.45833333333333,8.078208556149733,123.87103174603175,17.171626984126984,10.041666666666666,39.62535014005602,7.5,9.136904761904761,10.333333333333332,7.470238095238095,28.958333333333332,12.083333333333334,5.231481481481481,129.14502164502164,10.877747252747254,9.25,15.029761904761905,7.599206349206349,0.157967032967033,7.567460317460316,19.166666666666668,7.037037037037036,5.777777777777778,11.333333333333332,12.1875,35.988095238095234,13.333333333333332,6.625,17.5,28.72467320261438,23.479166666666664,11.810881370091897,23.0,5.583333333333333,14.649725274725276,4.3936688311688314,1.1666144527986633
2036.847736958031,441.66777435527433,337.2157022186047,36.964285714285715,38.95238095238095,316.68977087727086,61.05366161616161,195.68948412698413,146.13095238095238,2.0238095238095237,6.079545454545454,30.987225193107545,49.50381794131794,391.2911694786695,325.49520618270617,524.5726845608812,6.656010656010656,437.94582024729084,267.995109995497,57.72688191438191,51.58158508158508,261.694989403871,78.46749777999779,444.5260526510526,22.38888888888889,58.9011544011544,2.4404761904761902,595.3977136411347,773.4771062271062,509.08534752284754,19.303571428571427,84.49473443223442,90.34292328042328,2.5,477.92098906998285,5.7142857142857135,120.71262765012764,585.6128801753802,78.44958513708514,46.353812853812855,244.09046935033777,75.13356782106781,241.21329133829133,83.30956312206312,487.3150738150738,793.123193935694,199.82890244287302,12.490460927960928,182.6386413151119,399.67783836533835,4.880952380952381,0.7149621212121212,58.06487493987494,637.7014143264144,141.13612980157097,2300.08025403246,29.66504329004329,27.417610167610167,288.0658623783624,30.930555555555554,80.01190476190476,1.4285714285714284,6.992063492063492,2.1666666666666665,7.396214896214896,4.186507936507937,2.121212121212121,64.58369408369408,124.07348207348207,116.82247613497613,0.0,283.03347809597807,74.82213157213157,16.91468253968254,21.797292984792985,56.20014245014245,0.7142857142857142,0.0,28.180555555555554,40.622835497835496,2.1031746031746033,2.589285714285714,21.602032227032225,2.8125,2.5462962962962963,2.5,1.2142857142857142,11.790674603174603,0.0,108.84126984126983,0.0,9.124759499759499,19.51984126984127,57.83104150751209,3.75,1.1688311688311688,3.2321428571428568,3.1529581529581527,4.102564102564102,147.1101652976653,6.050595238095237,1.0416666666666667,0.0,0.0,22.023809523809522,0.7142857142857142,4.0059523809523805,1.7045454545454546,4.290674603174603,17.13095238095238,6.714285714285714,1.6805555555555556,44.95685564435564,1.2878787878787878,0.38461538461538464,17.505774318274316,12.73015873015873,57.41491147741148,17.053571428571427,5.375,2.242063492063492,14.928571428571427,2.9313973063973062,0.25,0.0,0.0,0.0,7.46031746031746,3.958333333333333,2.1726190476190474,37.73634698634699,135.54100066600066,0.5952380952380952,15.145021645021645,1.3888888888888888,0.8333333333333333,0.0,80.83446414696415,15.666666666666666,0.0,284.80251692751693,0.6944444444444444,4.5625,0.625,68.91603535353535,46.55261650114591,10.783068783068783,0.0,4.722222222222222,1.3392857142857142,0.0,16.753663003663004,32.66898148148148,2.7777777777777777,12.538690476190476,10.139880952380953,99.869227994228,5.946428571428571,0.0,89.72213570742983,0.0,17.201090576090575,10.176767676767676,0.0,0.0,40.86661255411256,4.8809523809523805,6.26984126984127,3.5,1.25,0.0,39.05194805194805,2.569444444444444,5.782738095238095,9.38888888888889,0.0,0.4629629629629629,6.944444444444445,8.51010101010101,4.375,0.0,0.0,2.013888888888889,23.642315394443877,7.144209956709957,0.5,13.040750915750916,2.5378787878787876,0.0,2.626910126910127,0.0,0.0,0.0,0.0,0.0,3.888888888888889,0.0,1.75,0.0,0.0
