4617.259727314224,560.4437999978128,4242.903529201742,107.04525394055324,1902.3716222714843,12710.219171168,7143.4859443641235,344.8216370087643,15402.29759973095,191.75692893850788,22.44598799986731,42.38573636654399,538.0640089161958,27985.22073289394,172.4519319821901,172.94451327763315,1207.1870815763725,216.6683130600926,6190.3145218291,674.7172679977148,2688.5658080985845,1966.4670402889612,243.97362268561386,11921.096213049823,11626.177977149051,15087.400877728705,9188.065015263035,6160.332703400238,15458.295288140045,8666.759964256273,104.19089004677606,10911.056463512612,1398.982432568533,36.58008658008658,241.74465839560378,282.29547660750393,3120.576107170303,1136.965415746995,2748.684696211027,9992.342672803217,2487.1843951621054,43965.056418129876,671.2542269392874,1021.2773801941353,4529.745299450281,1726.218033321048,53.45729225023342,98.10352306734659,824.66219206422,19064.257408727408,13847.833389634334,25458.225915324867,13818.702464151507,32431.686328902513,5271.5508555123715,11554.036585283946,4537.094114175371,930.2492593053854,454.2433797132829,160.59782695206923,425.9123114731518,538.1282487659691,2643.2246460616807,2331.374798703658,759.5005101697229,384.64604454641216,536.9856050080987,1464.753617291309,11645.506320413051,797.3997855258585,3120.8076272346816,4076.3233695386266,1264.2801228576684,8522.062463199196,33332.42169875798,621.9916451467922,2824.7021772311164,327.18671360798896,1519.071826292677,703.8295120329374,1252.256781789814,522.3392472155917,236.6390737847882,707.3929402909964,7777.101629899218,763.2583084191883,7349.621776251649,799.7717879016408,3226.7442275799413,811.045553012835,390.58560131648227,2223.0482791992317,5800.842573986572,772.9953467797375,328.37532796723974,324.86976896980156,63.44595616024187,485.10241264430823,582.1694476342868,41.37880464306935,300.5180307733091,4472.382416151214,809.9594836665341,1648.8528045821479,3297.5944948239076,45.31878306878307,203.13638306138304,543.9139521413331,2229.3187927495455,136.7454818057759,457.075714270812,193.2980086165431,792.2444861867494,199.39120846473787,6938.885385868213,4077.107681375706,14295.103553518964,1153.5220584258943,2691.751392204609,576.2699136942508,1183.3071028457064,12518.924578217355,90265.44498670542,5697.726294514846,13442.712922875302,24943.480727482674,19131.45855561282,3790.194143416483,7149.66060944356,25058.67069907505,70240.60822005763,2130.582624786273,19644.442378801057,1755.1087332043446,477.30506502497514,31.102186266892147,169.56885946655683,1766.007135664322,9.536507936507936,41.96765201029907,1546.112340846861,2586.7586798021002,8267.078071297425,85.44397733114839,658.4982819157188,702.8057804793896,38.448896123034054,774.5922743242743,3213.420102115407,403.3074622566442,6010.021853426752,319.3320675390388,708.5826386960147,171.7115740060593,4546.538649020525,53.64765495941966,224.28187999158973,431.93592118154254,207.53618965743578,308.357648017975,108.30718701588266,117.05664926147547,64.66819194450774,40.49196490643859,588.5966990334731,80.10631248711077,120.68457331978603,224.14483558666996,54.69891770023349,3.8419913419913416,6514.114040797001,72.30135382830285,463.85195402264003,491.4900702355534,88.14098518020931,448.67702899648384,7587.701735738523,37.40022349936143,119.5430820502249,177.9741999830235,289.28586596584597,70.16224489795918,165.00706089545375,633.6235519315568,1227.5706348861877,13.15603354978355,329.7790529070991,246.27110372606694,18.35760073260073,71.702779551049,12.405494505494506,634.5812388159948,411.3633145706371,632.2823597430291,862.2325580296732,14.865497076023392,98.63633026814274,97.26185278276444,487.5999198879777,64.60722443265547
299.9577441077441,1959.15835634384,1601.8792289971227,302.86926397856627,190.62195767195766,1277.1176297143165,362.236664353697,153.43803418803418,4579.068830635192,55.93518518518518,38.25,11.202222222222222,122.82490079365078,5742.028464240067,75.38939393939394,35.8,1492.0858003927772,123.34786324786324,201.26234700707593,317.97181522181523,446.9708208208208,1398.3390865197364,29.77777777777778,1101.8848334509626,590.1253811278812,1714.528116386669,2807.299555592456,280.1123480623481,1144.5093125383448,1504.8817408501232,22.916666666666664,725.3233455055744,92.13888888888889,2554.3391682266683,132.11363636363637,35.99404761904762,118.79370441870442,286.52671123504456,1434.4582292368582,1507.8838569761488,286.3348595848596,413.3412169442792,26.233333333333334,156.30150775150776,155.57910052910051,497.978003003003,36.80448717948718,46.702843612843616,247.39538794538794,374.0021062271062,1243.8017671833163,4576.523239488953,1260.6680249881863,2645.53288261847,2781.904701925831,1878.867720979468,729.3583146244437,81.87742812742813,41.59126984126984,187.2744835361771,61.55864197530864,73.33333333333333,139.54814814814816,1222.2633523917916,117.64366151866152,12.5,98.69047619047619,109.6510582010582,931.396747921264,442.62029172029173,204.63780663780662,462.1357679107679,10.506006006006006,327.2510138385138,268.00335775335776,305.80963105963104,310.4288152610442,57.638888888888886,61.625,62.660714285714285,28.331349206349206,44.5,251.53210951740363,160.90542635658915,470.4690382688078,65.04700854700855,405.79940431553337,188.16666666666666,198.65396825396826,79.19047619047619,38.55128205128205,603.2761466553133,4109.091168260384,114.0,3.5,198.09733277475212,72.0,49.33333333333333,39.03224057390724,16.666666666666668,221.15079365079364,31.666666666666664,151.875481000481,464.53094837261506,223.56966966966968,28.902390293519325,126.91666666666667,161.27822822822822,303.9465894465894,216.46825396825395,129.6105912390796,15.287878787878787,479.4941235236934,25.10658808158808,755.1205717405717,2069.4530111992867,1797.69343596394,270.8751984126984,201.65010893246188,90.625,482.60441704243095,1406.4546017894702,14845.025392628686,624.3718767092289,1112.4377526377525,1712.9748365873365,5136.887989644589,108.34410124410124,845.6406540899188,6557.255405014683,3751.8320278554147,496.05238095238093,6101.248304072192,230.14463554463555,126.43373015873016,27.333333333333332,46.90224358974359,122.77301587301586,30.476190476190474,11.0,64.75925925925925,265.19538022218745,84.38888888888889,5.666666666666666,72.0,113.30277777777778,31.17267267267267,159.39484126984127,310.66468253968253,51.666666666666664,13.277777777777777,181.67777777777778,135.27777777777777,58.817117117117114,78.96785714285714,1.6666666666666665,124.91752005461683,33.611111111111114,41.37896825396825,61.583333333333336,535.9067884308397,11.213423423423423,35.56666666666667,22.5,13.333333333333332,63.390151515151516,48.891666666666666,4.5,94.78999999999999,4.5,291.96654016654014,21.291666666666668,30.866666666666667,48.24074074074074,5.0,28.621794871794872,130.9063063063063,2.8733333333333335,25.86190476190476,10.0,5.51948051948052,33.99166666666667,91.62792792792793,28.075396825396826,51.70542635658914,0.0,13.88888888888889,56.305870386515544,60.40056434793277,10.266666666666666,29.61111111111111,134.71428571428572,45.0,3.333333333333333,22.92948717948718,3.333333333333333,16.99722222222222,30.08080808080808,203.80855855855856,26.04045284780579
485.5200503037521,420.6736641206329,1602.2170214702192,206.33957693878247,1188.0692014815966,4914.047647933185,1367.6036571447694,162.18711753108138,5674.963131548989,744.7507896664746,18.43861452761047,1277.0181562520302,223.39310619081593,17140.95132503445,320.4341128683921,153.84103002668857,936.9888084446868,489.73993675310953,1212.9583227828678,307.4183457020429,1075.9576892570813,529.1963502216422,99.39301734444004,2830.1100080945944,1328.9190128403377,4353.836183517739,2888.5832178945902,709.1550759347114,3453.134187634299,3553.5833203562374,38.780510464418505,1873.4770404835592,158.8305726935607,70.51359450034636,42.08365140150854,46.900559820296664,428.02372475761575,526.7759922531411,2040.7736500159267,1044.3940055878725,450.2145597626589,7741.800991370775,61.12027338361532,757.8254990987973,634.9253321706987,1247.9965446301446,32.923215020273844,62.594291562778956,336.1992118929934,1918.1808780574568,2730.306856676643,13996.870984676765,5133.9507254284845,6666.634274248905,3353.9911857621587,4203.199033206919,864.810843149127,85.90761205870233,75.97267889509708,70.79041043608875,34.2766656662665,129.6166212562735,1379.552254046216,302.2888181422664,120.81097765342231,44.24768518518518,80.54234037778124,270.68995145604976,855.0291413149544,181.85121078725174,459.8245910384139,385.8931496844155,305.8367584484688,1721.7309806467922,3870.1304498830586,153.40278261102011,185.2734575724051,108.0840301175389,714.7520924025209,76.70647489483696,303.24698250002507,279.2006652767522,80.34724217538661,101.44419324963765,1179.8228535798726,251.40736384197083,470.7501690657149,362.1633082991281,158.4456770548311,46.93086643600987,34.66849705014272,1883.181091175014,2892.68832648986,65.80461685515957,60.849098994687225,165.28636724523423,98.41194953117221,72.03712439481058,166.46667202291775,40.58385166420881,46.96167065687371,323.36780037002075,114.81078701982494,236.71244524787616,547.0499039964694,29.468660016454134,33.32274212715389,80.69015230412289,380.1798135958678,137.55855246640022,140.47652132784535,259.78496173530846,103.46694746563706,143.3538818026563,1643.3888710316464,10394.410065744967,5297.873210588883,709.6484130454746,378.1148495188983,145.60509681569556,229.14425208107536,2887.074983887153,58439.555887076654,8434.643802637775,4102.0792514559125,5327.759996625128,6395.1760300718315,306.79873168698634,1799.177313061632,16179.170837656293,21889.228418990926,415.557967998537,12715.595165157743,197.4950218767368,428.4481230499806,32.530269774304465,36.692157525275476,110.24456032516505,9.818986024868378,71.18524750535346,296.4140692831952,272.2973394418789,692.542965194187,201.9283837325932,42.381122962005314,209.70298141605582,34.03289749841474,91.61012963097967,282.54557721031347,53.68436284647585,518.1985945455125,464.22065110497977,108.81889845184745,18.65231554937437,429.2691669455537,11.797141078653684,25.69010673234811,28.64168239168239,226.30729297464703,411.46021787523335,71.74894528602968,43.237525103450686,214.3719892680419,61.6076081712941,250.91661985780436,292.01019906610713,237.6583171215154,141.89268423876726,137.85727212196844,12.844696969696969,670.0878866982786,318.95776765367236,33.43954728221969,383.2596258150556,266.7517234635461,349.160109676242,1968.8580577995842,110.27938989490713,33.04475586919565,31.940359477124183,165.00017037983326,263.99096048219633,15.689161012598513,67.15255441923532,56.35504525430996,81.54530952625849,32.077384255955685,45.25478279030911,16.140709617180207,341.21531430036,19.311494061494063,127.73054459417398,24.699965896090355,93.91566394439957,30.652874068287602,222.25276308631243,576.8422210928077,96.49496719948039,121.33025638985868,2.4849480021893817
15.659970238095237,1957.994518130211,270.260989010989,786.1384269733534,119.31271457300869,1974.7414123982926,154.539010989011,211.3428610333022,2371.1508916429175,1631.8373933120256,27.13030372405372,1.2000000000000002,50.478710699023196,2166.5297045162224,408.11648482236717,22.32936507936508,903.8476103188177,201.2324794175123,49.20065247252747,537.0377986664752,133.97368233618232,173.54707335065567,15.833333333333332,1155.4295656100435,162.17095543345542,606.1357080011492,775.9573297882893,38.05288461538461,264.76141444339976,618.3874894781145,2.0,481.4710714530567,93.15945512820512,162.67496392496392,60.07118055555556,38.58095238095238,19.833333333333332,601.0029133448251,947.8259271978022,514.4009780252427,124.45337301587301,435.173096001221,6.4375,58.837196545284776,41.08015873015873,245.62461843711844,267.4066175446787,57.35185185185185,219.52644814335991,231.54379324379323,1132.1752076262119,3490.7478881438624,845.9035349469825,2466.5057420907265,340.62897034882326,289.70355200919226,103.17433261183261,4.125,128.75,240.56605207068915,23.13510101010101,120.80034722222221,118.1192014004514,2527.8701208677353,62.670222832722835,3.8095238095238093,61.46314102564102,808.2100277914809,177.9965612568435,43.93511904761905,14.20595238095238,66.56988782051282,9.805555555555555,413.9047176056657,610.6163474017383,22.68215811965812,4.903846153846153,62.90979853479853,31.57318722943723,151.57930672268907,21.166666666666668,51.88492063492063,121.22081043956044,106.48313492063492,969.9458491206362,796.9193757631258,280.9507402319902,12.26388888888889,46.40277777777778,21.5,147.06842818428183,269.28072478991595,1712.5638532236228,36.6845238095238,2.1296296296296293,18.43888888888889,127.06984126984126,6.840773809523809,439.6085071654924,141.57091756282932,47.40625,8.350961538461538,7.345238095238095,55.043131868131866,44.794444444444444,232.2640347805789,25.791666666666664,25.92013888888889,8.222222222222221,38.11574074074074,220.37529374560623,23.194444444444443,28.06712962962963,311.00207037830876,117.01071844821844,480.71435217438506,2124.2934575740596,145.19232804232803,23.944444444444443,5.729166666666667,483.80856826118924,975.0576061737826,9249.610605589762,117.5172704386414,175.90219271469272,1199.4915037372757,3502.787016048496,26.34375,319.96461852191015,2933.88372920389,1639.503051167815,46.482142857142854,1930.8373689967439,147.8746857717446,97.33566468253967,65.58928571428571,12.333333333333332,8.23611111111111,2.6446886446886446,64.48958333333333,75.77403846153847,16.18888888888889,164.28805255202315,8.0,21.666666666666664,21.81190476190476,514.3665627362055,7.135416666666667,22.64156746031746,5.738705738705739,35.36081349206349,55.51709401709402,171.87944348679642,16.907341269841268,99.46754701880752,37.4280753968254,11.29861111111111,17.22222222222222,7.742521367521367,13.75,4936.5862730051185,40.177083333333336,13.676190476190476,157.05295838420838,27.916666666666664,72.25,2.970238095238095,54.24444444444444,232.0657042226779,1.6666666666666665,142.3066563066563,6.071428571428571,10.61111111111111,2.5731646825396823,79.30173611111111,0.10416666666666666,50.687937675070025,25.0,1.3888888888888888,0.16,0.5505952380952381,4.444444444444445,36.74603174603175,27.65277777777778,13.75,47.73412698412698,2.4107142857142856,26.68966333845366,946.2571668455956,0.0,138.5448717948718,3.333333333333333,1.1111111111111112,0.6666666666666666,5.430555555555555,1.5,3.8461538461538463,24.444444444444443,12.00925925925926,41.47649572649573
88.16632768322849,1414.3489704535657,580.6885478602486,174.4989281231517,483.6069747722471,4847.09888927307,326.72326876510584,85.11226183146889,1515.0335995778307,25.00646824439928,4.384074259074259,27.797913709339785,18.89292908495962,11957.279699403563,35.21082294184027,6.6417317675938365,254.38578835843657,67.82553081838796,168.46678082104478,33.9764639537459,519.5979430143948,93.22696834476506,16.61092451609693,2208.0099520243966,336.74038353121057,870.5115434865498,1577.2905643803085,72.12136352209882,955.0299877245758,2467.426615275322,13.257076257076257,552.4837854249687,114.43396709746978,22.279104065868772,46.1715093621571,31.800430544035756,91.54281675612879,688.1868993154173,528.5101174227963,434.88610411021324,199.87408686376472,1800.0437305821345,60.47048423386632,209.13221363539623,364.9740447199625,154.58979919324807,10.555555555555555,54.04779049550855,110.80899989366375,467.5450535768655,965.8952696294668,5194.673737425165,2781.043685909836,3609.3836302024356,1268.800081356957,1063.2069629294526,448.4300559327556,48.853895015659724,33.93766539928998,173.02051581294103,12.339424925450714,25.890218583890515,222.3545415205025,305.0446891321237,124.64062101658725,63.38535179189117,48.64536087259478,463.4471993286715,498.96574547519356,56.89432242634213,106.2774828133519,165.50455462776168,15.477022554739946,1157.8797670071735,1271.1072179310672,48.50515476586905,7.825221524291397,82.60327711879437,94.6037543544416,88.76237151885547,8.14084397986837,9.981060606060606,168.12488856723957,92.08850979927632,2091.4437638098025,120.94079336541304,1222.6186524514549,53.399750744838556,28.95696077031512,31.749438363079335,12.878406315906316,1443.7453120105743,1652.273007436385,61.195315276058174,3.158521303258145,75.95504201680671,25.49622750437968,26.265752897895755,445.4672728193944,23.761092105840003,57.606268149822654,74.10968263628362,55.02442649352965,174.33796170773857,13.998406685906685,34.23524958774505,23.509597747187158,46.55156096221168,71.17989135047958,26.73551914853826,138.09902931827907,61.13086260221792,41.47248275255794,19.999409946778368,426.44328340793857,1400.0058633681028,1864.899302537295,123.21336055017463,130.7691953644348,64.29590766131014,136.53621848611328,1392.8811299515412,14682.488483532923,527.2600140868212,731.323974713326,2865.8919585682766,5425.5866940648775,220.09240224000285,735.273866650961,7967.179118342008,5645.442842819067,222.61114380213556,3509.435586138203,24.05572483072483,209.0534489618855,20.84551396316102,23.71017080921437,184.44821154446322,1.3025210084033612,128.55221368675203,112.46601711812025,51.92481796338993,137.40551056552312,48.215818903318905,26.36096905929351,94.8275003725646,251.63154904459637,5.279146141215107,131.30859078379362,9.77423869234214,16.37007437007437,23.237207004013726,101.54297939332768,21.264276437070556,13.435992934268796,0.346938775510204,43.37543641014336,26.035039470333587,94.0374738473478,56.141937061906106,22.387440033484655,9.198203842940684,11.438620902906617,23.183287008510874,9.981839318819233,13.845302040954214,46.24299865175861,29.131536810697696,855.7138128708402,16.289682539682538,341.6115946958715,4.822112753147235,44.01827061827062,1021.3527290095886,319.3847903348302,99.60048059505704,194.54723317771118,0.7142857142857142,11.443722943722944,5.018261432054535,37.352237751217885,86.6802574059927,20.67182278505808,57.65207749766573,21.972692856313547,8.37432005630535,12.102143755625837,100.14497073274163,0.11764705882352941,49.03952396502706,8.476190476190476,20.039971584153285,16.17183796595561,0.7142857142857142,31.02282469136184,3.226190476190476,6.806322529011604,3.1627612583494935,31.088673519953925,0.0
260.6113272878017,2008.5490067323985,3006.205406070026,505.8922264742927,1431.2750788308958,10187.30358647403,1615.1878917114475,205.5038330864182,4155.087422163087,129.30095136774705,14.554181929181928,113.27866751240883,139.29997291116766,16662.676924990454,54.49168016384609,68.08208306289379,255.88726948678297,168.8086946660084,544.3217418687041,123.84787304199068,2033.4095623418154,193.08800078959098,30.689935064935064,3751.22181357775,1018.5767679148636,3799.5989326443196,3939.3855963304704,345.227273414652,3300.4676823624923,4000.8360790373345,76.89957264957265,1746.7536977096972,367.41996144693513,56.20425979249509,88.90738955273834,56.750143599384,479.50129309892685,1117.0704519266435,957.3898149909977,776.3878365697781,163.6460194367762,3781.63857114465,369.9170439419372,572.5418800860515,867.3580692796398,615.6384084172573,22.619747899159663,19.24393090569561,328.3114366719732,1424.3692099359594,3532.5078898198362,9854.782896350991,5762.962703663306,6669.958689707648,2184.629096196415,3173.858125113888,1792.0159152262095,98.1948765649746,126.7496077772771,455.7410717672134,26.586333230520903,98.90289238195585,426.69457199595064,240.15284345284346,219.18767545031568,41.68482905982906,101.40301018593073,564.7340113905129,1580.0038120638296,226.6279530828403,525.3535482293876,443.3687901916086,127.66661321482749,1746.5606299330032,2771.896776210647,106.51831734356797,32.08668889101144,47.16429270749999,574.6657707338976,78.2753844220931,34.53802341846634,9.403550153550153,747.9380624593921,119.03320181042059,3137.35070416823,241.47799436402377,1562.7657573909464,262.78442210250466,106.96720529907735,39.72057696229182,12.408230658230657,3701.893438550658,4627.410211124173,210.2300441116031,26.087913978006856,161.13603515998474,37.38718307835955,44.54103480293956,607.9138131434221,63.074454179087084,139.92410816257524,286.51712968733005,256.74811465907123,358.41348150504217,30.685423967566823,45.395527279737806,31.99174591318554,272.6950193015902,350.3618027752247,102.67332371545109,271.29900072019154,128.96947622049836,132.8960196924184,62.36394161394161,1633.0600922153938,3891.8773687637804,4516.355451982699,136.46516746906508,419.26861798516484,272.44844442579614,135.230674098461,2917.4175871620314,33803.49302013966,2749.9997606299517,2389.3403864274433,6295.281578760529,7932.597218731601,393.4268508185046,2128.677581935993,15129.428823727134,13870.236859960083,179.4541903943853,9875.161573039992,98.90560196796353,207.01609173154702,18.343819768760024,92.05948251113209,195.17972908332078,4.352941176470588,328.9080554926107,221.16590657256023,201.83958103856452,250.13096898378484,82.84677668011001,65.34811710231878,360.6267173574395,280.3505833695683,13.207602582602583,691.8225313918149,47.88764052039914,101.58042949114378,85.02016145828362,96.72748936015742,113.10704130464192,63.06592371473324,2.2210884353741496,166.79904511648576,53.03995949584185,253.39871397276858,135.69461381411844,72.91330891330891,10.836792836792835,21.852968460111317,30.40913335030982,30.422022149963325,94.85311126071996,221.76964348297176,198.77000882445836,1040.5623436129997,5.7142857142857135,878.4218640993392,25.04408996800301,186.79341853291433,809.5948557013489,1180.6406362018797,943.0152791577106,864.07956562079,0.7142857142857142,16.120110883268776,19.666666666666664,152.95893300078495,286.3932578673117,109.76105802110543,82.23794489381015,58.52546342546342,18.636493143652586,73.6194317405802,103.54972550525956,4.988328664799253,97.08753220639979,20.173280423280424,172.76793060409227,29.628693646108506,7.063492063492062,64.03885495636932,3.8677248677248675,74.05896297913104,28.581538408335796,207.6621501155319,5.02913752913753
128.23320232623837,3091.0951900206187,2079.5260990863258,609.4428285681283,170.4850340042523,2490.6514196025823,1192.4009356486863,56.644959628158354,4425.79853226612,356.85402169822476,19.955555555555556,40.59441927576164,31.86802420679903,9000.497919100484,1377.2645762733364,17.708696571627605,1400.2106396714696,58.345111237968375,117.3970940063499,229.87778303039457,787.4136806297871,409.90059483874603,22.29031074289695,2469.7373235916857,354.7227178996166,1831.9597266559476,2284.6845939679383,295.51317003899214,737.1741206352172,3050.626298010446,14.80047852474323,758.5057486450971,365.1877664675652,95.44371345029239,233.15613688889874,241.37253835726102,133.30188798612443,152.7015360675144,1688.224498547097,841.5409494020836,180.30469764657605,954.2261159182922,141.57725522581975,113.68429764930464,122.28930062970556,367.6742132073386,58.535732714138284,35.32824282011655,56.270699429196966,1152.680555996329,1444.1408783067716,5938.88573415939,4188.499043646528,3123.676889494109,1729.0973044311845,2025.7048052242485,716.9903140599507,113.11154464443938,90.98162779667827,505.0834715420695,76.63706297795291,56.94024508294018,441.7929210859778,1649.216792646274,218.56490813810234,54.09528063915808,116.29356699187656,137.3028598205309,170.26124352841666,148.41012655818528,33.29699729971733,116.60387407418557,16.11111111111111,651.5842658208034,1175.0516233983449,62.22925310475067,98.4838657394157,36.4621118823705,10.577318443470894,19.867261904761904,61.83928571428571,220.34292169818485,752.7646617715218,216.95349119517834,3966.6024142503634,334.2009075568513,1404.126013773916,284.0541651171889,137.92405582922825,137.15688309022667,57.48325782404729,1831.5397522897406,3823.1177135423095,764.1720189721124,0.20676691729323307,7.304761904761905,25.19747023809524,66.39740087954374,1233.713645347218,23.118084296655724,112.49563237038949,64.41756385041322,55.63371740807086,87.48443630628294,69.20734330414781,53.281387736582836,29.18393374371142,190.46360934587398,48.52560663919824,183.052431369622,507.82466163879434,14.384590095181228,70.07048695558487,45.66858813700919,1734.4283964676808,1287.0928471483624,5841.84306932713,891.921790643106,48.83002582948804,15.481994312876665,902.2882751898806,1930.2748623728935,15139.18976007016,439.7597227559358,956.1156869791055,1408.1278142553178,5547.519315541599,40.33581521186563,705.7480291642618,6180.411443242525,5250.920522371089,178.39013252829042,7005.27724958612,61.6188558960916,14.251913437439752,132.21745272271588,67.06404682931938,48.40005196656015,9.13219133807369,171.92079362610377,36.33889331787271,65.62902209363094,322.9916453414534,7.428571428571429,9.950318542050967,46.83901898162333,344.67577918727295,30.256009996255006,111.1476302433199,18.1921227277965,69.0706852019117,55.03573498887538,102.10393438634773,113.95382585251006,72.20838248181349,12.230272108843536,126.38222531904474,72.71970576763809,22.810329842892866,19.36356209150327,693.4455064314898,6.413220551378446,21.560374149659864,10.38472160023884,64.44642857142857,20.399844720496894,10.748768472906404,7.1504105090311985,1550.2570636988228,7.023809523809523,71.89900992448261,7.470580186097426,87.68884097498649,36.57809831793822,502.7584466681621,15.561970243912167,126.5103483483215,11.57036505161505,14.03558544629973,4.890804597701149,7.221339005821764,20.684981684981683,51.29247835497836,27.432227894745456,91.56759894134012,18.892857142857142,27.068897099069513,138.0195969349994,60.752948547840184,9.400694248991462,9.267857142857142,9.21885369117674,7.600090612002377,6.0476190476190474,50.84927690558495,2.676190476190476,27.07289905861334,19.973872369460604,43.262380789636424,99.12975394744599
4.174603174603174,626.2837118724327,112.23013778160836,71.46724664224664,23.123626373626372,774.5505395924948,106.06863642893055,31.33888888888889,542.3669921610324,102.32415547415548,5.273809523809524,14.066666666666666,17.752770146520145,1052.1469195721622,56.744533244533244,5.579365079365079,181.24541107041105,44.36202686202686,36.0971829757544,132.11182336182335,72.37307717958979,50.77178469678469,5.416666666666666,151.25547442053744,57.493374291786985,400.21376353960386,279.0427417373274,21.0970695970696,19.186262539203714,380.83336840175076,1.6870748299319727,122.19200227099387,59.927960927960925,7.913419913419913,12.561507936507937,10.876190476190475,9.523809523809522,37.91269841269841,46.55903540903541,51.22076164576164,5.873015873015873,206.59938104747198,39.99999999999999,15.987301587301587,20.73412698412698,27.115384615384613,48.37566137566137,0.9586056644880174,27.00091575091575,89.19761571295184,247.1992340548455,758.9497904637666,266.490173253828,452.6903458556747,188.81302161890397,231.327293738008,33.53318903318903,2.583333333333333,21.289682539682538,96.34604127950902,1.1111111111111112,15.23611111111111,10.122972265829409,217.13477994436641,14.048940601881778,19.95021645021645,10.325187969924812,41.91089743589743,48.69503689261754,2.2916666666666665,8.082539682539682,13.978949938949938,9.237528344671201,115.6198864498566,157.67110497897949,3.6274509803921564,6.387362637362637,3.3333333333333335,1.2916666666666667,2.2222222222222223,1.6666666666666665,15.166666666666666,33.84585261229998,9.898809523809524,359.56908466599134,27.20970695970696,99.15676917490643,1.0555555555555556,7.936507936507937,0.47619047619047616,16.182539682539684,81.43172268907563,962.0571205934508,3.7584033613445373,2.380952380952381,0.4,3.3111111111111113,5.281746031746032,158.2510246017599,14.245726495726496,13.020467836257309,20.65201465201465,13.594246031746032,5.97069597069597,7.798412698412697,2.761904761904762,1.7418546365914787,4.70798319327731,3.8710317460317456,0.5,20.587952248368914,2.7777777777777777,15.693121693121691,8.831766381766382,151.5570054945055,185.20015464616304,1187.984509750629,74.06990231990231,31.07142857142857,3.485060690943044,30.903562238239655,338.7583460035141,2877.83046886882,59.13054081521823,50.94312169312169,193.97698314757136,825.8132641998851,11.107026143790849,21.98183679066032,1183.5040951045535,904.349836159535,4.285714285714286,1017.867626017538,12.946293902176254,0.0,3.333333333333333,21.881944444444443,1.8137254901960782,0.63003663003663,3.5555555555555554,2.9914529914529915,10.27437641723356,58.51754641127706,2.0,0.0,17.227777777777778,54.99192565915255,2.261904761904762,12.499999999999998,1.336996336996337,8.481746031746031,8.367445054945055,6.621937321937322,1.8627450980392155,19.43025951121189,3.7698412698412698,0.7142857142857142,3.7777777777777777,0.0,10.476190476190476,680.5894277905663,1.7857142857142856,0.0,18.964509564509562,1.1111111111111112,0.0,0.0,24.511111111111113,137.7709601022759,0.8333333333333333,20.9139775568347,0.8333333333333333,19.72222222222222,0.0,75.36388888888888,2.0,38.49134199134199,3.3333333333333335,0.0,0.16,0.0,0.0,38.74007936507937,0.0,22.9047619047619,0.0,0.625,5.915659668885475,81.86747049247049,0.6666666666666666,0.7692307692307693,0.0,0.25,0.5,3.194444444444444,0.0,0.0,1.25,0.47619047619047616,71.83119658119658
12.884803921568626,69.81387362637362,1548.0203660355621,8.403361344537815,713.1595967394986,242.14880190615483,569.8219885576615,25.583333333333332,1572.0847412618245,260.0101715096813,9.999999999999998,123.08122864789532,17.333333333333332,12679.073603321183,312.8538408872355,49.546015712682376,1804.7197542109307,459.47546897546897,2.833333333333333,847.8522592875534,44.25108225108225,24.538359788359788,743.3220027068065,2822.8229376560257,33.5,2394.806433690341,1612.9327997711314,377.92684448358466,4832.136670869652,2500.8364752775187,408.3966635942126,284.345792461085,3.333333333333333,7.317460317460317,8.928571428571429,0.6666666666666666,11.875,35.75644841269841,1926.5289862914863,58.50863678804855,1175.1941579662166,35.035714285714285,2.0,53.57227032227032,744.9707726686893,23.50495183828517,27.023809523809522,868.7874132947661,16.871031746031743,25.996031746031743,2056.853243908782,6088.360281688117,1828.0718850065502,1458.6844568767813,2139.744604535271,1337.656927466275,1200.034270581452,13.743386243386242,3.5,0.4117647058823529,0.6666666666666667,6.125,22.166666666666664,45.370490620490614,40.88095238095238,81.64189514189513,1.4285714285714284,52.470238095238095,2.0,5.095238095238095,410.08975068141734,5.15079365079365,77.59513782785841,36.817460317460316,53.02204585537918,4.999999999999999,3.0,51.37121212121212,1.1111111111111112,74.67857142857142,192.97092488648465,2.1875,4.583333333333333,5.0,40.15949899773429,46.104166666666664,354.9247234791352,339.59094516594513,8.75,2.1875,3.619047619047619,68.45586113233172,3758.3193129222473,2.7777777777777777,93.40741542408209,106.58673849298849,10.163780663780663,4.25,13.587662337662337,82.30357142857143,131.94444444444443,0.9090909090909092,331.91666666666663,26.658730158730158,429.09264545779695,513.6215375038904,2.0,17.889355742296917,14.472222222222221,180.3161976911977,12.159090909090908,611.7188517501017,9.067460317460316,1590.2722442998177,706.2644485144484,635.1489575866135,1451.8564025119247,1755.0523456799192,1674.4417925257385,9.688792688792688,1401.0768651839303,662.430077325543,28651.053828289158,322.38063725490196,439.39026251526246,3430.813955026455,3809.5700829568646,4.999999999999999,1069.881152707133,3923.2377325185557,18871.886131768882,14.68964947089947,7029.894797744543,0.0,10.746212121212121,0.0,0.0,0.0,89.30005411255411,0.0,41.3095238095238,0.0,0.0,1018.6836397534926,1.6666666666666665,0.0,3.1944444444444446,0.0,0.0,0.0,0.0,0.0,0.0,3.1111111111111107,0.0,33.410714285714285,0.0,0.0,218.37729925303452,973.9234979345273,0.0,0.0,33.02777777777778,854.1047216672216,92.03715058873257,76.37962962962962,26.744047619047617,218.8813131313131,65.74970291146761,28.728571428571428,0.0,629.4262621637621,16.354166666666664,141.41546470504804,142.19304388422034,17.35329485329485,0.0,0.0,294.67057133135563,0.0,81.49350649350649,92.87870299635004,0.0,0.0,0.0,437.93622064210297,0.0,0.0,1.4285714285714284,13.42195767195767,7.984487734487734,0.0,0.0,47.079368723308114,1.1111111111111112,16.955555555555556,30.809523809523807,25.786075036075033,0.0,3.958333333333333
303.46056540638585,1500.4039354535105,625.7390376216297,719.7494816586922,264.1475319121582,1011.0658471163835,673.9655908974898,18.675324675324674,8772.922744618452,25.647167160325054,5.333333333333333,0.11695906432748537,84.2675660482162,6126.659871145376,15.313131313131313,17.510745323770536,36.400910922582746,35.62805576776165,516.4477331111476,22.19839852270193,271.97500278666246,383.1364970097555,144.29063007446464,910.1275513731986,1323.0658267531126,1439.6381021062577,3713.7458110126586,377.6698411654846,884.4064262248604,5597.883172924885,8.158730158730158,1103.7652275609287,148.43529516272923,2.0562770562770565,97.04523941768187,110.75463425463425,123.6395176317777,69.4964010856868,358.57828524960877,474.67516487356414,123.34572616925558,2346.2089058126703,65.01776441079846,189.359710550887,552.6368282087709,794.3923054070112,1.2070707070707072,8.214285714285714,42.766884531590414,1492.6409663705956,1337.5187635621398,12869.698494735367,2831.16432716636,6429.5110984130115,4208.8817291177065,4736.470085944657,445.7014841995839,28.472052457346575,69.50682937704997,200.40806178476237,33.76953357100416,159.00021294181326,572.2340794897683,1943.0415915779859,69.11745977086886,83.83951125127595,85.12754107490949,146.1300779887467,1084.602218284702,92.61437908496731,96.23574555819138,200.63117251303524,30.626422597010833,2372.5914682443913,1503.8356183511737,75.32665482665482,241.8621166890568,7.507330882911377,283.51183091933865,18.86796536796537,52.39565489836387,7.438672438672439,298.8028322440087,191.6478475228475,1064.109788891819,265.71783732836366,1931.4960543957086,745.5265475265475,196.05676691225693,33.87862872421696,66.48061093390041,832.9810429852025,3925.243574945889,126.59798516661262,6.111111111111111,75.37870876686667,20.788690476190474,10.183261183261182,1295.2460048121811,4.7031746031746025,197.54866334645746,92.49070537305832,35.462184873949575,101.72904995331466,128.48244348244347,78.22745098039215,21.25218572277396,121.33336119075283,90.3321158008658,54.22294372294372,342.3988216543041,5.952380952380952,123.4613516113516,0.6301106301106301,655.0010746753615,937.1026139910031,5578.961603486894,269.43511263734905,386.9852496660546,157.3344499415928,205.72127967348555,2095.2217790504333,30896.65313156771,253.0586973989725,304.9806112503481,3180.680993889303,3066.2169736850224,111.17681117124394,1456.7488475007644,10922.712957178961,10487.376495518438,197.60393399784155,5112.720830182389,251.50918145035791,124.51669381530061,13.408564814814815,39.52143105432579,143.11665192171145,2.4,143.09477831536654,257.95209233490965,495.57086328728514,241.1287928769021,21.328883105198894,78.62770562770562,50.60983267668661,32.37791573505859,128.30001746619394,100.94369764222705,113.3532861413306,309.54211272641015,25.190234601999308,82.69919622860799,42.12481962481962,325.26821518217287,3.6309523809523805,19.436118892001243,187.16272847522848,1.1833505331957344,62.95129162776222,94.97619047619047,31.07186727960722,14.68859649122807,0.0,7.674868990658464,13.518170426065163,3.4215051517683093,4.927631578947368,1569.1405866307182,10.047619047619047,143.3457662659933,144.78655372405373,28.43976393976394,34.037051184110005,319.6591289973643,64.73099415204678,966.0766965427673,0.19230769230769232,7.679653679653679,8.087606837606838,3.8929093567251463,1189.4431195440593,37.59962722462722,94.05494864612511,31.525337407690348,4.5,20.805555555555554,55.66581289081289,0.8333333333333333,2.8588896483633324,0.0,153.2032067877656,14.331709956709956,4.166666666666666,73.79025372775372,0.8421052631578947,0.6015037593984962,9.527910685805422,111.68599856414981,96.05781201369436
12.247598697598697,1124.1391127391128,796.1608262108261,250.14682818308577,71.83119658119658,322.9542287466657,49.86202686202686,11.716666666666667,2444.2255325943406,195.95277777777778,0.3571428571428571,9.533333333333333,8.166666666666666,1690.8302196739871,66.96861471861472,2.4799011558646447,231.24192104192105,42.56944444444444,43.14343173166702,51.75213675213675,115.36773504273503,18.519418979713098,7.678571428571429,821.9451698628169,117.85970695970695,359.67742729942216,404.20427959839725,57.863445378151255,299.39876373626373,249.60826008319614,5.0,114.42814946491417,8.396533613445378,179.4419191919192,14.971360339007397,14.563492063492063,2.1764346764346763,66.96642246642246,388.3567376523259,123.44281045751633,55.19017094017094,773.0670878504212,8.878205128205128,6.98109243697479,30.357142857142858,36.2077093657976,56.301587301587304,12.833333333333332,37.08611111111111,134.46933668840362,904.926645213329,1936.9120908632813,1118.3587187125472,1114.5561693323302,535.686979278891,261.9499868323398,14.528069153069152,2.445054945054945,5.833333333333333,62.275757575757574,5.344254510921178,17.127492877492877,46.29187016687017,478.62396638142434,19.288964303670184,0.8795518207282913,15.237179487179487,148.21314960982144,257.5875395029807,60.52777777777778,2.6666666666666665,29.99188034188034,6.192242114236999,181.08072224616342,127.85855050522233,13.541666666666666,25.773809523809522,15.923076923076923,53.40064102564102,31.106837606837605,2.6923076923076925,19.55128205128205,52.4017094017094,24.65995115995116,140.54305046805047,90.81535947712418,51.328601953601954,0.625,9.766339869281046,0.15384615384615385,9.429487179487179,363.48273939205313,1515.2995599497358,24.497252747252748,2.0,10.5,13.61111111111111,0.5,77.06727483043272,18.4992673992674,64.47985347985347,2.8846153846153846,0.5555555555555556,12.833333333333332,5.961538461538462,62.604166666666664,16.549450549450547,14.75050875050875,11.362565539036126,10.051510989010989,26.924325674325672,0.6666666666666666,5.779202279202279,25.765567765567763,48.7627097847686,250.1946255928454,844.1572938499409,13.071942110177403,35.61531279178338,5.476190476190476,60.97679419346086,467.595737587084,5234.275864158695,39.97995642701525,128.07987382987383,500.92326191013774,1386.2625293509748,23.669871794871796,133.29559329559328,3050.1932776663753,510.32058771838183,42.709706959706956,1815.4012334233437,26.625942684766212,36.49149159663865,27.944677871148457,2.6666666666666665,16.22222222222222,2.5,19.283333333333335,18.997049247049247,15.260504201680671,82.7225320543779,1.0,6.372189901601666,1.3333333333333333,43.90561224489796,4.044117647058823,7.708333333333333,8.833333333333334,33.506253713606654,3.6698717948717947,36.71572218631042,5.465616246498599,20.478279773447838,4.75,5.4907407407407405,13.46031746031746,11.25,0.0,4621.435970218865,7.013888888888888,0.5333333333333333,23.11111111111111,2.0,2.0,1.3333333333333333,0.0,50.80393217893218,0.0,50.52223239723239,0.0,0.0,2.5,7.583333333333334,0.0,15.88777562306974,6.666666666666666,0.0,0.0,0.0,0.0,2.8571428571428568,12.055555555555555,0.0,15.936507936507937,0.2884615384615385,10.799999999999999,802.6144527986634,0.0,23.995726495726494,7.3809523809523805,2.2794117647058822,0.8095238095238095,1.7521367521367521,4.898109243697479,6.666666666666666,6.5,18.128205128205128,155.71153846153845
44.21913732894908,1195.0977285407698,1040.275039547676,98.23978629596442,85.07248764880343,1327.5415155389956,175.7050646555211,65.86168406756642,1251.5766075924278,119.01989147548358,3.2766203703703702,1.183673469387755,16.759852552131964,4575.604561749505,35.720238095238095,0.17857142857142855,272.28257844804585,56.28659708347208,175.84833365549392,176.9050047175047,317.1613320744798,27.292152174337225,8.063988095238095,962.5846233937556,273.8747865092406,476.51092857098683,848.1744742476876,34.4234943977591,393.55697003201146,1096.800753011523,1.6646825396825395,284.1365753917357,109.33993487202042,16.86904761904762,67.30412145918973,29.102624383086567,34.73526077097505,203.21716898653443,179.06643262699936,273.0281774779324,136.22203742608153,673.0286502482496,38.62531405141699,163.59246719244138,108.96759870031929,64.09628674702203,17.124393738977073,16.6994825708061,22.862103174603174,199.12936842455983,915.0880514313988,2310.3031031575642,1024.8868525012447,1394.397446469586,523.2869891682993,1078.2386859511635,257.9528062487621,38.82208994708994,24.66266934124077,193.67783029878618,17.308064892623715,2.9947916666666665,71.68337069676355,270.86631313742936,57.744529208989995,13.877594627594627,40.94970599575863,76.50875315237738,145.96509615158882,151.16364387635394,14.832264957264957,84.55771175096832,2.5925925925925926,352.51281454899873,353.10902530204,40.41254578754579,23.44989903591959,3.923941798941799,1.1616161616161618,11.254960317460318,8.210673941443172,28.61111111111111,268.80780840113823,169.30308161276204,1400.658946286572,45.152806956115775,505.48364683274264,79.47457673720942,30.912640056022408,38.57732259570495,9.076830732292917,1016.6325302110647,1097.7116347327558,53.542457134368895,1.6666666666666665,9.581388110799875,0.8653846153846154,3.239583333333333,1804.5991522960835,10.476785714285715,9.744485294117647,12.805857949240302,24.9769536019536,27.166065416065415,11.465919701213819,40.248231383196554,11.263652390780873,335.34210244866927,27.81216931216931,78.38690476190476,95.15932624020859,11.417432702746169,23.153769841269842,36.76587301587301,226.25130982186764,267.0263518430318,1191.360478967258,175.59156934703705,51.56297670583385,26.194616004296453,189.8443113968075,802.0649729481878,7844.049098570019,35.87589778601499,275.52495852806834,1455.7780246270695,2485.1771763034267,21.139377847098434,238.87712242858333,4880.890715195256,3072.6778101273,80.09693206761705,2428.684299077061,21.04777167277167,22.034912802840434,19.48587061087061,0.3571428571428571,49.78618113912231,1.0476190476190474,139.5534157310943,72.85860456622841,111.35943607724539,94.95165755696218,2.0416666666666665,32.273664343786294,19.463980463980466,83.99598488743226,11.212447478991596,28.77978577794754,8.735119047619047,53.008018295702115,43.910301999587716,46.38862670625441,36.381397306397304,23.324404761904763,1.4955357142857142,9.158573517126149,22.674486461251167,15.729766265480551,7.164743887985816,206.8813492063492,15.516917293233082,12.218253968253968,0.46875,0.0,1.25,21.311125034809244,15.445560574043546,523.7464988115129,5.0396825396825395,113.53920766649739,1.5555555555555556,17.834821428571427,123.11158610432551,186.9637628460509,20.595950868128288,117.56359286138698,5.448863636363636,6.501400560224089,9.80952380952381,10.150375939849624,4.653850535429482,19.756613756613756,11.890574650912995,3.7738095238095237,3.4772727272727275,4.330215419501133,76.42142383565702,8.333333333333334,2.48015873015873,4.0,1.4285714285714284,16.578463203463205,0.0,14.200046685340803,0.0,0.0,0.0,27.694430977207933,10.407738095238095
160.9636228045535,5648.542993087233,3643.3295256279007,555.2656458020668,279.0753548742934,5382.826497959729,981.5075308450525,128.58171139906753,7044.549974512267,518.4792834961746,24.620868714618712,58.00087875087875,68.06205510423177,14674.237727027374,513.3103380436019,30.313135045031597,1627.9146835638303,76.63491823829479,273.5210753652402,264.5090570677538,1815.7456773670083,122.47931700060417,93.73470074550197,4633.636628925653,576.0128031916892,2066.0560414402007,2549.6288798525266,162.29837899740036,1555.4638612312883,3931.8067276667434,13.508880825057295,701.5745570668921,479.21178009121473,74.16844233650454,293.4683542067973,556.8315581210584,150.09296311997568,553.25824563136,1059.3724411966168,1567.5144120361006,457.97466172268827,2015.6864551067226,198.04789476124492,318.61505017799453,260.77399042656435,128.8213111038505,183.07522429625757,37.99947134827459,90.99764902914501,918.0558209191372,2766.188234323838,10900.851661618184,5238.741341543166,5047.061569891783,3234.0630390969077,3552.0028947434575,1007.8695411768877,72.24756829080137,52.3394787392547,1160.2386881216244,72.88629275869854,125.38004101266918,647.7434585373879,1783.214391708082,230.8212253296242,84.4001353416481,268.91580537006354,323.6037696071435,347.3555234050306,434.5875711251916,78.7971122919376,192.12511346939291,13.479576224429165,1638.0937433731492,1506.6899724390023,65.57958243310411,86.81036828029347,31.201948850329206,20.884221117660317,107.14975366780179,45.78166544993468,63.36131266394424,1176.3046596871686,474.3129278630833,6833.219468865441,255.43231771621396,2585.532415458069,331.13902459758754,145.62119664582823,126.77339300570743,44.96072006659338,3303.7827875245407,4643.755346106322,474.9430815433711,11.666666666666666,33.193481875429434,82.01605616605616,37.608816986390515,3968.5569381021382,46.12433623308236,115.52342182111423,96.34670896792574,78.48514209290072,93.17265638419957,81.32205491815178,194.04087114192006,62.64391855895272,342.3767700185757,54.91701875567307,228.77708893118375,731.2193304924675,58.45910793426273,84.46280952900518,84.45202333499547,1224.584383949933,1815.1077032062935,5660.263753992165,807.1612786151569,137.2263560693233,94.2904226842252,759.9638631894666,3728.2750862268963,29736.494708408707,270.24856706220356,1642.4851445239517,4555.436860907998,13191.06172852852,110.07760330496336,1048.4079845725576,13822.355909499332,11556.910123801175,141.24604264557826,10242.499639885835,45.503483182352895,215.53092109399174,31.50552134197645,109.43736750357563,71.12900862099225,1.625,312.32157401411877,89.62460365023752,108.6734868265174,598.6504655925407,39.61452558879029,63.05095227584467,116.9978021238413,1026.7548782348993,30.544548579161447,39.87397680684953,63.55469545074808,114.02752489005253,75.2966332182922,183.689221912656,142.9266502846998,82.98668405143803,9.309027777777779,110.60179746121801,49.62500912113915,41.25638698369791,47.131360726108625,321.1651223072973,4.686811726285411,61.14687950937951,25.83057266009852,129.06305173584585,5.286195286195286,35.179744538010254,55.284749429783616,5982.427571810728,13.015873015873016,241.0003227755042,28.50971227048813,131.82057561461585,112.24726396370366,896.8017748071201,67.85479782616754,480.34721760629145,34.01794871794871,15.614815623218984,3.4606657710105986,136.10027027730953,285.5550630967272,96.61280252724103,47.64157404106258,48.07488685820186,20.95704948646125,26.932155883899465,218.56589233002325,82.57991625677384,4.361568986568987,17.0,47.38238083589166,11.011453823953824,15.42361111111111,50.86557872238986,8.333333333333334,25.68647556147556,5.304924242424242,108.26133509675084,37.68654677539497
713.4365813275275,1656.8890605580207,1653.7062266552161,223.9720896226658,1216.5242392783389,6388.079525473323,1985.4369326399726,721.3135698752571,7753.197914292452,541.9586262729645,27.855324074074073,28.67756087942423,432.91950743800976,10833.340314567637,217.28142875642874,66.75867442762545,656.5347111333692,499.62705904525757,1874.5653839596466,1085.1043991029144,1003.8259114718487,842.6836822766851,640.7661375661376,2988.421646175331,2978.086122983217,5350.152397125049,4166.219034697151,854.0010017005999,2772.5457295234214,4774.908145419512,99.3703072132622,3779.2337348458914,362.8524444892904,120.57556006085417,252.09109579110546,163.57819198751216,562.7957330521205,739.4420741229335,1058.346381144663,2120.808419634478,1201.8320545769118,8623.526648599605,274.4941868213772,423.74840789558095,1088.8375344082342,770.8714009789087,61.99563660649445,78.05083333333333,831.1839752872952,4230.046589053029,4041.275255089202,11309.949435798251,6373.511551928413,10195.854926074973,4089.07472102167,5263.321620737774,1049.1661290756474,336.7992385474003,179.3813493519724,186.4101696368159,140.86860422257482,258.7589952791767,936.7955521557004,1339.8635007566531,202.4919176410759,406.48038603671597,154.14216175264937,996.3204035344593,2708.5565418689694,371.09254863786595,414.60376823925526,1262.9648507086195,418.1472831055437,4882.726510335445,6081.329982999446,388.86990648240646,761.3370960910718,204.3689683029389,418.7878953018659,421.0468566618567,375.3627208526457,181.93584304584306,350.1273547709887,286.6064908245636,4375.443223206575,715.5397204797553,2911.3159658144637,477.05942644222273,584.6402655735661,157.9991330343027,202.02595315503208,2033.335255251501,4129.097761008729,658.9363221673026,36.51494338994339,287.4160395160395,124.22242489526468,60.888798192548194,2107.7782826581147,32.82948412698413,257.67074565331427,1303.871825398081,166.15821093394624,338.9239141493559,535.3080142853051,278.6381573269925,110.4945758790573,261.7216702687291,666.979636497383,229.31319143819144,223.01467658182366,137.02540238334,292.7217214315063,247.50524497548307,1612.8919920138705,2898.073402991583,7965.143671273824,624.674070562822,1104.6385090448955,184.72172352153555,464.7196903295433,4581.828754817078,36921.40492311134,2570.7683688854213,2120.2148346103145,7812.577582689235,9443.960797600492,762.9103490120567,2338.5322639608185,13560.498172100759,19534.174480770616,1109.8994206254388,10699.372986448245,714.7355209043258,407.065284958348,69.69315999904235,78.74018389018389,268.1445147142997,18.062169312169313,175.92302144092005,576.6223387386893,1026.5424154279942,1682.647700838217,112.57337454212454,204.69016102793003,146.3482141396866,121.26327330077329,410.97706367176806,940.6851285470158,143.07079341475892,1284.2918815651606,170.52930267458925,291.4857872153073,151.77974302298307,1410.9403094090571,15.841170634920633,181.97620418244588,126.9119090565519,192.85596960229313,275.8914019277724,1107.7884472660048,140.5413486324477,48.892785917785915,11.539877946127946,85.14635642135642,35.99981962481962,136.1432554044396,68.12194508707667,415.1410937488724,26.626984126984127,1097.7099586043566,15.764590964590964,98.54124255374255,530.5718007020929,430.1186688730899,146.1335964960965,1538.9646205630536,27.694234006734007,67.23781795546502,44.04153069153069,162.40213488380047,145.37179533429534,126.31124338624339,95.59550826710269,183.5042324995266,22.65159350453468,35.85443121693122,198.00446127946128,90.7766106442577,38.532998340690646,21.885714285714286,168.24194686032922,136.67058831613454,54.29910052910053,182.86635118293012,3.6111111111111107,97.99402427637722,64.125,104.46630662590968,103.5510010142363
9.978174603174603,44.157828282828284,1103.4386329444876,78.09538239538239,131.71240796240795,2001.2218300594316,232.42800030657173,95.95036676286676,1425.4488007363007,492.551601894694,32.166666666666664,223.91337561074403,128.170547309833,2112.678336947071,110.14585137085137,24.446608946608947,229.5302429052429,95.92160576351752,67.24273615950445,112.44217171717172,125.52846132569216,225.92063310431658,32.48664021164021,366.0277162380103,361.46455905205903,518.546307636558,676.5706421192308,58.28095238095238,748.0047086227039,1408.1248450909827,13.005952380952381,425.07202720119386,14.757936507936508,192.482838893133,23.50595238095238,36.07539682539682,199.96336390217968,127.25158730158729,294.5584249084249,1098.645695970696,85.80959873459874,558.8852898558652,3.1777777777777776,582.4946400334558,323.2742257522019,103.0865779392565,336.3215187590188,128.9396176497017,72.84366744366744,99.49343711843711,1111.1271947735459,2339.901727096985,596.3440952148659,1348.4007966448755,795.5037842246013,357.93996581375615,320.26136614360297,21.355158730158728,3.9166666666666665,14.444444444444445,3.458333333333333,9.722222222222221,160.62863155363155,41.654761904761905,23.98102453102453,12.5625,18.585735171261486,22.35906359435771,77.9998382569811,6.6798941798941796,75.88867521367521,35.79076479076479,18.26190476190476,129.67809529651635,123.828946419078,3.75,28.179761904761904,138.33151491365777,51.81315836940837,25.928266178266178,60.812809875309874,33.6031746031746,24.81732740943267,35.95238095238095,238.06505750410824,29.713670126170125,62.39157868275515,21.927073732718892,6.014547952047952,6.674603174603174,32.907738095238095,100.43914410870933,316.0392187881023,53.075274725274724,62.2962962962963,45.87301587301587,38.072399822399824,23.243253968253967,2.9375,13.718650793650792,32.30249867091972,31.991558441558443,50.26125541125541,144.3148198575618,83.68669108669108,6.5,7.889306599832915,22.193831168831167,106.52696608946609,73.70853174603174,20.432539682539684,37.945091945091946,75.94087592301878,39.504808590102705,184.01423805239594,2651.898033574431,1238.611840485591,447.20907269279115,48.690716030001745,6.909356725146198,85.88802308802309,797.24654989608,8879.724286445522,216.12726673910885,1373.3838069335045,722.0624639249639,2102.954446884671,15.112599206349206,943.0568305089589,1799.822232327668,2457.8343196493747,19.221005846005845,3503.7945283656245,18.794444444444444,52.4989084989085,21.2530525030525,5.37037037037037,3.333333333333333,11.938644688644688,3.222222222222222,0.0,11.533333333333333,25.27156432748538,55.807792207792204,4.5,136.09089706589705,2.5,13.666666666666666,90.68079004329005,15.029761904761903,5.955898268398268,12.36111111111111,13.034722222222221,13.653968253968253,25.818877551020407,15.930555555555555,8.999206349206348,3.385770975056689,13.892551892551893,52.88449513449513,13.75925925925926,2.0436507936507935,170.5456291724149,4.330357142857142,38.525252525252526,16.482142857142858,41.2093253968254,7.193650793650794,8.1,21.720238095238095,10.315178571428572,84.91136628965576,2.473484848484848,109.61476103261818,11.33838383838384,19.164682539682538,0.7341269841269841,533.3836659372373,11.84126984126984,3.4999999999999996,20.233037795537797,27.220238095238095,0.5,24.219336219336217,13.869047619047619,61.564153439153436,4.166666666666666,7.728174603174603,2.2222222222222223,9.453703703703702,17.136904761904763,8.303571428571429,0.18181818181818182,7.982804232804233,0.0,27.939814814814813,128.27442976127188,30.73051023051023,0.0,0.0
88.37141802913861,34.06498022238287,875.4349708811234,20.479626728490366,351.71620858070304,938.3353477869061,417.3668335365275,24.53642819303698,2424.0538007371792,78.6570507517127,18.837738378179555,339.9710702288036,431.9618206296595,4098.825755852499,121.95847438042816,32.56432745387854,326.42691943429975,169.49493709517282,474.01235618773524,154.0467195393994,369.9520073449903,294.45805136071186,27.016413744985172,1357.6934923898498,828.247653170157,1997.3350571895758,2152.1395380454674,146.70167124542124,1541.8325941046505,761.5484146436357,8.752958152958152,814.6211668275681,16.267541486291485,18.556835530155688,3.760425090782234,52.912798312798316,221.66659362309517,239.2351666851667,597.4323132678943,506.05636833916464,177.0133696550363,2897.8768711746457,23.722247563290345,486.64680177320366,204.22019564167243,251.00260523736057,0.6327731092436975,43.47729963780384,216.35041205426268,826.4234194007081,1142.6174123714234,4039.0214748782946,1984.4160476408313,2784.5941646139067,1236.0493182525338,1981.9106850013318,631.237757166673,46.81687797496621,10.146480235450824,27.806204906204904,28.142811983911056,47.51019624315079,193.82860486198004,83.07693302068301,35.208882189334126,5.142857142857143,21.593392438089406,101.97183045328589,1584.6278787132662,146.37999720348557,46.25588624338624,254.53826545087907,100.58470464720465,653.0906449215273,1217.4910091210534,17.547006914653974,217.84911490186425,27.524941017588077,394.4116741434325,21.91437728937729,73.8960326106359,4.386483886483886,42.97633359625764,27.886399568810635,258.48374709723544,76.37890328238502,275.98585447970953,512.3898831524488,184.9939301427958,32.05620305620305,31.114276518688282,256.50905274814306,1455.730261989074,22.494071603000172,43.27498196248196,39.10912698412698,22.724386724386726,7.9523809523809526,43.81051780326582,15.40382672882673,20.907647907647906,54.84609440267335,17.80191866956573,84.03988837130976,70.028131464448,12.019991582491581,7.153860028860029,9.633502217392088,272.06415258766935,23.351225601883495,43.6077984185127,58.78021978021978,41.76984096904447,42.38690476190476,420.88850464147305,3362.8208720303032,2116.384693025082,265.24329543737076,89.77372779659365,63.33616457333815,52.58779930639978,823.069034037594,19868.026637116727,11497.581673532817,2167.0907035701816,2016.9612695853289,1712.8286845522537,40.28582204688571,618.7283922778748,5890.492322392773,7589.197579584499,82.42123894623894,8016.6107903921275,141.16177968258407,66.73397761395822,29.252188684838483,13.694721944721945,61.286267485228834,22.121671901083666,24.810254765385743,70.21896435853202,159.26374691484986,106.31185403116349,180.5007058384486,13.511904761904761,116.09009351501611,1.3333333333333333,11.470295607765006,103.41503345139708,9.90955400808342,262.30741590925413,45.87944473912853,16.872119482584598,5.3392857142857135,36.73410324147902,22.08958633958634,7.896825396825396,0.5047619047619047,100.33960077876486,182.90812233432203,56.228702350505415,17.42404200737534,12.075948522377093,56.02198041695121,43.169353140084844,108.4189612378115,136.9438349999179,13.967745163333397,3.8910826639485174,3.6845238095238093,296.7699658464078,45.259477870402236,9.01171236171236,129.80539781569192,2.501010101010101,114.99800463620886,433.060471512344,3.4865079365079366,48.0825533010407,10.926815889648706,45.58829220395344,32.75675701110484,1.764069264069264,3.283341658341658,92.62246557383297,68.72068233707962,11.447020572020572,6.4778363997114,3.3476190476190477,90.04295685631759,1.9913419913419914,44.80023888780787,50.20992664742665,13.986656861656861,3.648639758933877,97.71583118299408,189.3060582804244,16.842980562082673,16.766624579124578,0.576923076923077
102.72350940110464,3424.7246321186462,1120.691510701312,979.6016534012892,766.8428599422703,12988.80395189062,1097.4495665912432,35.375728543990796,4483.732037877692,105.64125223020814,21.73093573093573,55.19985662485663,21.72764710547532,12793.932870782617,100.93984814649782,42.308198675042384,539.4941801196817,65.89828174660711,273.244326015787,113.15320133626422,1415.4533315280034,21.492426075638416,101.1758441777965,2797.4970275135925,845.1822682991295,1831.1507333302739,1596.0512895597142,100.95770206802715,1700.550392862543,5304.260182114466,33.140682030387914,521.949886277524,496.75980582949694,75.49647043546565,159.06240706524446,225.91820011556206,281.70478723802034,1577.9260274544292,797.2034913569877,1339.8619101708152,463.64421359837155,1764.31195668259,549.6686236309273,469.07406216612844,501.6127661073022,157.08490617394614,71.32200577200577,14.126110267165034,169.22938655860733,543.2596396916729,2406.1880038897016,10474.587621212195,4851.2425129383955,4667.3758451374815,2406.1080773879867,1953.9455485724434,982.4729219791031,49.51113315076163,150.14612009133648,796.9785531557544,25.714599355071226,99.7298020877422,462.78979791264646,529.8371451483077,69.78813368031348,37.351846112145566,181.36013724661618,130.26225877872884,414.50035917865534,216.3752786204951,36.946269577712826,115.97508045997157,11.80637361005008,1079.3772141643976,1675.0308956569515,32.84793135195981,51.26098822028949,22.637999479580312,41.780312856266455,129.60808624537617,41.30585707028015,19.810241902347165,992.5393037718436,269.17308172741343,3154.534402505669,66.97191795567475,3268.8221284690594,158.48747241952776,72.37073758507428,14.642989971982711,18.40403018034597,4345.117702641925,4421.462401491181,228.55333559198343,0.25,152.88750523166107,45.73081501831502,33.76732989232989,1762.7256398422462,16.474566254752013,178.77129851625696,108.22291602579715,126.43649151711197,47.941111251875775,32.85487867395762,125.332465546288,36.79458597797981,99.97614203244416,161.77118747382661,77.68923386051335,494.225617673025,234.68597760857375,146.40858130094665,94.94953453409336,1710.9370390177126,3301.0867222380416,4158.366969708305,246.10116098960464,114.16814538108683,117.13609146310039,301.88541873616737,2116.8023507304665,26561.095049228254,540.275281543146,1009.36237251964,2599.8331670586176,8362.060311319732,134.88221099887767,2169.0832532575164,10318.913445292563,12990.081764961551,77.10075407049091,8895.803398319007,118.86067452105294,871.2814843374895,12.15494784999429,111.01448898549143,25.766928247191405,2.6517857142857144,232.85666057646543,69.0005783488542,106.32713075893656,518.0494724629067,74.20170531175432,28.41627173639369,114.15937495623122,761.0005382663433,7.863782466777022,134.33717120720164,97.99177218224405,50.32872042674674,69.66945091945092,201.37603514906147,100.2370780291833,25.971475509769522,15.416666666666668,85.52417189502034,39.086224021363336,175.58142751273002,40.02007077889431,31.04359792506344,24.83114984430774,115.86385281385282,62.58983927949445,18.245107833343127,9.636548636548635,90.0027647993893,250.76175022312972,2472.944155654676,3.571428571428571,286.6622482723102,14.473316912972084,99.84578323232127,197.74437333451692,1964.2224939885593,234.9172501723727,1454.6650286877873,2.0085470085470085,12.056333916628034,0.5172413793103449,116.41809359893568,382.7577579031006,77.23771102171001,10.651842139908235,20.290631678766886,16.13186654032242,29.38290365445538,211.41201486278885,11.552745500113922,39.668480593480595,1.8333333333333333,37.22897129346064,39.00761689577479,0.1098901098901099,22.21171250776514,2.083333333333333,17.411696636696636,11.443768206560604,115.06673046922936,0.47368421052631576
160.70075139612953,3248.170499807556,1963.138050847369,111.77959738075342,268.5323706833799,4105.235794981139,905.9244123529415,18.739718614718615,7984.506202915282,86.30844155844156,0.7111111111111111,14.15151515151515,39.39810505025246,12875.451478099347,135.24621212121212,61.241684704184706,181.67272153754766,11.434523809523808,173.57571949371206,32.2217587967588,712.1617871794654,123.7013479878755,6.466954955963576,1742.3651916054503,461.35802428754965,3230.0441366798923,3212.3771973764437,281.3920383055345,291.2453746588229,2529.355611388074,2.0518207282913163,576.0455634841451,79.088644294159,84.61607142857143,56.49432591218305,85.5114431824603,32.434330550401974,37.585917719801095,193.86939879904673,409.6780317838223,17.67557773109244,1343.7984318596225,84.11952702480541,118.72764172482024,136.01370749419988,75.54293349810463,7.738095238095237,16.019957983193276,53.09404761904762,1062.8124053694062,4532.454171006583,4848.9179367154065,4224.660423085701,2768.2008062611844,1422.0366372929823,2766.5136905747895,505.458365103933,36.38979076479077,35.866309141940654,353.3820323195323,59.469882091592616,286.96935626102294,126.3248075998076,149.48756084429286,57.19445522300554,9.719488844488843,62.84683317771553,32.346783662960135,239.21173472220852,186.71969268515866,70.60470168928815,132.13661758348292,1.375,422.70334894723436,596.2192564099051,143.73517740429506,68.66637522570181,0.3246753246753247,34.166666666666664,4.143518518518518,1.6666666666666665,25.36201298701299,366.4496483085797,60.35958095359356,2414.697745699018,20.87202380952381,3698.0895144922506,57.63163217487895,267.4659609628681,31.434343434343432,13.96003401360544,3094.1269094966174,5765.822179126893,197.11078888627762,2.0,0.3579109062980031,2.0572916666666665,43.526810117986585,1574.7993384428707,7.513888888888888,81.51173241246771,63.31321147987815,120.26888123849331,80.88357753357754,41.6907428202541,0.3225806451612903,29.056680527075265,152.68735813602382,93.14471479988721,28.18387127578304,242.76017520201495,6.91025641025641,7.528135406021869,7.314285714285715,1378.2018943282787,1222.6827611485783,4875.255458036524,184.63323423953352,370.91410316923555,208.5559885836312,145.91940844601447,1232.8066000443862,26981.26064918845,160.08304398562652,823.7923634428934,1208.0272961492524,4672.58299545978,203.29422998740563,1060.134449396808,8916.558226000092,5487.609353524724,90.1248556998557,7121.4893230278785,100.97890858336432,10.993253968253967,5.892857142857142,31.992904938628623,46.04507516722798,0.1904761904761905,130.4068738217898,18.377836244215555,11.128123967732401,210.2199670855133,0.0,21.63690476190476,49.75498459596865,58.15276398438163,21.248991964108242,26.812950937950937,7.413858411703239,50.539776664032615,22.397411823967122,95.59527899426155,44.78489198709787,103.83508287588263,0.0,39.95384024577573,23.634353741496597,11.904761904761905,19.20226575478676,967.3919255860584,1.2380952380952381,0.25,0.17857142857142855,3.6111111111111107,24.86111111111111,2.5,6.333333333333333,1035.8602612667419,0.3571428571428571,68.01686937401223,34.166666666666664,129.16706011351909,12.018939393939394,224.39294036280768,5.302469135802469,130.42824593952412,13.466666666666667,2.267316017316017,0.9523809523809523,0.5555555555555556,1.9991789819376025,14.941340930311519,26.517400783242714,40.12736786633845,0.8333333333333333,19.287937104666426,35.83949929039215,131.09690799396682,1.722222222222222,0.0,20.557720057720058,11.938311688311687,0.0,13.799503958946683,1.6666666666666665,0.2962962962962963,0.0,47.03188396570749,142.32344044844044
576.7226863303886,1864.149318377289,7784.331366054483,1095.152973004869,1910.1242061326848,8694.217426626265,2845.1916834317367,1385.501528441491,15849.952297564238,4508.411882432529,144.00199832096382,17685.418785712776,2245.466043942307,47786.606239877445,2833.8521740234896,322.6066777085941,6961.792178795528,2926.4495322069142,931.6916712613522,1525.5078808638723,2190.678215092525,4931.511443059047,944.9690719251128,6633.965441710774,4446.697774185676,12541.984934948208,17959.080686294645,1467.160747908018,13233.859784104317,13905.337514543988,206.33538655692539,4829.735904528767,141.06179882591954,2025.347423973858,98.63754558278552,115.27568015318015,2018.4817209083274,1808.5129353188045,10619.178534217534,4016.5725606608207,1444.5073660044538,5074.0199589629865,90.59496230653144,4905.47831112233,2010.3871997420788,2471.4327362413374,559.0198628985394,1148.7056710886372,620.7709872405957,1289.045676700014,6661.238257570367,37584.388886187924,13988.880173907393,21148.562562003382,17876.127905420235,6863.441099207154,6585.87451559113,252.45076311778897,54.40360919037389,219.338754229487,126.22903012020659,230.66156362260716,1472.6161583137857,1961.6616619687547,126.21900177514672,102.8328194953195,53.66592624399642,712.5090455496737,1115.3312637527263,291.11124866594395,1374.45050276567,938.5910627938805,589.5951373152038,3201.216413063734,1298.8599406539136,179.61563940789173,1358.5954312036924,929.5088411417034,760.7638330167873,311.19463039682637,1082.67657982643,421.74511738261737,99.57135857101598,138.7978448560788,1217.8981785737199,793.5534677183256,1106.2394616892368,2266.1645312205137,250.69784991144948,130.4251356851946,89.21608324625566,1670.878612904039,12619.141999307547,215.77782427330408,574.440990862946,1334.2564880981856,677.6721957379704,161.87017387615765,230.90706461998298,401.10685663852666,491.36838066998655,207.7316067375339,621.8498636911226,1221.924817002971,2186.8287540967904,379.8429955610838,53.436123738948815,90.49456831438255,906.4166285893045,2530.5499034884697,179.89874880021938,852.0893625480163,295.6992663895146,2029.0981515417436,3735.193406138462,70847.39214367788,14929.937224819761,5414.178353532255,1787.098555908358,303.13476513246553,1176.2531489818166,8736.588138653533,208320.7372698132,46790.00156267632,8753.50988640953,7313.333183580454,17229.61284659197,300.30368228518216,7064.499515543721,38850.05860787458,37434.385636916784,953.1467452872707,49414.73255900294,579.3904604769313,1288.1592739004386,353.9880099474143,77.2709408068783,335.22305369554346,368.18469248616304,81.69779171143001,462.7962347293229,255.27772861442602,463.70713728546525,933.3010774965246,9.353632478632479,498.7222057655107,58.03368394058049,183.35249744638165,485.9766338023032,81.49404622765967,167.05609262734913,875.5963114967462,80.01165761874037,64.42113066628009,470.5644043361213,73.62864336643749,54.707491474043195,26.938740228025942,507.53177775383654,1315.1737494880115,1267.1598294445137,58.44577146565652,743.4202884183976,324.11917448020387,620.2570465646262,1015.3718004757432,860.5236123827775,256.4220846944061,109.24679636967451,168.74866020055893,972.0405046947939,678.648252452633,98.21891103787655,1119.679974569773,86.01841485462175,580.4092643565476,503.873100271548,1029.5019127223807,472.48475170435955,44.737102049996786,567.1655952543878,773.3746929205784,41.93687996031746,58.066201151789386,132.53276386114362,1249.3550448556525,26.25415094165094,121.65337752525252,163.02190521896404,792.7101238973806,330.73358474858475,245.88459550530416,26.33343596059113,331.9476122569574,52.31227771411595,2946.885332667587,8670.924510096416,414.53853050172785,104.24763826155814,460.7531896063203
302.99953332211396,518.225238541415,962.2619252813785,318.0058655034145,258.0691049146931,2596.347531634936,802.7110775898171,125.33258066134778,3993.4064605659905,504.3377788868374,10.90909090909091,890.8561733909957,328.48450526082104,7253.973700086198,418.43482832956516,24.215367965367964,700.515866873065,204.89819297284131,815.5570678833836,216.6268078326902,488.90331427831427,586.8083905968547,33.96475746475746,1635.1736908346402,897.1644132065092,2455.9443635893176,2436.1014818348876,291.4159026293271,2253.238370761794,4082.394568320382,21.835067710067708,1582.9160355208417,145.9229856104856,94.55952380952381,48.27020202020202,32.84199134199134,315.4099095349095,507.23744453001416,1294.6616201458833,663.0809799314701,216.81588504607438,3600.091916603539,57.95238095238095,335.6589688361747,464.40555617423297,275.13823818080783,37.00036075036075,140.31421356421356,210.6863183113183,1021.2277851208851,1413.8589172845946,6250.74979081816,2311.519043278608,3482.982894203598,2175.103184666588,3686.5718171911003,773.8978137291873,78.69017094017094,45.81944444444444,69.10353535353535,36.0611857278524,33.27228327228327,431.53453604683114,450.8004909187317,57.28021978021978,44.07539682539682,33.80494505494505,139.8031276106934,713.5094158887233,197.53020419458775,201.4564047064047,243.1088378742944,57.684583934583934,1075.7151841689513,1571.6759057552401,28.849206349206348,167.648561204219,108.57503607503608,200.94156170626758,89.66962861699703,130.73424614601086,80.12985114300903,159.0778527028527,57.85410830999066,1437.693555956714,134.59361471861473,339.006993006993,416.55858382321543,197.71820751712056,56.44642857142857,39.03113553113553,1018.8928677256654,1621.8282894569788,109.58289378894402,55.948773448773444,122.81859952912585,39.51934176934177,46.76190476190476,134.3810125060125,16.7324016563147,36.514901764901765,256.06862581862583,83.36904761904762,264.4213337439144,240.8526048417562,6.111111111111111,19.595238095238095,71.11301035565741,357.91977717091197,81.7826797385621,100.32876382876383,81.93963226316167,102.88467088467088,130.42857142857142,717.0492451362338,4737.220706267604,2862.6300282640527,426.2953781198374,290.0933474658965,65.95859213250517,209.2296376463043,1937.5547114570431,28377.883354198708,7094.014311384525,1547.4368755456217,1958.7593459198795,2689.917308656249,181.7384398009398,965.5728611019292,7960.347684696537,10294.330969231887,221.87581862581862,6455.755009007673,188.12418112472037,276.93659118659116,61.80977351428171,25.404761904761905,84.76757594089717,9.281135531135531,176.94895382395381,117.24603174603175,313.86507558315384,244.36674436674437,124.65846069135543,52.15406162464986,50.502087284695975,7.5,93.56062726260095,207.9457903207903,37.672619047619044,308.2576655208234,142.1103896103896,85.88064713064713,46.239627457369394,225.81440104814718,17.833333333333332,17.713323713323714,17.805555555555554,68.32105394605395,328.59271284271284,186.1827460534357,24.17303067303067,54.83382140735082,40.964701964701966,107.48585183879301,152.24247974247973,140.56732156732156,37.74603174603175,296.96484996485,3.0,538.9603528852755,165.94434731934732,41.33730158730159,160.74188719776956,76.19481074481074,85.48726110490816,665.9817267688363,75.23051948051948,23.11111111111111,24.33712121212121,61.49982762204062,46.65079365079365,12.023809523809524,34.87337662337662,53.25815850815851,24.613478139793926,11.074404761904763,21.98748473748474,49.11111111111111,48.19003949267107,23.63095238095238,29.94973544973545,34.55266955266955,11.929292929292929,51.894888736994,111.23860472198068,265.5452999381571,33.363095238095234,41.57509157509158,37.44047619047619
8.335633475719682,408.40002643117333,272.47752722863925,355.06086498971115,340.7532997680916,1098.798181121593,89.90000963041274,9.629401569056741,1169.389415642121,127.75857319372356,15.28735632183908,467.9771962977054,90.61511469054572,3221.1982937855782,125.34571925593961,47.64643223785692,208.76941978698227,1132.2888445621177,56.82588446970281,156.7921197180929,82.32282412670344,408.8713936883385,34.02239166984336,332.9258845059577,251.60537350280958,435.72383048101455,678.5885933856589,27.583386926629828,838.8811017843024,2090.324645642975,7.471771331424902,183.101303608659,9.990272179927352,55.434020360618824,26.723895152466582,2.0,68.86747543644096,61.72642544768981,1944.1714587682754,116.2410926611707,305.75269175269176,157.70383003167905,3.793103448275862,196.41157028828314,180.1142598671549,200.66512624816187,6.285714285714286,12.543106969018822,4.971195471195471,114.27392592757704,657.0596989143122,6551.392006150142,1023.4949536897828,2298.4816977572777,608.8503521969128,795.6126573496605,120.45923176266545,4.6269841269841265,1.619047619047619,14.969074986316365,4.0,13.614366157469606,606.8669003569408,46.24730244963511,18.514414785756248,1.8452380952380953,10.59752747252747,61.559429618912375,123.89318524004435,15.202833245936693,22.577683650959514,13.665099268547545,26.791912110877625,161.24280504993672,108.33146492061677,1.2142857142857142,5.34852838732149,4.115900383141763,36.60786865517073,44.99948279689659,6.895843573303623,1.7692307692307692,11.536693191865604,3.3460871822940788,100.95963850534989,36.32569952397539,49.72975082561549,21.292518945081724,6.42275588396278,5.038314176245211,7.351097178683385,839.6323435092933,1085.7698448949618,9.609552154195011,30.817099567099568,123.55657969433594,30.758352758352757,5.909036028204385,16.428927701853738,17.579906204906205,74.7447286430045,22.87650519978106,9.030856595511768,24.95769356191154,48.553946462034695,5.753571428571428,2.083333333333333,3.60344137655062,37.9875428613036,243.74730346174914,7.229591836734693,27.099156590535898,35.205363761398246,61.48385441718775,218.74369580901202,6512.145301303223,1643.9647990635644,169.0207511150895,15.095048536175533,5.755323689907868,73.50596269418108,683.947634868387,17998.22933796841,665.0650136676177,931.7724881640534,1877.950542022745,2759.0183738988217,12.828013256584684,341.4208069218047,4287.485048301698,2369.769755319727,62.87521491338847,4205.8005749463,11.529241658349163,495.20741950245184,8.606802721088435,8.273559773559773,4.475153837222803,15.308080808080808,1.2862559188778702,23.505863184434613,5.808702791461412,27.840227540658574,74.36680449180449,6.355311355311355,29.742907963496197,15.58151618496446,6.019866149176494,36.425081623357485,26.284030784030783,5.425218938149973,11.917929523293507,4.93006993006993,0.0,14.252846790890269,1.5505952380952381,10.164203612479474,2.3492063492063493,35.096720001131764,69.15555182834595,26.212560386473427,19.30053445335577,44.325345289631,11.46672748106956,45.13948150018377,74.6919316315868,8.069487983281086,2.1031746031746033,16.159789972899727,0.7668067226890756,40.46876221753069,147.68643411870013,2.321988356471115,21.094627594627593,2.142865435968884,3.886243386243386,60.750996130306476,76.42855803200631,1.7687074829931972,2.5,5.31140101728337,30.59447496947497,0.8333333333333333,0.6093906093906094,2.374039359333477,35.593209206028185,2.2222222222222223,0.0,2.142857142857143,62.415712065712064,10.761904761904763,7.984315652419101,0.9688013136288999,13.36125177504488,0.0,119.32738443125103,162.14695994436073,37.262515262515265,63.64731724214483,1.830870279146141
305.5429729707127,57.6758964719491,1413.5300051007193,36.34158364466584,823.9006715608085,2053.0497166503133,385.798719647932,137.68227973007384,2872.125173427174,167.71000815387256,22.869123931623932,741.5287312687312,635.8520818070818,4310.519271236237,490.1862191512191,23.17965367965368,461.062870549759,77.78731209266924,96.63086590818284,211.1038025466597,1251.56372139765,1169.820942899693,13.868637110016419,773.5121899444952,1324.7945987676344,2253.2309049189544,4073.4027652251166,925.2009136940105,1928.3399646607727,4626.427195603215,56.89574314574315,1312.5778670375405,5.1123642439431904,102.18636363636364,23.58150183150183,37.194761904761904,145.71866522366523,35.92989417989418,569.8711924785454,744.6016937427652,76.53551587301587,1468.693760596329,24.424574694311538,1688.6826771410454,294.32490426240423,2045.8668135941246,34.60164835164835,107.7006105006105,32.06190476190476,54.41167166167166,3106.1649572785122,6258.233371226073,4169.181853501355,3837.7864580233995,4654.792457693835,834.1253427516331,1113.2728294383635,4.152777777777778,15.109126984126984,21.083333333333332,19.63095238095238,16.873015873015873,330.8511969511969,255.37008636788048,121.65026455026455,2.2817460317460316,2.964285714285714,43.46611721611721,95.74963924963924,53.444191919191915,664.149980416409,223.61514041514042,39.1936507936508,1844.1050526193383,235.0472600656424,660.0003968253968,227.0428155503987,125.54154995331466,567.0073809523809,159.71109802895518,71.99825809111523,276.93878205128203,11.091269841269842,117.38758880008879,154.97424922236564,61.235694860694856,498.4318718908657,251.63922441293968,78.54334554334554,17.990538258038256,26.25,64.57979797979797,4221.441936307183,36.46663059163059,89.1282372598162,85.46375152625153,28.694911297852475,31.797619047619047,7.8521825396825395,40.89769507726455,225.65786213786214,50.766955266955264,199.16798323369753,466.9415791696782,467.7672837583969,8.125,4.706349206349206,20.051190476190477,295.5790060468632,184.32896825396824,16.462626262626262,47.68518518518518,135.24761904761905,88.905847450368,2663.920045242323,7142.586079795259,2894.8265911115354,1218.7535055601597,374.4973593073593,50.86825396825397,76.12286047286047,1268.6194003747576,24347.752018749416,952.6853220029354,1871.677868559234,3354.323048144666,7737.512212298418,56.18983677141572,744.0678853157424,5917.67343365525,3095.514641082694,562.6428025678025,5229.968959487479,150.05535714285713,104.0677072927073,33.57484424072659,75.54563492063491,68.44069264069265,7.083333333333333,5.469696969696969,56.72529921059333,9.775132275132275,17.583333333333332,87.24534461773106,1.6666666666666667,23.519540644540644,0.0,9.838935574229692,17.155810855810856,1.9259259259259258,3.5,179.3452380952381,30.039455782312924,10.327777777777778,90.63313492063492,14.696428571428571,3.1349206349206344,14.261904761904761,628.9841357755223,104.67016453045865,17.59722222222222,4.761904761904762,82.34728234728234,28.928571428571427,33.5692499221911,37.311438561438564,26.656565656565654,23.448412698412696,0.0,5.806277056277056,166.33197007241125,85.98965253218685,43.75,99.77150992282571,9.104700854700855,76.95238095238095,6.347222222222222,51.87703463203463,65.10039682539683,12.866666666666667,20.336774336774337,44.28058950853068,20.30952380952381,53.82440476190476,0.5555555555555556,35.81164021164021,3.748702686202686,249.04818594104307,12.910714285714285,42.30879453879454,33.516666666666666,185.74563492063493,1.7857142857142856,9.011904761904761,19.90343915343915,172.64649278310267,199.39927075714746,73.26551226551227,19.63888888888889,5.333333333333333
77.34422859748946,169.82946522076955,1114.7911271490636,56.37994581176399,1119.589802305629,1022.8518968734315,560.351768835355,22.897546897546896,2280.4327031261982,109.60215712827231,4.904761904761905,211.07160431812025,110.15885470349755,4492.535678640135,179.2402408593585,128.98814586339248,202.22047473223944,318.21588921581775,168.08420847114456,187.65987761478115,828.1171110477889,193.02788127854086,20.9562358276644,1038.6588743350114,704.0764474017338,2581.989904301411,1196.772933694532,300.0887680965937,1228.7016287139281,1983.870484510521,13.722055722055721,1040.261035332025,46.868004091867725,30.664372664372664,23.796588332302615,11.761904761904761,381.88635760647037,213.84858542095935,822.2044587155758,133.12050163570407,161.3949100697,794.0958237113042,48.57226366453981,183.2427756990814,171.24705275484496,595.6560084317276,2.7714285714285714,20.726542546843298,310.7153360055837,502.1545962710934,1994.4658226008626,4877.102788180994,2949.9887449870134,2947.715131326312,926.4795769324151,1364.3103927435438,648.4174078034258,13.806388056388057,37.687744007348165,14.873015873015872,5.081959706959706,99.94204969902067,1043.2815847635632,25.075355596784167,26.136404501583073,18.736454517704516,44.59391534391534,183.7216808634876,440.0379494489682,18.567720057720056,76.17312043747268,160.82763107893138,382.69655406875614,722.7642789990192,706.8240375498173,40.47319902319902,82.37219293818673,29.36384448884449,912.2050771648707,188.5799127772812,131.75440377275055,45.63492063492063,21.54256386540221,20.08544485817213,308.6062027555094,1206.3868121118524,401.04603476588767,332.594103597636,63.1076225674352,19.917704649847508,61.883116883116884,766.3708106473069,1346.4917699437144,32.49804921968787,28.472402597402596,59.50928515928516,18.579540907271998,2.5,121.64732476974439,28.957050885622316,14.608150183150183,160.0697880162166,55.849801398980155,111.11083754092529,161.03588476338476,0.34090909090909094,6.858141858141858,18.04301720688275,664.1585618785417,54.3898772193415,27.218943358229073,182.44073023091005,30.241074357741024,35.67444037444037,1435.1678371101107,3352.2387081541183,2594.558890769934,109.47274020081719,485.8608237254921,59.154430068425285,91.55844155844156,1207.8598649848575,16607.823284436585,3517.7139915230077,1855.2513750381486,4012.9645191404115,3454.5939401085234,138.24121931426606,1324.3684953327238,5048.10816927075,6377.450669862892,166.37821084144613,5991.440958981081,198.70205686743932,279.8190212398267,7.203274710107008,32.68030580530581,82.01626502336917,1.0,38.15660667509806,149.34199420045283,157.42937346469955,85.59918784918784,143.81099485726563,16.866522366522364,91.35006301665965,2.8703703703703702,21.680555555555554,173.5752886469273,20.549340342197485,55.293276168276165,99.92651885626908,38.8139380460809,10.815018315018314,29.556710198014542,2.738095238095238,20.9948371734086,5.335569985569986,267.43916793990326,323.4972402053284,25.86292270531401,18.313164108618654,16.109324537895965,10.250868529229873,42.80657768157768,185.9463591963592,415.5749686185691,59.491128976843264,9.732453558346416,1.3571428571428572,802.4721188421137,87.11202448345306,32.99603174603175,344.97546037696964,228.8249162805813,498.9350670921049,227.3322934185329,3.9114718614718615,4.070964749536178,1.12,67.98729183845255,95.15425685425686,5.243589743589744,8.92389554889555,24.170658045658044,43.55850155306952,15.60142833357119,11.142424242424243,0.0,122.29303996442154,13.09767316017316,83.00593959792742,28.058392091000787,13.065823065823064,25.994666048237477,34.41323252197865,182.45199822953833,32.137661480676186,14.913454270597127,9.5
231.73477144803914,3963.3473282965774,5093.238486543568,999.4451349266614,667.6025083229853,6321.319804819183,1044.0407765211464,31.118874168783424,5388.304740924617,184.95490284821045,14.043290043290042,102.20767195767196,38.045195850650366,15449.292738049515,71.45390289298024,7.7354642483952825,269.96065198605766,27.739719247613984,772.1271324553082,81.97990288766151,1660.4563103180485,90.91013433531582,42.88611981887844,2515.054122256712,1821.3653839188498,3117.5247319130326,3010.2758164621805,439.90571186557764,1699.7651501253094,8523.571779010961,14.291666666666668,738.975826384529,187.23029570371253,38.6093918707555,130.8213264190759,171.05901791098736,170.77170044879404,459.71949757130824,488.7386197501424,1073.247525913047,97.64416225328894,2123.3064375081913,301.5622484287173,539.9353133686553,310.21376565499014,290.00066899900867,26.517171717171717,20.82501534225672,86.15222049475295,1275.8395131622322,6739.591121345929,11111.519279889413,4532.90641784069,5012.077264799591,10532.594072360562,3668.088919766521,1889.01474818614,44.96515151515151,165.06042568192248,857.8087979421572,39.05639072506889,259.9582496579623,403.179586762104,309.6388758402012,141.0356509996618,27.458341726988653,123.03156727317884,93.04990882487479,1235.4907616365936,463.67197903667306,238.11118812800993,172.9587273820486,4.696987995901039,793.5222605649911,1512.6552608952675,71.20710733686187,70.8000480492295,5.789873955978642,92.29792091641586,31.695178123167043,26.59860874056218,9.767316017316016,1158.710014287709,180.88437643387732,3668.2336998368523,45.335815047021946,2215.5473785701884,157.85657200582293,108.4630488667044,35.90250650572792,11.99276418026418,9242.460725354198,7862.141230881647,382.03788612022674,2.5,98.72038192687543,27.541710463449594,118.1813788063788,1879.461140128843,18.259950210608103,401.91841570093277,118.52584529212197,220.38475924971905,174.78150499982996,62.501015254586676,15.589790956170265,64.94610322627564,130.31318706755215,170.747207454104,61.39904284781246,519.7001778921667,21.05457145920947,69.14319695863598,30.012445887445885,1308.269825490278,2318.5310902109336,5583.364345921565,307.49469850828746,317.585836062154,188.34744983852127,269.42904202824803,5089.464007614434,45825.680130707995,356.99753903810074,1187.0941042254042,2670.3260189365506,6818.775330363044,138.58692410172674,2040.811381332549,21288.299553456494,18364.278823779412,234.99958384252642,7038.413314014791,154.1129831700845,154.0091724713478,14.699484165250798,30.604836006946396,79.67362717691665,0.0,193.7501158699688,50.65337750070054,81.41655624095674,566.4496605323067,7.486147186147186,24.503684807256235,489.94705901838444,315.4170266623366,46.78606777960226,175.22610978035206,89.56862031646514,50.85492395611443,90.83132989015341,88.30525955525955,212.5430034605344,100.8682326031788,5.138888888888889,66.48516258645569,40.161651356773305,135.01387085137085,51.12852425352425,103.12999452654624,14.968253968253967,5.361652236652237,12.167910633427875,5.039528418204888,2.2395382395382395,92.7083364973517,54.203490518374025,4441.995993632649,6.041666666666666,188.854887734446,632.2235563765736,233.8292980828695,170.87497644329378,549.7586774873394,139.4193848983193,255.04762368965118,1.6,11.214424951267056,4.295566502463053,78.00824283009044,765.3735361731293,72.58066567934989,26.339659296345342,45.81662032093066,3.75,114.07313591580832,113.10512311762311,53.024170274170274,96.98097041847042,5.925925925925926,41.154451886971465,7.993905217589427,2.1875,83.14390756302521,4.282407407407407,9.934974747474747,2.454352664878981,212.61923827417525,2.166666666666667
140.06121039454374,1728.1663623413624,1310.3165676915676,902.6394600769601,97.43589743589743,2610.11944028194,232.04175454175453,97.15132783882784,5205.6709530548815,105.19089706589706,22.333333333333332,153.87174862174862,53.704415102441416,1376.702226300388,860.2233946608947,257.938532303388,261.20207385207385,173.4598146951088,155.47301587301587,198.5716774455044,690.8889767639768,242.5489600269012,46.7539184952978,867.162693757855,469.96509786509785,463.5081409331409,1917.8982183940516,125.490860990861,790.4611333655452,2044.1331657857393,170.14583333333334,393.04296808329065,18.757575757575758,1187.5557533863985,29.305555555555557,9.5,411.11284780034777,86.72222222222221,2522.470741087132,377.08354377104376,219.89063714063712,193.0600603100603,23.333333333333332,539.5805167055167,105.11174242424242,159.9765512265512,44.26282051282051,94.9281413031413,172.93521756021755,109.77417027417027,3201.4217132979775,6471.639314868135,1136.9640210446662,1248.0821563913669,1775.594332174247,1550.9762108679402,222.27836977836978,2.7972027972027975,4.166666666666666,43.888888888888886,26.944444444444443,11.688034188034187,97.5964590964591,1579.4930532430533,53.785714285714285,1.6666666666666665,21.555555555555554,24.47835497835498,150.89249639249638,22.47339466089466,31.927849927849927,81.51190476190476,19.51923076923077,303.13502619384974,92.38807488807488,54.111111111111114,71.34722222222223,63.09424603174603,47.99603174603175,38.333333333333336,71.56962481962482,12.083333333333332,27.54059829059829,15.428571428571429,125.68725718725719,85.13765580297839,243.87702550860445,35.08712121212121,6.25,29.90277777777778,19.634615384615383,350.20696565971684,843.9530082428253,33.492063492063494,18.24074074074074,48.33333333333333,29.527777777777775,20.15343915343915,22.0,86.6058201058201,13.666666666666666,7.1726190476190474,36.387445887445885,70.4447142363809,102.56555100672747,311.9232804232804,23.85185185185185,9.444444444444445,15.333867521367521,1490.6267436267435,23.474839430721783,48.194083694083695,156.75557621390953,26.397306397306394,419.5297357154942,2810.7916516064306,1376.1892135642136,217.2190883190883,168.01719576719577,0.8333333333333333,897.8253644503644,1736.479817042041,12998.562056678427,376.2780982824842,1516.2513050569503,914.1563714063714,2754.0351617319357,10.38888888888889,868.7689906711646,2804.0626324397995,2681.720628740598,34.48447712418301,3645.5867678846703,182.80555555555554,55.06349206349206,22.857142857142854,10.0,114.12626262626263,0.641025641025641,20.833333333333332,44.41017316017316,2.8846153846153846,29.21212121212121,38.61344211344211,4.444444444444445,20.0,36.72222222222222,110.74747474747474,61.59894734894735,15.726551226551226,19.27777777777778,420.0876623376623,20.006944444444443,15.416666666666666,17.886904761904763,24.63888888888889,12.666666666666666,6.428571428571429,93.27272727272727,63.65530303030303,417.3436026936027,0.2777777777777778,305.6734126984127,13.976343101343101,32.5,2502.971821388488,55.29184704184704,10.0,16.666666666666664,10.666666666666666,175.3502025155251,72.76515151515152,24.333333333333332,32.5,0.0,62.939255189255185,30.492424242424242,42.84401709401709,20.27777777777778,1.25,14.155844155844157,17.36111111111111,0.0,14.222222222222221,5.2554945054945055,17.07142857142857,0.0,22.416666666666664,47.08080808080808,29.333333333333332,25.555555555555557,21.666666666666664,0.0,5.0,3.0128205128205128,9.75,161.2596237096237,1.976190476190476,33.668518981018984,12.261904761904763
611.9687535775771,4048.4135705091553,3246.688290066222,1698.0509934402658,820.4639458199753,8394.380615357364,1758.880554370544,1327.5754406704407,18552.157672855526,884.1238875013875,268.5257936507936,91.0342352092352,548.7817869615795,15027.639803859487,1652.1280224405223,132.21272400804233,3080.233056036153,536.0104188098991,756.8039051893428,688.0878250873375,949.8094540776989,2035.9706865300143,324.4265873015873,2908.746649747053,1834.8336385367056,4830.614821172006,7447.568728392644,718.249594128281,3242.551310211016,4717.84043112151,96.95601851851852,2525.6416554646207,280.03175076557426,5270.59829507765,295.02725052725054,141.9261135860852,592.7174055130305,766.0703871712695,3799.1362278525835,2384.5187609790814,1236.1543518689527,3007.100416408014,95.72986859273624,635.7038304767237,515.8599438936413,1516.696173560785,364.6372738372738,512.7592450062093,710.1301826532218,1118.8884290443955,5491.581987947752,16409.045534707864,4704.224864442066,10514.065750938435,10402.239736494417,5449.177435146672,1632.0545722313175,102.08113365392776,156.8362037037037,671.2779563336726,141.72163656060715,199.3754390126939,850.8196922230533,3493.80165710109,350.21457517928104,77.56876818715054,244.34585571835572,782.9076528388383,2419.5934618658657,653.6844974175856,538.6906295074363,1214.6686306817435,363.44668763927075,1689.5617034031968,1293.9243124123038,730.3373378048378,331.27141595488234,518.2555290545705,343.59951423032305,486.31081182045466,146.38518786380132,575.0892094017094,661.1506076292841,360.37551216769754,2300.764429491049,1164.9087960771133,1024.3053046870448,439.11874745624743,347.0313852745838,151.48931549115372,255.69027070490483,2357.2134489251725,8742.183469489133,389.9394351472783,122.91642300194931,260.053588405059,209.1156349206349,88.37222222222222,551.9510164678508,135.3920741800994,496.89739412004116,180.85538060523353,178.0193333848691,981.5969178041587,586.0348683848683,423.8252599027599,236.3447039072039,310.7209900099606,524.140485511599,1075.309012006512,700.5869287061479,247.72187349687349,713.1466808720004,291.95753923730115,1470.232757223656,6298.301946591296,7834.534633425029,956.8890525091155,561.9781204789608,161.31270216167275,2352.912844135816,5375.41865736218,43168.20237276411,3975.517602376383,3308.7413009111365,4292.828397677802,15660.554067682637,448.274923930071,2636.476143325417,18018.04839545543,12723.951401622999,907.9300538876519,17920.40464435956,673.0453194177949,398.7758590102708,105.40953592975652,72.10639221889221,399.0082060686227,130.84462759462758,63.51527830829301,380.1866562659906,609.1271940191444,532.2157980000335,88.28653980823098,209.16690403822756,360.7406629318394,165.3893799261446,413.588544407662,703.79049666383,112.46291324416325,196.67665052928533,405.4661777008999,534.9509491232391,131.90339330927566,595.3029468702788,168.89262515262516,144.86781746031747,119.2527763242049,199.0267790449513,525.9610368212942,7113.062346910707,96.77267251495192,275.6485545712989,127.95868945868945,78.01785714285714,526.8920765191598,188.87752525252526,141.70555555555555,419.64519292884614,38.37698412698413,958.980260053761,88.52111111111111,53.69345839345839,506.65267573696144,136.48058473389355,60.02164835164835,605.7517133049447,96.18702557363271,72.6686507936508,46.47517704517705,22.980723443223443,181.9292328042328,225.57220434720435,121.31935340802988,191.07617174776888,215.4980687830688,55.61609686609687,178.04405380603538,581.0882703682627,63.16311355311355,227.67011294261295,179.82908341114222,73.78554091333503,8.274761904761904,122.32354751729751,30.514285714285712,98.40225879383773,646.8235449735449,221.872636825578,411.71676077190784
491.69607834392497,14.251700680272108,466.0920905708995,16.10185185185185,140.27075640862404,448.081696373188,421.8851874471622,23.28306878306878,3161.3015905313173,24.226190476190474,198.25814694564693,14.08040027605245,71.51471742543171,797.7441417243169,101.66391743177458,13.203703703703704,1518.082750252393,43.23015873015873,979.241538722797,444.2595301523873,289.1848127168505,92.29701350237065,10.833333333333332,2376.493158439096,3047.762059923213,3218.5185783687734,3158.6964686514325,171.36681313939718,5123.923927499645,515.915344494748,6.111111111111111,2959.5456578306794,116.41165216086434,16.11111111111111,38.59580498866213,188.17056583317088,975.6602210814395,223.04899838723367,83.03618256743256,3633.633420947475,938.7373968494417,4486.91061431985,127.26465577813617,151.3455359416494,725.428824819231,1897.3697596176448,8.0,54.82252687399746,71.05074555074555,5959.3595987743165,1622.2629595920212,8131.110768182264,1182.4113484160891,6935.913839815729,250.05004426984468,2023.1370159978003,827.6428166254847,83.60469187675069,65.08888127900732,7.744708994708994,99.05580262407993,64.05194805194805,1154.5244542650005,32.89357864357864,29.041789106214875,2.380952380952381,74.28249464769073,93.15952479207887,5836.669475842007,34.58754208754209,450.8147413199934,361.7473089410589,802.9586023026148,345.9655304040808,3957.8712055658834,45.29400909547968,707.8095716919246,89.60068436854151,30.981570512820515,28.89739229024943,492.2818766501444,97.45299837106559,20.753968253968253,168.27265300059418,750.2211704126095,34.81280716063325,2341.9342328248317,56.23719336219336,653.5328815286798,151.95315904139434,125.47375111660826,140.59444918215925,3331.5064458378533,72.52341492152416,121.06691919191918,35.59810057092666,163.89657564657566,94.10217420301454,26.93452380952381,20.419759570494865,78.61087920016492,454.18096207662035,67.99488420076655,131.85555838497015,400.4785784684244,24.21825396825397,17.22222222222222,58.106782106782106,328.8056758056758,16.3289937186996,37.730625583566756,32.38095238095238,26.417245845706702,90.50780918427976,1753.617971068251,389.17570435970293,527.3617144410211,73.56005533526542,82.83476926123984,180.7122830192683,297.73288583110013,1065.46723383665,17224.841676609973,3891.8304683867777,3244.5293412251413,7203.154163497485,1873.3235121690477,389.8386366298656,707.4801789052839,914.4612420434374,20585.34028443416,567.3662192149587,8767.957138122727,272.43041145168246,26.656474628295967,21.92956349206349,11.957070707070708,146.61640468153072,4.748677248677248,13.305555555555555,102.89635854341736,354.66162689823403,2088.2839473201866,15.370670995670995,70.5719954648526,18.070887445887443,1.6666666666666665,75.20908421848272,187.534867650764,63.5664069046422,1545.0499346533484,50.21825396825397,99.25515509233996,16.24762682850918,164.23499342238838,60.488761238761235,35.33114761055938,22.92712127586077,30.540199451964156,118.94850288600288,22.843614718614717,49.134349867893285,20.34722222222222,99.59385521885523,4.523809523809524,16.84065934065934,61.07278138528138,1.8928571428571428,1.0363247863247864,5.892857142857142,795.458881901634,72.12698412698413,36.42492552576586,72.00054112554112,1.0416666666666665,539.8641774891775,1257.344793113438,16.75925925925926,330.5798024726596,2.9365079365079363,161.0653922845362,28.825757575757574,10.78628117913832,105.58083167221822,608.2655937202782,3.1919642857142856,51.37486863432241,33.88405014783691,0.0,2.2916666666666665,5.317460317460317,259.4406290876879,100.32494942421413,230.13581543728603,107.81197478991596,6.155015197568389,7.516865079365079,135.59848484848484,80.32621653945183,3.3068783068783065
