1474.2484250926477,8126.803306372577,7311.916189502422,1991.9954812750634,238.69754584479648,2730.1425373168427,1897.9648745200536,607.9539464218735,1624.294902538128,1884.2178110669574,1881.2104894545314,991.780168408843,1108.8520144690685,998.2327710662094,1460.5887723425562,803.4864378509255,42.72838642838643,247.08045614648668,283.87910113540363,5024.313357581747,938.1776855601086,1333.6131641784061,101.96894300393265,946.3334309576235,178.53907833926607,1965.0744867797548,1910.26516034899,623.3812192219544,3060.9758918822645,179.20349442136245,85.80334355964608,354.8400161566828,2151.289530513136,501.0062097270921,1957.4155826238828,548.7375639649799,605.6296199831914,615.9623399478858,620.9013437900845,1627.5313426789587,1602.1978357861108,1321.3651790734423,4443.649267376892,1695.8011410949964,3222.241715667503,1453.606928977237,903.8630272873487,712.7328827575482,152.96472178615036,256.1822985915423,24.83543771043771,263.02233885006996,20.138110799875506,716.4365789169211,4662.495673213892,677.64777518526,85.43509959539371,146.47828282828283,371.7096609796648,1034.4531278167833,338.0070386351899,1518.1145101674315,1559.4906743920048,204.4944955190053,3.8888888888888884,270.6952871202871,85.54671201814058,24.968599033816425,23.556791092505378,1001.0786465094466,195.97336659441922,118.2160177202194,1095.5574643662178,224.26137790780646,178.81651094781347,72.88749034967522,1.037037037037037,62.51284675486356,14.977513227513228,22.297153507867794,665.3975579586923,105.66461148181602,65.8478835978836,358.39727154239586,368.73648148148146,6.307671957671958,504.98372682406296,62.36441645431007,395.02279561397205,578.2754968861411,88.24249699879952,568.6223795293823,75.49891774891775,81.91254829826258,40.86719576719577,183.9130183007376,39.62418300653595,43.32615498250173,8.920295390883625,52.59944684944685,84.23715790675357,7.339758125472411,118.45079591612313,32.53776874386118,639.3520455800344,45.616118669690096,842.4979177855566,108.30191199282528,167.48151499916204,23.502532326061736,286.2465527975809,58.61630308689132,151.28896245366832,5.675925925925926,102.4209219858156,90.65657475111256,90.15495107133762,432.53386966942156,2.9166666666666665,37.17890590579666,131.46031746031744,56.947354497354496,79.20103596994353,465.0461497186287,281.84847474343275,29.96667929798182,75.35056757745834,848.514381898418,110.09114294979841,4.848595848595848,53.75433729047174,98.53061582053178,71.04267638679403,217.18245853897113,1.1111111111111112,465.64441309679603,135.97277244231026,26.57142857142857,76.50274832155084,3.3171296296296298,41.99118165784832,5.166666666666667,15.756535947712418,30.377705627705627,7.334656084656085,39.299299719887955,6.281746031746032,9.021957671957672,40.87401715931128,31.22169312169312,9.062830687830687,19.378521478521478,4.448412698412699,337.4264322103016,138.10149273384567,37.339317208364825,35.272193220722635,41.50826997465653,9.208333333333332,11.420634920634921,90.57550729693587,12.001499118165784,25.629761332142284,20.073544973544973,34.478456028876195,9.624338624338625,167.4935881933998,10.420634920634921,1.0714285714285714,13.702279202279202,24.337784002489883,8.35921035080699,5.14654481321148,18.752645502645503,13.515653428696908,78.99965907108763,181.90191025905312,91.03015873015873,41.125850340136054,16.313492063492063,14.353655603655604,1.4444444444444444,55.27066180007356,5.264550264550264,10.852116402116401,17.263279048993333,41.545143309849195,52.58584747030125,66.51000690131124,0.0,3.3333333333333335,21.874338624338623,4.62962962962963,3.3777777777777773,19.756049506049507,4.821428571428571,60.912774200589325,41.437325637325635,2.7777777777777777,118.3738808654775
330.40476190476187,2347.9836459836456,711.8650793650793,226.05555555555554,302.01388888888886,705.3373015873016,246.25925925925924,122.05555555555554,91.7361111111111,271.50925925925924,231.1706349206349,265.9858104858105,50.86507936507936,425.6626984126984,191.25,64.02777777777777,263.27777777777777,49.09259259259259,31.666666666666664,71.68013468013467,51.858585858585855,228.70238095238093,79.98941798941799,93.66666666666666,294.77777777777777,179.16666666666666,881.4246031746031,409.7678571428571,264.13888888888886,95.55555555555554,58.74999999999999,256.2628205128205,62.67063492063492,681.2407407407406,897.7592592592592,44.58333333333333,79.96031746031746,78.88888888888889,224.05555555555554,630.2380952380952,179.5,237.8968253968254,479.98148148148147,188.16666666666666,945.496693121693,572.5952380952381,117.85858585858585,103.46230158730158,106.38888888888889,117.30555555555554,61.11111111111111,36.388888888888886,49.44444444444444,44.55555555555556,33.19444444444444,13.472222222222221,6.666666666666666,139.44444444444443,92.94444444444444,45.27777777777777,31.666666666666664,153.0,145.38888888888889,26.888888888888886,452.5198412698412,236.30555555555554,15.238095238095237,5.0,19.388888888888886,130.0376984126984,93.19444444444444,13.666666666666664,15.555555555555554,20.555555555555554,2.4206349206349205,20.97222222222222,54.99999999999999,17.333333333333332,26.658730158730158,43.464646464646464,27.555555555555554,74.42460317460316,85.98465423465423,29.999999999999996,34.02777777777778,24.166666666666664,64.94444444444444,10.0,58.74999999999999,17.22222222222222,8.333333333333332,1.6666666666666665,26.805555555555554,7.083333333333332,12.222222222222221,12.305555555555554,28.333333333333332,32.22222222222222,0.0,14.999999999999998,5.396825396825396,10.194444444444443,88.63636363636363,10.0,47.55555555555555,48.33333333333333,0.0,43.05555555555555,7.999999999999999,14.722222222222221,65.83333333333333,39.166666666666664,23.194444444444443,55.888888888888886,80.66666666666666,12.777777777777777,6.111111111111111,29.39285714285714,1.6666666666666665,0.8333333333333333,35.0,35.0,5.694444444444444,63.80555555555555,26.111111111111107,7.222222222222221,38.388888888888886,22.777777777777775,17.5,8.333333333333332,7.5,5.277777777777778,6.666666666666666,14.277777777777777,3.333333333333333,24.444444444444443,9.166666666666666,18.333333333333332,23.749999999999996,11.666666666666666,13.333333333333332,6.499999999999999,0.8333333333333333,25.11111111111111,4.166666666666666,8.333333333333332,2.5,1.6666666666666665,32.44444444444444,7.777777777777778,12.222222222222221,10.277777777777779,4.444444444444445,47.0515873015873,0.8333333333333333,4.166666666666666,15.555555555555554,6.666666666666666,8.166666666666666,11.249999999999998,10.833333333333332,0.0,6.666666666666666,1.6666666666666665,0.8333333333333333,20.0,17.77777777777778,19.166666666666664,0.0,0.0,7.5,1.1111111111111112,12.5,1.1111111111111112,9.583333333333332,28.999999999999996,3.333333333333333,0.6666666666666666,0.0,3.333333333333333,1.6666666666666665,0.0,6.666666666666666,8.333333333333332,0.0,22.444444444444443,0.41666666666666663,12.777777777777777,5.0,0.0,1.380952380952381,1.25,1.6666666666666667,0.0,5.555555555555555,1.1111111111111112,0.41666666666666663,4.166666666666666,5.555555555555555,7.222222222222221
787.6817387233825,7510.599790382449,3812.0525691366256,678.8751521354462,1204.4809002560055,2337.3241643810043,453.5326105304475,108.68044392370832,204.09521935864646,600.4305081950753,524.7324083909157,471.59961288991286,113.98549367299367,516.5449827930523,719.5110119303588,269.121180582308,53.50296196734369,253.98112971993288,64.97828868662202,1413.0923200198026,70.38119045598037,190.9728253552969,73.73256573329645,211.56076677627797,67.79567964301293,390.9184415202744,2069.3460690068623,452.2244817917761,840.3820779381173,238.18157684059835,77.98951758118424,280.55799113171685,394.92865736651964,502.51545295234126,1642.6185363106251,68.20359501609501,238.0888980415296,72.83115403115403,311.2943845836703,769.9411357891609,444.6270091144188,551.7559073480126,1061.5460869842161,672.6056780406764,1875.9206433391682,915.1398951913566,262.22913082946286,930.2880155553215,55.00707163207163,40.2227441870299,15.859987234987235,28.061313414254588,13.231794131794132,218.40870455395074,763.0769578224152,47.447903947903946,50.96276272746861,122.9820845750637,201.61021318913475,100.04270163906018,202.58966896802917,325.10702058390063,179.42258785476912,110.98353344186677,5.809941520467836,40.16676379176379,34.885754543363234,50.7687400117981,24.984808401475068,275.22639049403756,244.87444818792304,12.507111935683364,192.72267547267546,82.00776012766823,54.838897810672,8.407407407407407,19.70016326266326,11.844720035042615,15.223544973544973,2.8743240886098027,119.1543254849656,121.58629601283663,48.3080933227992,56.00223173447981,39.90576746350038,83.04279735858682,82.57471926221926,27.51743789243789,33.621820309320306,79.58829822363657,9.87999037999038,55.06280756280756,41.4901205032784,13.125485625485625,66.07093017379228,98.22512617586054,14.92828798185941,19.87512025012025,6.736873284667402,13.300354737854738,10.640858052622757,47.22184255403793,17.006455554249673,2.4761904761904763,120.40935453435453,7.3132816257816256,108.6925875050875,18.62211862211862,40.13326422254994,5.742063492063492,69.52325022281163,25.684854497354497,11.820436507936508,12.156975156975157,28.78515311848645,12.736672278338945,16.121489621489623,97.57248885373885,21.378417107583775,21.726190476190474,36.91800020966687,13.452972214526836,7.545010545010545,47.11507936507937,27.822490830555346,15.876293459626792,14.730564298675754,328.0694634632678,27.413387610554793,37.87986814772529,3.3174603174603177,13.236243603890664,15.739835700362015,27.872120934620934,3.402872260015117,31.454466829466828,9.448588448588449,4.865079365079365,33.102927773980404,17.642354335902724,30.77588416874131,2.976190476190476,10.94251700680272,22.59946226612893,2.878787878787879,10.251262626262626,9.238751203917916,48.45276999688764,26.729256854256853,41.57275132275132,12.03968253968254,42.35320235320235,16.397065897065897,43.05679505679505,10.015385686438318,6.365079365079365,5.802028218694885,5.31084656084656,33.10663608877894,20.02200577200577,15.241300366300365,11.241159711747947,8.121607228750085,15.362433862433862,3.7301587301587302,28.21043771043771,8.281903281903281,1.6666666666666667,3.118796257505935,13.327490592196474,1.2222222222222223,6.91005291005291,3.5546642899584073,26.544282715335346,5.582705941401594,12.554232804232804,35.48850019805902,33.75466901676579,15.395983645983645,2.4537037037037037,8.58994708994709,20.615533345796504,1.0714285714285714,2.4580280830280827,1.738095238095238,2.128835978835979,4.87037037037037,12.938552188552189,8.98049118637354,113.36945073764707,51.582926590666524,18.447186147186144,7.184246309246309,2.5,14.940688940688942,126.73179289845956,10.263588263588263,150.96894216894216,0.0,3.8803418803418803
257.7811864061864,1102.889035279354,172.01953601953602,9.166666666666666,65.7173890923891,399.309998643332,155.21153846153845,10.194444444444445,14.074074074074074,49.06888481888482,44.23587369420703,77.16396874730208,4.316239316239316,100.87271062271061,290.69113756613757,28.488603988603987,253.18803418803418,11.540598290598291,18.166900093370682,61.368335368335366,33.26495726495727,84.76066988566988,61.65384615384615,111.77140128390128,18.701923076923077,144.18712768712768,196.83896774521773,38.51343101343101,152.7870879120879,60.48478835978836,51.583333333333336,99.66712454212454,15.407407407407407,169.66737891737893,267.630698005698,1.9999999999999998,46.62713675213675,9.967948717948717,58.152726902726904,298.80597643097644,173.79237891737893,29.154914529914528,358.8453398453398,112.11721611721612,339.7542735042735,358.1723137973138,10.5496632996633,16.666666666666664,74.58811558811558,7.717948717948718,12.226190476190476,22.435897435897434,10.416666666666666,7.205128205128205,85.01989214489214,7.0,104.47725885225884,100.68233618233619,12.583333333333334,9.903846153846153,17.09035409035409,35.95141432641433,22.937016687016687,7.833333333333333,13.416666666666666,285.8048143758928,4.354700854700854,213.47710622710622,26.867504409171076,42.88021751910641,40.05270655270655,6.5,21.07977207977208,106.56125356125357,0.8333333333333333,16.885076252723312,110.77884615384616,6.709615384615384,24.489417989417987,9.722222222222221,11.976190476190476,13.773148148148149,43.074786324786324,5.0,0.3333333333333333,11.060897435897436,11.75925925925926,69.33333333333333,2.3290598290598292,3.194444444444444,3.1666666666666665,1.3034188034188035,10.33641975308642,17.15277777777778,0.0,0.23809523809523808,22.822649572649574,13.376068376068377,22.951923076923077,20.305555555555557,27.083333333333332,66.92704517704517,6.222222222222222,3.333333333333333,2.1666666666666665,3.333333333333333,5.166666666666666,26.546398046398046,6.07051282051282,3.666666666666667,8.416666666666666,1.6666666666666667,0.8333333333333334,601.2503561253561,3.0185185185185186,6.888888888888888,0.625,3.333333333333333,15.36111111111111,54.31074481074481,3.4999999999999996,7.222222222222222,3.5542929292929295,0.0,0.0,14.027777777777777,3.611111111111111,12.87037037037037,0.0,0.0,1.9444444444444442,1.6666666666666667,0.41666666666666663,17.167735042735043,11.793650793650793,9.166666666666666,5.888888888888889,6.25,0.0,22.5,1.5277777777777777,25.17063492063492,10.777777777777777,2.972222222222222,27.0,1.4102564102564101,29.66025641025641,4.722222222222222,3.333333333333333,0.37037037037037035,13.432539682539682,0.345679012345679,1.25,0.0,0.5555555555555556,27.935185185185183,0.8333333333333333,0.7901234567901234,0.9444444444444444,0.0,0.0,3.5,0.2777777777777778,0.8333333333333333,0.2777777777777778,0.0,0.0,1.1111111111111112,14.041666666666666,5.666666666666667,3.1111111111111107,2.0555555555555554,4.111111111111111,1.6666666666666665,0.0,2.7777777777777777,2.5,5.0,0.0,1.3786008230452675,1.1111111111111112,10.13888888888889,0.0,27.667735042735043,5.833333333333333,3.194444444444444,4.583333333333333,2.8472222222222223,0.0,0.0,0.7051282051282051,5.722222222222222,9.222222222222221,57.5787037037037,0.3333333333333333,1.282051282051282,0.0,0.0,48.6531339031339,0.0
244.02587600594566,1228.2026036222346,524.8482696325267,67.55496031746031,194.13225253492655,501.88776126296847,120.1080200681856,75.79169071669071,52.36109415276082,120.50306830880834,169.85669827747626,216.60671200930113,16.921085858585858,200.33403338526676,406.3177024659601,31.31267063832853,172.4518192577403,88.15154658427154,8.99074074074074,301.55266565637373,116.63690063185678,48.512649536843085,5.111231361231361,216.50585117401423,19.12517067759003,158.23896019510053,1274.8925162695773,170.84237012987012,261.1105886599095,124.78158143599319,99.91290191290192,55.05970503667872,63.148352378615535,242.3589458158643,422.26173522774815,19.796441991101435,117.20249656317768,28.814500631902593,113.58379028379028,174.13827372544415,104.82353728143201,86.62983033048822,338.6697377535725,258.9669766192755,940.7753902959939,470.9466624390931,79.47072740031143,63.83696916988637,3.2096052096052095,29.75300625300625,39.09613997113997,0.8443562610229277,0.5555555555555556,25.447418086849325,152.36489059186428,4.5547138047138045,21.232323232323232,32.06430278204471,69.0726557393224,53.46909571909572,23.67634486182873,50.53892266107636,95.3500724186208,26.99669312169312,8.614357864357864,35.56481481481482,5.376262626262626,9.86111111111111,6.361111111111111,74.65777469864157,30.32959426051531,13.38867845117845,19.866332497911444,52.148877094697525,2.0276497695852536,18.282618310482086,18.718849206349205,18.408262884069334,11.203703703703704,4.09469696969697,30.36748354691903,29.274831649831647,3.0555555555555554,15.391067937438905,24.376653439153436,12.383838383838384,3.2009680134680134,56.03787878787878,1.400462962962963,36.39231601731601,1.9484126984126984,9.428571428571429,15.75135975135975,2.2467532467532467,1.1666666666666665,20.71454478255949,22.989417989417987,2.266023328523328,5.337814232551074,2.4706890331890334,1.25,3.2735840548340547,5.744836182336182,2.4007936507936507,19.709967320261438,6.344847468492979,1.2593610093610093,10.75986975986976,18.443121693121693,15.568524068524068,12.574409849409848,4.6536696328363,7.624007936507936,0.0,1.4166666666666665,6.624338624338624,4.4226190476190474,20.95271742146742,38.526785714285715,1.6666666666666667,15.736050986050987,3.9080687830687832,1.3678451178451176,34.06555399937753,56.71270858770858,22.602413019079684,8.172808672808673,23.62022711693764,4.245246955773271,0.0,0.8838383838383839,4.448412698412699,5.479624542124542,8.663394597605123,1.6666666666666665,3.5388888888888888,11.902777777777777,2.823232323232323,17.297979797979796,83.99436469514742,2.8456790123456788,0.0,14.666666666666666,21.901882975412384,0.6666666666666667,0.5654761904761905,5.983956306536951,5.103174603174603,28.52777777777778,61.12394027254708,13.47089947089947,14.936660561660561,1.4074074074074074,3.078204203204203,2.8015873015873014,0.0,11.505411255411255,6.170634920634921,1.9444444444444446,8.84920634920635,0.2232142857142857,102.62425033400265,0.0,11.047619047619047,0.3472222222222222,4.166666666666666,10.296777296777297,0.0,26.89040648718068,1.287878787878788,3.3078703703703702,0.30864197530864196,0.0,0.37037037037037035,6.1726190476190474,4.4907407407407405,3.75,2.014750482492418,10.555555555555555,1.6666666666666667,1.6666666666666665,2.8287037037037037,4.4874847374847375,0.0,0.0,1.2698412698412698,0.8333333333333333,0.8333333333333333,0.2777777777777778,7.791175968595323,0.8333333333333333,4.656084656084656,0.0,39.64487179487179,1.5595238095238093,2.5,0.37037037037037035,42.66232351526469,1.9550264550264551,0.5328947368421052
306.46678590781255,2024.970379626668,849.1215808620578,207.7234369457912,236.13558299236877,547.1361103058039,251.1810007155225,166.8640823402425,64.51899691674734,280.28773667173107,263.81455096574524,251.93693289512473,34.00543135914653,282.6385366812915,667.3218164609697,171.8508099043215,136.13276861957857,122.1381591401116,15.309815538168678,269.3503545059347,131.1203145140822,68.064556552672,17.81286549707602,271.7297640250984,10.81268134493941,251.9632229352443,981.1518927082918,151.58032141557325,485.87765615821644,234.36265813167358,48.50042837947895,64.2600424672793,122.02874097595377,340.10198192038314,726.7970071088059,54.55733769644436,119.82446225532607,67.59464952095865,258.2845138857872,469.333972108382,223.82862032536622,231.49249819931057,521.5394771121244,388.803789330712,1026.5415543838799,520.5138591806515,114.20688818821246,151.55849052716957,15.290102496384328,20.70869985421069,82.52859870432026,3.395753557892777,16.57714177917913,53.65843077095199,230.78923701589235,2.8595952246206915,2.2354497354497354,6.566308243727598,197.02165334979426,69.74676754317387,43.802907024539735,121.84738886937556,121.62645806320113,28.25859026163214,0.4678362573099415,41.545321637426895,5.027141105451801,5.740190530088663,24.07150268143477,146.65601832204166,40.90134601533158,21.06315616958656,31.500418085236987,23.75018549959127,3.3662280701754383,11.630011232311574,28.844081799823424,16.801672585939706,18.20891243259664,6.50031328320802,82.4178700355483,11.615965316517098,44.5894097302766,16.818991154729694,15.036797273813402,1.1520467836257309,1.855510752688172,51.24542277138485,0.7095920805598225,51.0781485068412,4.525900324287421,13.235925433010888,24.019562795878585,4.7164122427280315,13.014902848519148,13.913016324729432,20.847809862170358,6.276180839848072,8.36048454469507,2.543615984405458,12.73454469507101,2.0965226686788654,14.071203281092924,10.483500417710944,11.623603336826147,4.12274429044711,5.486953011146559,3.0752957662974643,9.025628587598028,10.503015440197103,8.968736533960076,33.40693617257001,25.760829448329446,0.4678362573099415,23.502757790533682,8.191149645592203,11.077281016160473,12.883878807478128,95.88812009114781,0.7017543859649122,20.613563986371002,28.393652141105452,2.6203289259316422,104.82726387674538,12.806494282300735,3.0322109036030938,13.104612020246694,68.5672084904343,9.395579428117628,0.5753968253968254,6.173598980616524,5.8812995546866516,38.997484564158306,38.18145680981702,0.8333333333333333,8.99247671149199,9.22465886939571,3.1433691756272397,32.90077269038785,74.96200890437133,5.382695088976923,1.490088858509911,1.2573099415204678,22.281133839914368,2.807017543859649,8.347593376880303,4.318017265385686,3.533721180780004,28.42940685045948,39.21577432127051,0.7692307692307692,34.33563293431715,3.063973063973064,17.020554004778678,5.228096375945838,0.5,16.19579462123322,12.618838763575605,1.6666666666666667,12.963899648110175,1.0434419381787803,56.498847642660685,1.4585927183550274,3.0319388214125054,7.129758760701035,19.763841421736156,10.85131395884084,0.21505376344086025,9.595029239766081,3.616161616161616,8.74873012606459,2.807017543859649,4.699561403508771,0.0,10.662862965494543,0.23391812865497075,2.0,2.661172161172161,3.7652928617840895,7.676112323820303,0.8333333333333333,0.0,0.3709991825441741,0.6172839506172839,0.0,13.033755535792887,0.0,0.0,0.0,0.47619047619047616,0.6349206349206349,8.166531227057542,0.0,17.870472607314714,1.769980506822612,11.349206349206348,0.8333333333333333,84.78685878391761,2.200339558573854,4.829482981647668
242.09202349715932,792.7152809691174,208.9836083868342,43.730926779313876,31.787793598277467,264.0432618456812,54.48006059054446,11.960829493087557,19.415770609318997,104.29631763099505,52.32607953575695,209.0741230823843,11.11111111111111,137.11719343977407,113.83847804354717,60.67524321556579,133.6280081925243,8.679723502304148,8.476702508960573,54.216026625704046,68.74537230988844,38.30521420037549,25.15786528286528,262.82456709010603,32.73297491039426,123.82368395386828,466.0318953746373,101.7613287250384,69.55000853387949,69.3306777247779,5.555555555555555,101.58679283679284,51.86294589520396,198.75183173627875,328.8381172292462,2.779377880184332,28.84690220174091,13.230286738351253,71.96486011002139,218.98067577269615,96.39829171623374,89.75115595276885,164.2868346175781,256.3586362860556,348.7762753658339,322.3659493370868,60.743983614951354,17.433862433862434,55.081605222734254,4.325396825396825,22.448924731182796,2.7259344598054276,4.050776583034647,3.913530465949821,71.01911260782228,3.9085381464413724,12.407203907203906,34.69406041986687,27.73227086533538,6.627624167946749,32.62459464072367,45.54173067076293,13.883399775680882,5.68010752688172,0.4761904761904762,94.8611111111111,0.2329749103942652,10.37378392217102,3.032258064516129,61.3958013312852,29.68125960061444,11.008064516129032,10.775174944529784,2.1804062126642774,1.736111111111111,14.185931899641576,49.75953773322194,10.013402069853683,22.206349206349206,8.793447293447294,4.802227342549923,27.70910332200655,0.7738095238095237,2.913082437275986,3.7992831541218637,3.958333333333333,4.675712578938385,93.32125789383853,8.016513056835636,4.565412186379928,13.571684587813621,9.178059395801332,0.0,0.0,1.3655913978494625,0.22222222222222224,32.83352534562212,3.531874039938556,1.48989898989899,8.626984126984127,1.6666666666666667,22.339563065369514,14.955197132616487,13.569902319902319,4.221966205837173,6.116487455197133,1.30568356374808,4.867011976571379,1.3978494623655915,7.231206069915747,16.0942140296979,2.921146953405018,0.33333333333333337,21.19656283566058,1.9592293906810034,3.2965309779825906,1.8100358422939067,1.8359575012800817,14.282916392363397,0.0,16.296296296296294,5.728195937873357,6.505376344086021,4.050477897252091,0.5990783410138248,3.172043010752688,3.6904761904761907,2.6582181259600612,0.41935483870967744,0.0,7.751322751322751,5.321684587813619,6.678187403993856,17.964413722478238,11.203703703703702,31.662186379928315,0.8125472411186696,0.2329749103942652,1.0902031063321387,66.45289298515105,0.695141377937077,1.6666666666666667,3.611111111111111,0.0,0.6666666666666667,2.2646356033452806,0.958994708994709,0.0,0.0,4.801075268817204,0.0,0.0,0.0,1.507168458781362,1.021505376344086,3.333333333333333,7.777777777777778,0.0,0.0,0.0,1.4523809523809523,2.9175627240143367,0.2795698924731183,5.108225108225109,7.149641577060931,0.0,5.313620071684587,0.34946236559139787,1.6666666666666667,0.6666666666666666,15.166922683051714,0.0,0.0,0.0,1.3888888888888888,0.0,0.0,0.0,0.8333333333333334,5.1813022700119475,0.0,0.0,0.34946236559139787,0.0,1.6666666666666665,0.6989247311827957,0.0,15.035842293906809,11.666666666666666,1.6666666666666665,0.0,0.6666666666666666,1.1111111111111112,14.61111111111111,0.0,0.0,10.0,0.0,7.713709677419354,1.3507424475166412
96.85576923076923,260.8139453139453,61.394332519332515,2.7777777777777777,5.709706959706959,65.05443630443631,24.213675213675213,4.611111111111112,8.251322751322752,84.9490231990232,3.128205128205128,52.01495726495726,1.3974358974358976,18.701872201872202,57.15608465608465,17.435592185592185,43.419871794871796,4.465811965811966,0.8333333333333333,6.037393162393163,7.117521367521367,5.5503108003108,6.061965811965812,35.587606837606835,2.8682844932844933,12.528490028490028,70.4045584045584,17.04884004884005,13.05982905982906,7.42063492063492,17.694444444444443,6.7004985754985755,7.12037037037037,57.63390313390313,81.56018518518518,1.277777777777778,5.512820512820513,2.02991452991453,15.370726495726496,55.017556517556514,34.73575498575499,1.235042735042735,49.05120573870573,20.480413105413103,97.06267806267806,66.33547008547008,34.166666666666664,6.513227513227513,5.3739316239316235,0.0,2.111111111111111,0.4487179487179487,0.0,0.9529914529914529,9.837606837606836,2.5555555555555554,3.798076923076923,9.766636141636141,2.7083333333333335,4.1915954415954415,1.5064102564102564,4.580840455840455,4.07051282051282,0.5833333333333333,3.5416666666666665,31.986060236060233,0.6282051282051282,14.627849002849002,2.611111111111111,0.0,1.2606837606837606,0.0,3.0897435897435894,5.395299145299145,0.0,0.8333333333333333,9.0758547008547,1.1965811965811965,11.226190476190476,2.7916666666666665,0.41666666666666663,3.388888888888889,3.2264957264957266,0.0,0.0,1.8653846153846154,0.0,18.958333333333332,0.9188034188034188,0.5555555555555556,0.0,0.0,0.0,0.8333333333333333,0.47619047619047616,1.1111111111111112,1.3942307692307692,3.867521367521367,1.905982905982906,0.6944444444444444,1.25,6.955128205128204,0.5555555555555556,0.22222222222222224,0.0,0.5555555555555556,1.3333333333333333,1.300213675213675,1.0897435897435896,1.277777777777778,0.0,0.0,0.0,99.73193473193473,0.0,0.0,0.0,0.0,8.694444444444445,2.1858974358974357,0.0,0.0,0.20833333333333331,0.0,0.0,1.25,1.1111111111111112,3.7499999999999996,0.0,0.0,0.41666666666666663,0.0,0.0,3.8675213675213675,1.1111111111111112,0.8333333333333333,0.0,0.0,1.1111111111111112,7.5,0.0,4.652777777777778,0.0,0.5555555555555556,0.9722222222222223,0.0,3.6976495726495724,0.0,0.0,0.0,1.0833333333333333,0.0,0.0,1.4444444444444444,0.0,2.4259259259259256,0.0,0.0,0.0,0.0,0.2777777777777778,0.3333333333333333,0.0,0.8333333333333333,0.0,0.0,0.0,0.0,0.9722222222222222,0.0,0.0,0.0,0.8333333333333334,0.8333333333333333,0.0,0.0,0.8333333333333333,0.0,0.0,0.0,0.0,0.0,0.0,0.2564102564102564,0.8333333333333333,0.41666666666666663,0.625,0.20833333333333331,0.0,0.0,0.0,4.166666666666666,0.5555555555555556,10.972222222222221,0.0,0.0,0.0,0.0,2.6225071225071224,0.0
106.66512345679011,1532.4289414289415,1286.7171717171716,19.808658933658933,23.032203907203908,292.50628306878303,49.41005291005291,48.16931216931217,2.083333333333333,134.47905643738977,251.15398027898027,135.25707163207164,8.194444444444445,88.84896893230226,6.895743145743145,35.23412698412698,4.5,40.86904761904761,68.97222222222221,2.2222222222222223,11.444444444444445,1.0317460317460316,35.93386243386243,0.9722222222222223,3.333333333333333,164.48677248677248,601.9947910885411,78.04365079365078,148.8366402116402,4.222222222222222,0.8333333333333333,102.39021164021163,1.3888888888888888,236.21717634217634,299.40235690235687,34.404761904761905,2.2222222222222223,0.8333333333333333,107.38888888888889,55.674723424723425,144.16402116402116,108.3066748066748,105.46395502645503,99.8985088985089,210.48867336367334,200.72652116402116,41.43518518518518,15.517195767195766,76.89153439153439,3.702380952380952,1.1111111111111112,0.0,21.58862433862434,0.0,0.0,0.0,2.888888888888889,166.760582010582,2.25,0.0,2.333333333333333,14.19047619047619,0.0,2.384259259259259,0.0,0.0,3.7222222222222223,19.715057319223984,0.6666666666666667,77.10858585858585,0.0,0.0,0.0,5.615079365079365,13.25925925925926,0.0,0.0,1.507936507936508,0.0,0.0,30.785714285714285,141.98478835978835,1.6666666666666665,124.86691086691086,3.75,26.878968253968253,13.814814814814815,0.0,1.0,0.0,0.0,0.30303030303030304,0.20833333333333331,3.0595238095238093,65.70436507936508,0.0,0.0,0.0,8.791666666666666,0.0,0.2777777777777778,26.112026862026863,0.0,0.0,0.0,3.8095238095238093,0.0,0.0,3.007936507936508,0.0,0.0,0.0,33.797619047619044,0.0,0.47619047619047616,0.0,0.0,0.0,1.8333333333333333,168.22156084656083,16.799783549783548,4.722222222222222,0.0,0.0,0.0,3.0555555555555554,0.0,0.0,0.0,46.01037851037851,0.0,0.0,0.0,0.0,0.0,0.0,0.0,0.0,1.6190476190476188,6.621392496392496,67.30382696007696,0.0,26.567460317460316,0.0,46.86111111111111,0.0,37.07275132275132,56.21560846560846,10.067460317460316,12.5485347985348,0.753968253968254,17.984126984126984,97.17890211640211,0.0,0.0,0.0,0.0,0.8333333333333333,3.8888888888888884,9.994949494949495,0.0,0.0,27.802910052910054,8.543650793650793,0.0,1.0317460317460316,0.47619047619047616,25.465608465608465,0.0,0.0,0.6666666666666667,0.0,0.0,0.0,0.0,0.0,4.833333333333333,4.191919191919192,6.943783068783069,0.0,9.941919191919192,28.53932178932179,0.0,0.23809523809523808,0.7638888888888888,0.0,0.0,0.0,0.0,15.635531135531135,1.5132275132275133,13.005411255411255,26.569444444444443,0.0,42.164021164021165,0.8333333333333333,0.0,0.0,0.0,0.0
662.8619974708685,1178.6910354579709,721.2556376817129,48.464349718381975,45.26181942310974,840.8234369423885,143.35120734999768,67.57611474546958,98.08288819901723,135.85033007613652,116.44357941938587,235.59119014989508,31.20899470899471,164.7111095296579,81.83785628946919,71.76935348104702,68.06095039966007,42.930741749290135,21.06618023553507,186.1524839407904,221.45395785516752,41.03326079535757,3.029100529100529,114.51127053949635,26.16874210019371,90.390004260972,256.99364419928935,233.52482565721812,137.12975860758118,32.455069124423964,7.2896825396825395,13.448412698412698,202.27579700765185,175.7574161783391,477.001150432602,12.047917733401604,135.24505810796134,16.87651148135019,103.68515673892017,545.4830456431263,199.1354867504061,444.01381332228107,689.1160476321767,282.5920924124329,485.67004401413004,172.02008039749975,118.2067566543373,10.071428571428571,15.684986061330147,12.708333333333332,56.117767537122376,32.41532258064516,3.1653865847414235,30.90036695681857,88.47333162655742,36.13456122730316,35.74298941798942,3.935483870967742,21.783410138248847,19.726905188598735,40.58798429766171,74.8601995376189,65.44420643076556,19.758064516129032,0.37037037037037035,70.90560365560366,40.52768177163338,5.587906716938975,0.7526881720430108,129.17535033664066,119.09744623655914,16.093595323434034,52.2556953948083,41.73185483870968,10.722222222222221,17.0556728963987,42.888888888888886,5.69839718226815,3.888888888888889,9.755291005291005,51.50613290532645,61.58282130056323,13.70138888888889,51.24125374326987,21.664490527393752,1.2962962962962963,47.4502688172043,223.84575594656238,16.42803970223325,19.52586347344412,2.5152329749103943,30.913978494623656,30.916666666666668,2.5,4.276497695852535,28.98743386243386,28.077231609489672,1.1603942652329748,0.3571428571428571,23.390873015873016,14.557539682539682,0.0,14.67153097798259,7.067307692307692,38.457871081526996,35.26036866359447,68.58912190106845,8.146857398873527,18.368929457639133,16.736559139784944,26.41327444956477,8.756656426011265,16.34027777777778,0.7275132275132274,10.872759856630823,21.9005376344086,6.391577060931899,17.551971326164875,30.1410650281618,0.0,25.8015873015873,18.4242191500256,2.8291517323775386,27.313620071684586,13.517385516713473,1.4944956477214542,9.138888888888888,47.74980470544987,25.331242532855434,3.675213675213675,7.652777777777778,4.482164191841611,10.607339792823664,29.602854582693293,1.8749999999999998,20.929851510496672,15.691798941798941,2.3540706605222734,15.30689964157706,80.75665642601126,3.859148318825738,0.0,0.23809523809523808,5.440476190476191,0.0,8.134707287933095,0.0,0.0,45.013888888888886,2.025089605734767,6.666666666666666,0.0,1.4285714285714284,32.67313861028282,6.177838290741517,6.230599647266313,2.361111111111111,2.3095238095238093,3.7499999999999996,50.32539682539682,32.49702380952381,74.06928154481918,0.3010752688172043,5.306878306878307,1.7191500256016385,0.0,0.0,0.37634408602150543,2.2727272727272725,10.706349206349206,13.206701228878648,3.6515151515151514,1.1111111111111112,0.0,11.11111111111111,4.404761904761905,1.9696969696969697,1.8518518518518519,0.41666666666666663,4.500448028673835,0.9374999999999999,2.0555555555555554,5.376344086021505,0.0,0.0,5.109831029185868,1.1428571428571428,1.8548387096774193,2.9761904761904763,0.0,0.0,0.0,0.0,0.8333333333333333,0.0,0.0,31.077380952380953,0.0,0.0,7.980286738351254
56.44907407407407,476.08695144724555,74.6574074074074,12.055555555555555,19.75,138.31584362139918,55.879629629629626,3.7037037037037037,15.259259259259258,49.41296296296296,18.52314814814815,37.88333333333333,3.6111111111111107,41.3260582010582,21.02777777777778,4.166666666666666,49.86111111111111,3.5185185185185186,1.5277777777777777,57.32037037037037,8.166666666666666,15.555555555555554,3.1296296296296298,28.269444444444446,1.4814814814814814,117.64814814814814,141.00720164609052,30.26851851851852,58.727263374485595,36.8287037037037,6.296296296296296,22.85185185185185,15.264550264550264,84.16666666666666,182.6851851851852,0.41666666666666663,24.113888888888887,6.481481481481481,24.64351851851852,312.38425925925924,96.76851851851852,29.25925925925926,111.075,76.00462962962963,287.5824514991182,169.2334656084656,4.277777777777778,4.365079365079366,9.222222222222221,5.555555555555555,5.555555555555555,2.2222222222222223,0.2777777777777778,4.0740740740740735,15.369444444444445,4.648148148148148,6.111111111111111,17.707407407407405,8.518518518518519,8.712962962962962,5.777777777777779,28.500925925925927,15.462962962962964,0.0,26.034391534391535,35.37037037037037,0.0,12.36111111111111,0.7638888888888888,7.12962962962963,3.1018518518518516,1.4814814814814814,6.796296296296296,43.044444444444444,0.5555555555555556,0.5947712418300654,17.962962962962962,2.8009259259259256,17.666666666666668,2.0277777777777777,0.0,1.3194444444444444,2.5555555555555554,2.2222222222222223,2.1666666666666665,2.236111111111111,0.37037037037037035,2.7870370370370368,0.0,2.3611111111111107,0.4444444444444445,1.1111111111111112,1.9814814814814814,3.908333333333333,0.0,15.166666666666666,2.7777777777777777,0.37037037037037035,3.375,0.5555555555555556,1.6666666666666665,5.0,2.611111111111111,0.6666666666666666,4.555555555555555,8.777777777777779,3.5370370370370368,5.5,3.3333333333333335,1.1111111111111112,4.777777777777778,0.37037037037037035,0.0,355.6269841269841,4.62962962962963,2.388888888888889,0.20833333333333331,0.5555555555555556,0.22222222222222224,2.8333333333333335,0.0,0.5555555555555556,1.3888888888888888,0.888888888888889,1.6666666666666665,0.0,0.0,4.444444444444445,0.0,0.0,0.0,0.0,0.37037037037037035,3.2916666666666665,0.8333333333333333,1.4074074074074074,1.1666666666666667,0.5555555555555556,0.0,1.3888888888888888,0.0,0.0,0.0,0.0,4.722222222222222,3.333333333333333,2.2916666666666665,0.0,0.0,0.0,0.0,0.0,0.41666666666666663,0.0,0.6481481481481481,1.9444444444444442,1.7777777777777777,0.0,0.0,0.0,0.0,3.333333333333333,0.0,0.0,0.0,0.0,0.0,0.0,0.20833333333333331,0.5555555555555556,0.0,2.6666666666666665,0.0,0.0,0.0,0.7407407407407407,0.0,0.0,0.0,0.0,0.0,0.6944444444444444,0.0,5.300925925925926,0.41666666666666663,0.0,0.41666666666666663,2.2222222222222223,5.0,0.0,0.0,0.0,1.2037037037037037,7.222222222222221,0.0,0.0,0.47619047619047616,0.0,3.125,0.0
33.91228070175438,121.0996968431179,51.02918217260322,8.333333333333332,2.862990810359231,42.15758778258778,12.029594820384293,1.9696969696969695,11.435185185185183,6.203703703703704,12.158045576905225,22.215538847117795,8.666666666666666,17.892857142857142,11.374987974987974,4.164578111946533,16.70175438596491,1.8506683375104427,10.58641975308642,6.48015873015873,13.91812865497076,12.777777777777779,3.0,28.813947748158274,1.1111111111111112,12.083333333333332,76.064580643528,12.615079365079366,17.149749373433583,3.984962406015037,6.537037037037036,4.444444444444445,15.782894736842106,39.65422077922078,34.11062378167641,9.444444444444445,11.887806637806637,3.3333333333333335,7.277777777777778,33.90594541910331,34.52850877192982,24.23348143084985,32.49001924001924,10.073099415204679,92.61401768309662,22.515873015873016,4.347326649958229,4.2592592592592595,4.742424242424242,0.47619047619047616,15.925925925925926,0.41666666666666663,7.5,4.25,13.373015873015873,0.37037037037037035,0.47619047619047616,3.0317460317460316,11.666666666666666,3.333333333333333,0.0,0.0,7.499999999999999,1.277777777777778,1.1111111111111112,11.966991341991342,0.37037037037037035,2.2222222222222223,10.208333333333332,4.38749502990989,0.0,1.1111111111111112,0.0,0.0,0.0,1.8518518518518516,0.0,0.0,8.357142857142858,0.0,4.75,0.0,0.0,0.0,0.41666666666666663,0.5555555555555556,0.0,19.944444444444443,0.0,0.0,0.0,0.0,0.0,0.0,0.0,0.0,0.0,0.0,0.9055973266499582,0.0,0.0,0.0,0.0,0.0,4.428571428571428,0.0,0.41666666666666663,0.0,0.0,0.6666666666666667,0.0,0.0,0.0,4.655555555555555,0.0,0.0,0.0,0.0,9.610119047619047,0.0,8.333333333333332,1.2962962962962963,0.0,0.7407407407407407,0.0,0.0,1.8518518518518516,0.7167919799498748,0.37037037037037035,0.5,0.0,0.0,0.0,0.0,0.0,0.0,0.0,0.0,1.1111111111111112,19.833333333333332,0.0,0.0,0.0,0.0,0.0,0.0,0.0,3.333333333333333,0.0,0.0,0.0,0.0,0.0,5.0,0.0,0.0,0.0,2.2222222222222223,1.0,0.0,0.41666666666666663,8.10735171261487,0.0,0.0,0.47619047619047616,0.0,0.0,0.0,2.2222222222222223,0.0,0.0,0.0,1.6666666666666665,0.0,0.0,1.3888888888888888,0.0,0.0,0.0,0.0,0.0,0.0,8.531746031746032,0.0,0.0,0.0,0.0,0.0,0.0,0.0,0.0,0.0,0.0,0.2777777777777778,0.0,0.0,0.0,0.0,0.0,0.0
404.41709879489514,1667.4978123927694,539.497560702993,75.66574145189736,140.9880949532709,573.472069786839,218.4937954816987,28.105420964410527,35.6593763415,98.93132854166578,168.4389093420977,259.67093226581164,12.516594516594516,164.35375781981443,383.5375842299377,47.404082160723526,243.74382810107616,26.757633943117813,30.45233371941152,146.24008130459742,113.9465389165234,84.56831126459095,17.635270774976657,427.68107237012316,14.86566487135747,274.02385285738404,693.5420526350573,181.97845812856377,178.45270651943807,209.23353917268096,45.45958766648422,106.52332659678564,82.87193944048782,301.94331742813966,460.4604463964363,7.6165377805870165,131.53835330100625,19.4440300340838,96.84603529420892,353.51825717827415,137.41961439969768,257.0601340803231,374.0098314286839,156.96018635755735,628.1703840225241,592.4504254577025,33.43782745530057,14.219750765803397,40.7402927120669,5.395622895622895,57.07780764635603,3.8790555322813387,37.62608806963645,20.88028028690168,97.70680512239652,11.531676209095563,14.746031746031745,99.44063717047588,79.95853839328913,11.446080104682256,67.35812872005442,28.714168696695577,19.70169048394855,28.408446989092152,7.0801795006340456,230.22545275511806,2.3608124253285543,77.33511575043833,20.279687556569275,60.22390744792178,9.505689135454531,18.824545295300812,85.07937057466627,12.484794178342565,1.378968253968254,25.880981303590243,37.57666610213753,26.182987153880738,87.67254232695409,21.417696785021345,14.496108870397295,94.74681292423227,10.697009277730281,16.37808577324706,2.818786947819206,6.092592592592593,5.8713750407298795,151.3554760973325,5.391406383341867,11.334392310198762,7.818996415770609,11.156379462831076,13.558846036118762,15.641214845760299,10.583713535919419,0.23809523809523808,40.21996131460078,9.070032118419215,10.272727272727273,15.389169472502806,4.432178932178932,25.45088691098878,8.651503651313899,67.46771284271284,13.478162851976894,5.776155370913435,10.373783922171018,11.127415598796402,2.5461876832844577,5.980670762928828,10.728463591366816,6.072416432631487,1.574074074074074,21.738826232247284,33.783081971791646,9.976997315706992,3.7810904746388614,14.67375366568915,70.60329011532929,10.195286195286196,8.453703703703702,7.408497416561932,0.926197458455523,4.982761563406725,3.3299197815326846,4.726702508960574,3.7037037037037033,27.846062002513616,3.4252199413489737,7.904761904761905,2.234126984126984,0.581622678396872,15.435225915064624,33.5844132611426,3.627450980392157,15.059217365668978,2.8723974438260154,3.024833589349718,9.516326863101057,451.44238173586325,4.305007318448179,31.701358826358824,3.777657527657528,9.34307948768733,20.748366013071895,5.923672205930271,0.35185185185185186,3.3939393939393936,4.9297340607501035,2.4731182795698925,26.448412698412696,0.3193843193843194,0.37157287157287155,6.595680305357725,2.4623655913978495,2.1439393939393936,7.935432758962171,3.3838383838383836,6.398989898989898,51.73810616992435,2.7777777777777777,35.67435829093174,0.8440860215053764,0.0,3.4332029977191265,0.5194805194805194,1.7150537634408602,0.4301075268817205,18.936868686868685,1.6666666666666665,11.99143508820928,0.4673721340388007,4.41919191919192,1.2037037037037037,6.966329966329966,2.3529411764705883,0.0,43.814333814333814,34.519841269841265,6.2790781168917364,3.333333333333333,7.547619047619047,0.7078853046594983,3.944444444444444,3.009259259259259,14.941624385172771,0.20833333333333331,0.2583438067309035,6.666666666666666,7.730158730158729,0.2777777777777778,6.583103764921947,0.7792207792207793,140.7001563251563,0.0,0.75,0.5555555555555556,3.642135642135642,6.539833822091886,3.8074242301746546
434.33211834008404,1738.8354526452483,1304.4385177492902,159.19791798378753,98.88203966953967,549.4458381444603,263.2874475976656,101.30815060508043,301.4907979003567,219.21465432715434,181.5362012987013,251.48993660660327,57.755989437121116,246.82498569165236,370.14248497390014,106.29663959860038,80.96375106375106,75.11305356927399,103.26422959756293,574.2563511586242,501.9321908598224,129.845987918875,64.21816578483245,324.17784698054305,45.15219718553052,231.2266872335838,500.71964201217776,232.16493631167543,462.8231363576698,145.0648148148148,57.82007248817594,54.42093073324957,422.0837341670675,190.50087504590616,575.4526528320607,54.51190476190476,158.14708630887625,80.47429280958693,87.99703805822806,249.1171133332898,318.1537651391818,195.88325584589953,508.41217860590376,420.74838126047274,599.8987790182011,342.004126265891,84.58560205226871,191.4919963025355,39.23648881982215,23.491398108064775,16.748015873015873,33.454585537918874,12.608024691358024,78.01568681112292,381.9409571909572,105.0051649331061,31.434628026294693,23.618077601410935,64.68955150851703,137.7170634920635,55.82624859708193,272.23067272233936,228.99903643923253,42.687289562289564,14.05864197530864,111.65379796874049,20.749074074074073,23.795835337502005,42.504629629629626,156.14709796376462,36.32374003991651,35.157407407407405,369.48488455988456,55.83386335886336,24.100829725829726,13.893713040771864,7.580246913580247,12.514584957401048,15.531746031746032,16.415079365079364,63.5421221480045,51.01587301587301,55.796119039892986,140.18486970545794,25.797171347171346,35.77619047619047,59.264550264550266,80.82720479871017,60.83324514991182,78.43700897867565,17.85698252364919,204.6404200737534,44.359848484848484,29.205190796857462,24.997040459540457,20.958838383838383,14.003968253968253,4.131613756613756,1.3888888888888888,7.484126984126983,12.250837742504409,2.761904761904762,25.995116956772158,14.051190476190477,106.23667628667629,20.265893057559722,78.54644059644059,16.48001443001443,60.93541211874545,18.46749238415905,96.20267037489259,5.525813692480359,14.492592592592592,37.76483388150054,20.969973544973545,6.949164851125635,11.168518518518518,80.95462962962962,20.842171717171716,4.707671957671958,22.785052910052908,16.814935064935064,9.27404295051354,84.7034595034595,15.519400352733685,16.275781625781626,64.24825637325637,69.28044774916816,19.16111111111111,0.6878306878306878,11.681746031746032,23.801388426388424,17.236507936507934,26.417360109026774,2.0555555555555554,22.127175131561096,8.519841269841269,2.1031746031746033,22.30787037037037,39.61030077696744,161.76719576719577,3.666666666666667,7.698412698412699,15.782687991021323,7.083333333333333,2.2703703703703706,0.4012345679012346,3.0539682539682538,15.28433541766875,16.173456790123456,0.8333333333333333,15.677513227513227,2.888888888888889,67.02283206238582,19.60185185185185,4.083333333333333,10.590608465608465,11.238656405323072,0.779320987654321,10.175925925925926,14.206204906204906,14.88753900420567,7.962962962962963,17.67037037037037,9.610449735449736,8.503968253968253,17.526094276094277,0.22222222222222224,5.05050505050505,0.5396825396825397,9.707407407407407,11.629148629148629,0.47619047619047616,2.3664021164021163,7.7447089947089935,10.356709467003585,17.258818342151674,3.9777777777777774,6.906746031746032,7.055555555555555,2.2222222222222223,0.8217338217338217,4.074074074074074,0.0,1.8777777777777778,8.856878306878306,2.388888888888889,69.97979797979798,38.33862433862434,1.3095238095238095,0.9126984126984127,5.489814814814815,0.5555555555555556,5.423456790123456,2.4074074074074074,0.8333333333333333,4.553030303030303,5.797720797720798,3.4656084656084656,71.5079365079365
151.7878213834096,1247.2070051861717,205.0463217338217,59.1531339031339,353.7955632330632,169.91760862594197,82.62449124949124,27.04292158458825,28.419973544973544,48.81261022927689,34.33201058201058,162.46227152477152,2.1666666666666665,74.29761904761905,184.32949457949456,9.502104377104377,1.6666666666666665,19.310405643738978,8.4508547008547,23.510893246187365,2.7777777777777777,76.49023199023199,11.838624338624339,21.492724867724867,14.987484737484737,14.395502645502646,298.5228498353498,55.199500455452835,161.6657647907648,10.444444444444445,12.277777777777777,61.665079365079364,6.744047619047619,57.9033374033374,393.1451705145314,7.817460317460317,2.0496031746031744,1.6666666666666667,90.63078279744946,145.52704856871523,128.90384846634845,41.773148148148145,136.89357864357865,68.06393298059965,173.92768805268804,168.09343434343432,13.681250847917514,17.99206349206349,29.95899470899471,5.646825396825397,1.0714285714285714,1.5277777777777777,21.125,4.583333333333333,5.21031746031746,2.5198412698412698,13.396825396825395,24.875661375661373,9.517094017094017,3.8492063492063493,8.742063492063492,19.02821869488536,2.138347763347763,60.148569023569024,72.00667388167388,3.492063492063492,10.097883597883598,13.242504409171076,5.464285714285714,86.30299847211612,4.404761904761905,0.5555555555555556,3.1666666666666665,5.698412698412698,3.22542735042735,2.361111111111111,12.631673881673882,1.2103174603174602,2.2222222222222223,0.7142857142857142,25.243735100877956,31.529761904761905,6.538034188034188,16.62169312169312,8.496472663139329,12.759700176366843,10.74074074074074,0.0,2.4444444444444446,1.4087301587301586,1.25,0.5,1.2037037037037037,2.380952380952381,11.706349206349206,3.571428571428571,2.5833333333333335,3.0370370370370368,1.3888888888888888,0.2777777777777778,0.0,6.76984126984127,5.880952380952381,0.0,0.7222222222222223,1.972222222222222,0.0,0.5158730158730158,0.0,0.25462962962962965,2.0,0.0,0.7407407407407407,0.0,0.0,0.3333333333333333,1.8650793650793651,7.868827160493827,1.5909090909090908,8.535714285714285,1.9999999999999998,0.0,0.0,6.417989417989418,0.3333333333333333,8.981583231583231,0.0,0.0,0.8333333333333333,7.368386243386243,0.0,1.1111111111111112,0.0,0.0,2.462962962962963,0.0,1.4285714285714284,0.0,0.0,2.5,7.685185185185184,25.831349206349206,9.125297541964208,9.755952380952381,1.375,0.47619047619047616,0.0,3.5303030303030303,15.444444444444445,9.547008547008547,6.9230769230769225,0.376984126984127,6.497354497354497,0.0,0.0,0.6613756613756614,0.0,0.0,11.732397232397233,2.9166666666666665,0.3333333333333333,0.0,0.753968253968254,0.0,0.3333333333333333,11.208994708994709,0.7936507936507937,49.89592352092352,0.0,5.348084014750682,2.0291005291005293,0.0,4.444444444444445,3.537037037037037,0.5555555555555556,0.0,2.638888888888889,2.1865079365079367,0.8333333333333333,0.0,3.861111111111111,6.546296296296296,0.0,0.0,1.0416666666666665,0.0,0.3333333333333333,0.0,0.0,21.082010582010582,51.407407407407405,0.0,3.571428571428571,0.0,8.333333333333334,31.842712842712842,0.0,1.8333333333333333,0.0,0.0
291.690440175034,2456.0433159322583,1521.6908002310163,476.6347371764038,381.3805861890356,661.3344344587139,149.32989078703636,112.57236692097742,194.43402109162977,271.0415143984923,446.92728200017683,90.96662999138056,27.79472687806021,304.62634189102664,99.55941347932176,44.18939548106215,2.5185185185185186,48.942051831603024,56.98508127674794,397.12419759477024,103.94329810401238,93.31627618663639,40.72270852802457,30.144506326229013,24.47808036666806,178.00577848455535,441.06667912679785,161.10778089402038,352.0356676796311,36.47101279787615,36.70416157916158,88.00289679933643,239.49530946918438,355.5840440339092,977.095738533429,2.7734487734487736,128.94318952652284,47.97105440855441,140.2092457136453,213.02424089586134,153.92773729538436,280.7073349490016,449.45846157334205,400.66479864086494,682.3427791660812,188.58533248207505,81.74724543529888,1246.1936345179952,13.484817651484317,5.034073730502302,7.29066304066304,21.965751704722294,0.21164021164021163,70.73637190169448,207.79463393749108,4.197464572464572,5.067460317460317,73.87368276884406,48.77882217923497,54.68295196866625,37.022144770800686,189.21048331397793,538.2094605767631,78.88969690440278,1.353615520282187,3.5093795093795093,33.16860361860362,7.515400978133897,2.0436507936507935,64.90642875642875,78.84101034125966,4.267118243308719,36.25389344954562,14.522486772486772,21.923786903704677,1.5873015873015872,2.1033364783364785,4.153099342852664,3.7037037037037033,0.24234693877551022,35.08965527773131,44.60060288036478,38.214823188507395,11.56211888469953,121.41735222449508,9.368145743145742,10.961338044671377,10.955923798029062,58.935649318002255,3.5104445818731533,10.901755651755652,0.6349206349206349,3.3872634646628454,3.333333333333333,35.4445646945647,60.91336378742394,8.456916099773242,4.613425925925926,0.5128205128205128,4.971200096200096,0.9686310421604539,14.511913351199066,4.980255855255855,33.157499907499904,17.58994708994709,4.4007381507381504,131.93884125134124,1.8764568764568765,4.683484504913076,1.7893217893217894,7.623695748695749,0.2777777777777778,2.741210178710179,3.0866434616434617,24.713684463684462,5.110910694244027,1.6666666666666665,54.00453712953713,0.0,6.408850408850409,34.7779489029489,0.0,0.744949494949495,14.203703703703702,9.16364341435499,8.110569985569985,2.1664814851089362,91.44007626360568,16.429917226059597,3.1310118452975595,0.0,19.75269564743249,4.297739297739298,2.604437229437229,1.1452119309262165,66.19787402140344,1.1035492285492285,2.3333333333333335,3.6203703703703702,0.7279860505666957,3.3877551020408165,0.2142857142857143,8.196762893191464,21.05779405779406,2.6636604136604136,2.644300144300144,15.121349615114863,6.875994375994376,3.691919191919192,25.168542568542566,2.816137566137566,10.654551779680778,15.68928293928294,55.62244237244237,0.75,6.624338624338624,1.9576719576719577,0.6547619047619047,1.1505029362172219,12.106541606541606,2.8852513227513223,7.460939931528166,10.872959673379842,1.9047619047619047,1.8703703703703702,22.26471059804393,5.622461779324524,0.2564102564102564,1.4930875576036866,3.3221288515406164,0.0,6.91358024691358,4.46969696969697,4.52020202020202,1.6718426501035197,1.917989417989418,27.66197691197691,1.8010424462037364,10.869218744218744,1.6666666666666665,9.476190476190476,16.710139547113098,33.966931216931215,0.2777777777777778,4.537037037037036,0.31746031746031744,0.7063492063492063,1.6798941798941798,2.9761904761904763,49.84750756879489,24.242969992969993,2.333333333333333,0.35708273208273206,0.0,26.56641969141969,18.920334295334296,24.051248134581467,21.125245125245126,1.9999999999999998,1.5873015873015874
358.2511454594788,1661.8526645320624,903.619394652976,85.90078563411896,216.4827660087761,787.6735389470238,142.1724217140884,43.76899951899952,75.05453651286984,127.98563618386851,144.57596909263575,372.38311506114536,4.931096681096681,145.5146905563572,709.486441697538,72.73252364919031,152.5336372381827,93.21482683982684,43.58600658600658,273.8750222000222,424.9429348149045,235.78718391597178,0.8441558441558442,291.02611429585136,3.7229437229437226,227.1211034063975,534.0908464509512,213.2301818832122,273.0569575486242,255.58254948161365,171.41488603988603,90.10807374443738,91.30790043290042,378.81324989228216,786.7546444284743,2.868867243867244,52.162296738054316,16.972162097162098,75.04968734968735,229.21199263699265,244.98778166278166,136.87847642123958,378.7628744712078,306.5192841565543,875.3463902352792,603.0442858908768,130.97984237984238,60.10693241943242,16.924242424242426,12.889309764309763,108.27867965367966,4.2201779701779705,1.1111111111111112,41.79229104229104,252.0506374716901,6.390489140489141,1.2222222222222223,35.537758537758535,125.63160198387472,33.733645983645985,46.116320127683764,23.79858639303084,59.28800057966725,44.47863556196889,7.210372119463028,25.31060606060606,2.7962962962962963,1.1111111111111112,7.7964165464165465,157.00240037740036,12.187786960514233,17.410020632389053,64.39813812730479,12.475709475709476,5.748237873237873,45.71845438512105,53.716166913894185,6.391855058521725,66.7329661079661,14.482212232212232,31.977994227994227,13.673280423280422,23.782500327954875,14.5377886002886,8.85064935064935,8.521885521885523,0.3896103896103896,214.0124434506155,1.3518518518518519,25.493085618085615,4.444444444444444,15.465929132595798,124.46411809290596,25.266965357874447,4.542929292929293,0.23809523809523808,57.85608064774731,8.409090909090908,2.7398989898989896,15.234006734006734,7.1641414141414135,2.72188995215311,23.51818181818182,26.939574314574315,28.533249158249156,12.05076019659353,19.73158323158323,29.751082251082252,3.8762626262626263,22.997474747474747,15.243073593073593,7.002405002405002,0.9848484848484849,2.5,13.806709956709957,29.40812890812891,4.811026936026936,42.63961038961039,151.48340502090502,8.257575757575758,4.861111111111112,7.667388167388167,2.95959595959596,10.07435465768799,2.4808201058201056,0.0,1.7824463118580764,229.64800384800384,3.3177609427609425,1.8253968253968256,4.959315375982042,1.9191919191919193,59.095418470418466,60.621208477269086,0.0,4.697643097643097,3.2537878787878785,4.0476190476190474,9.959235209235208,221.66602568307113,1.5,14.43001443001443,1.2886002886002887,20.120864731975843,9.722222222222221,14.627705627705627,1.7195767195767195,25.50167806050159,26.905188246097335,14.190155523488857,3.333333333333333,16.072310405643737,0.8441558441558442,12.361693861693862,4.419753086419753,2.9797979797979797,4.9646464646464645,8.0347923681257,6.3686868686868685,20.013566399930035,1.507936507936508,35.022375772375774,0.7777777777777778,3.333333333333333,2.702020202020202,4.426647426647427,6.706188872855539,0.0,10.224456099456098,0.0,11.923310485810486,3.641975308641975,2.575757575757576,0.37037037037037035,19.100468975468974,0.0,0.0,0.3571428571428571,3.077601410934744,6.44949494949495,0.0,0.5,4.12037037037037,0.2777777777777778,5.277777777777778,8.54040404040404,0.0,7.8896103896103895,0.41666666666666663,8.912818662818662,0.3365384615384615,12.755148891512528,0.4444444444444445,88.17233692233692,0.7142857142857142,0.5681818181818181,1.898148148148148,24.325517075517077,1.1313131313131315,2.26010101010101
427.9259259259259,2682.0893274154605,487.10124234879135,64.93055555555556,82.66484341484342,495.8868479015538,104.66137566137566,52.65639589169001,37.34920634920635,290.0515873015873,22.92203548085901,221.4966931216931,24.333333333333332,333.32150007150005,409.1255973715651,93.82967631497043,220.22669623404917,19.666666666666664,1.1111111111111112,137.36111111111111,395.4645969498911,24.450708061002178,3.751322751322751,246.44613030397343,8.924019607843137,181.69563751426494,1122.5243845817374,117.44195755225167,104.78968253968253,305.75936948853615,2.666666666666667,13.591581076875194,69.37037037037037,550.2264878173492,640.2787064968437,10.333333333333334,37.63486513486514,12.222222222222221,141.25163398692808,867.7884026305079,427.5512740183793,175.22222222222223,204.64646702698172,407.46560846560845,899.7232632819209,434.99976247809064,139.41666666666666,0.0,6.3852813852813854,9.238095238095237,6.574074074074074,10.0,3.333333333333333,23.94200244200244,66.99118165784832,3.9999999999999996,1.349206349206349,2.8373015873015874,49.0,7.072310405643739,6.469135802469135,71.82936507936508,29.862055933484502,11.833333333333332,20.53174603174603,19.696482439129497,4.166666666666667,0.0,0.20833333333333331,84.7531746031746,6.833333333333333,15.416666666666666,26.870370370370367,0.0,0.41666666666666663,2.7777777777777777,4.045530492898914,0.8134920634920635,29.83399470899471,2.268518518518518,11.170634920634921,4.092592592592593,0.0,48.78174603174603,15.0,1.6666666666666665,4.555555555555555,125.91541541541541,16.22222222222222,11.527777777777777,1.1111111111111112,5.071428571428571,1.1111111111111112,1.1111111111111112,3.8888888888888884,4.166666666666667,35.35185185185185,4.166666666666666,0.0,28.039682539682538,3.8888888888888884,3.571428571428571,0.9150326797385622,7.428571428571429,13.055555555555555,3.8888888888888884,1.6666666666666665,5.694444444444445,0.0,2.2261904761904763,10.021825396825395,5.555555555555555,2.0,65.5052479977292,20.194444444444443,4.722222222222222,5.0,3.333333333333333,13.007936507936508,1.1574074074074074,5.481481481481481,21.35978835978836,6.944444444444445,1.1111111111111112,5.046296296296297,0.0,14.087301587301587,11.5,1.1111111111111112,6.944444444444445,1.6534391534391533,3.333333333333333,2.301587301587302,5.5,1.1111111111111112,18.88888888888889,2.4074074074074074,3.333333333333333,19.814814814814813,33.57470279345279,0.0,0.8333333333333333,0.0,6.0,0.0,0.0,0.0,1.6666666666666665,0.0,0.0,0.0,1.6666666666666665,0.0,1.1666666666666667,1.5277777777777777,0.0,7.230392156862745,0.6666666666666666,0.0,0.0,1.7142857142857144,3.1388888888888884,0.0,0.0,1.8055555555555556,0.8333333333333333,4.555555555555555,0.0,5.444444444444445,2.944444444444444,6.71957671957672,0.31746031746031744,0.0,0.0,0.0,2.7777777777777777,0.0,0.0,0.0,0.37037037037037035,0.0,0.0,1.6666666666666665,0.0,0.0,0.0,0.0,0.0,4.444444444444445,0.9523809523809523,0.0,0.0,0.0,4.640740740740741,0.0,0.0,0.6666666666666667,0.0,0.0,1.6666666666666665
2002.6443407101997,16239.49456960185,3308.833681774884,739.053529622157,6139.073011805598,3130.402254504097,889.5378645418007,726.4841110964583,656.7183093271349,1310.9854600870003,1095.5932755979065,1329.6192753046628,205.4154430446097,1756.8613677676,628.8929244875065,426.9014235046008,170.81625177940967,214.85851802518468,215.32595645095645,566.8308861379037,167.45713950174735,373.56383080761304,96.49726343615232,92.67634186800854,549.2425577671191,550.316503974373,4472.763846773888,1657.2749937427,861.5410969672837,116.53795599825011,252.10928715533979,987.0393152370555,190.0883118424785,1365.966124034362,4534.892004084158,175.39607133969878,481.41378220544885,112.11415875790875,852.053341961313,1699.428888697851,785.3510259754335,571.4648128181376,2550.611473254232,1518.5618979038386,3307.3792715667396,1755.779308048247,510.81967089896284,5261.074875345722,146.77163731330398,159.40801605801605,9.896224146224146,64.38252963048528,313.93386676252806,61.74910918783468,116.16326798395829,67.89626684231948,86.45073753407087,647.6199358929492,251.55397434549798,105.4202847805789,131.51514149430815,499.22569730041124,105.54371754788421,607.6006298681953,330.37776604541085,249.33030395530395,268.8999731749732,266.5523915736635,129.15290470846026,652.2989619679021,364.86254655140937,18.454144620811288,55.21858289952919,105.70807016675312,97.3968099801433,26.556674806674806,121.2277676027676,13.712361712361712,36.55555555555556,10.848544973544973,219.71026900788806,648.230114389299,75.98610176373334,319.56484876778995,79.94141483710514,363.3105255184965,416.09667647167646,10.605820105820106,173.56476632444324,13.63322911656245,12.354978354978353,5.353835978835979,80.952033871589,22.429065719855192,176.96557353322058,84.3558756058756,17.53240740740741,107.19597532097532,50.80491635271047,15.918868168868169,5.625432437932438,340.18020993656415,42.3286104327771,12.207886557886557,66.39462199021023,67.8048928195987,12.72971102971103,10.062169312169312,82.71981721981722,18.312650312650312,134.8223258223258,7.966269841269841,81.5049395049395,66.96969696969697,25.39567192067192,4.156585698252365,7.665079365079365,165.4032053337609,9.258207070707071,265.48069042431786,248.65266970640056,12.239153439153439,16.055675805675804,45.92861952861953,24.513511139222715,114.26657663324329,35.73377702544369,45.111896273660975,32.939466318942024,41.82216703050036,3.503703703703704,18.570732143100564,8.786492747019063,5.170767195767195,42.19470344470344,24.958200441533773,4.90079365079365,2.2777777777777777,48.84920634920635,9.61574074074074,113.97374848144283,32.0787037037037,117.8186904064097,49.82233398409869,18.90674603174603,8.318518518518518,29.86195286195286,94.25142405903276,219.08843223769694,150.76009818641398,22.06308506308506,86.73060126816577,65.14100782115487,36.353343388637505,10.639200124494241,3.7638287638287635,1.3333333333333335,12.981481481481481,62.175934903876076,35.18315943315943,38.43068783068783,0.0,63.55823660725621,0.586111111111111,1.7916666666666665,68.55769600769601,36.37611970455108,141.887987012987,1.8148148148148149,7.925281508614842,11.93068783068783,4.2028218694885355,11.731481481481481,55.731140772807436,9.216931216931217,0.7916666666666666,84.77505133755133,50.63822751322751,16.862073112073112,4.832010582010582,67.94275461380724,139.96105757545243,0.0,44.27969715469715,7.065079365079365,5.621164021164021,27.084656084656082,44.48412698412698,12.282581453634085,1152.5987254593915,873.0419374411758,21.756613756613756,24.132936507936506,2.0814814814814815,120.21898132519794,694.5211334598589,3.775573192239859,61.90314623647957,6.517857142857142,0.8055555555555556
12.142857142857142,60.6635101010101,50.02053745474798,32.666666666666664,18.333333333333332,30.99001924001924,5.984962406015037,11.11111111111111,8.126705653021443,11.793650793650793,27.49134199134199,6.944444444444444,1.1111111111111112,4.055555555555555,13.268879268879267,5.037037037037036,0.47619047619047616,6.666666666666666,1.8055555555555554,16.076580339738236,5.555555555555555,6.019300144300145,3.2804232804232805,50.6468253968254,2.7777777777777777,4.523809523809524,38.63251563251563,6.675925925925926,27.81228956228956,27.21527777777778,4.166666666666667,11.11111111111111,3.5087719298245617,15.166335978835978,18.85185185185185,4.920634920634921,10.396825396825395,2.5,3.984962406015037,16.246031746031747,8.88888888888889,8.333333333333332,14.497970779220779,4.842105263157895,26.724867724867725,62.58465608465608,0.0,1.4444444444444444,0.0,7.388888888888888,2.2222222222222223,6.666666666666666,2.7777777777777777,4.476190476190476,6.786549707602338,5.0,2.738095238095238,0.0,0.0,4.144736842105263,5.888888888888888,15.564327485380117,14.554580896686158,4.444444444444445,28.730158730158728,10.769841269841269,3.333333333333333,4.225589225589226,1.6666666666666665,10.303030303030303,6.666666666666666,13.333333333333332,6.666666666666666,3.333333333333333,1.3888888888888888,6.349206349206349,0.37037037037037035,0.0,12.0,1.6666666666666665,0.0,0.0,4.722222222222222,1.4444444444444444,0.0,0.0,3.333333333333333,5.0,0.0,4.166666666666666,3.333333333333333,0.8333333333333333,5.757575757575758,3.409090909090909,129.16666666666666,0.0,6.777777777777777,0.0,0.0,0.0,2.0,0.0,0.0,0.5555555555555556,0.0,0.0,2.2222222222222223,0.5555555555555556,5.0,0.0,18.895622895622893,5.277777777777778,0.0,1.9999999999999998,3.333333333333333,0.0,3.333333333333333,0.0,2.095238095238095,0.0,0.0,0.47619047619047616,0.0,0.0,1.6666666666666667,0.0,0.0,0.0,0.0,8.80952380952381,0.37037037037037035,6.666666666666666,0.0,6.666666666666666,0.0,0.0,0.0,3.888888888888889,0.0,0.0,0.37037037037037035,2.5,0.0,1.6666666666666665,0.0,0.0,0.0,0.0,0.0,0.0,0.0,12.777777777777777,0.0,0.0,7.894736842105262,0.0,3.3030303030303028,0.0,0.0,0.0,0.0,0.0,0.0,1.1111111111111112,1.6666666666666665,0.0,0.0,0.0,0.0,0.0,0.0,0.0,0.0,0.0,0.0,0.0,0.0,1.4285714285714284,0.0,3.333333333333333,0.0,0.0,0.0,2.2222222222222223,0.0,0.0,0.5555555555555556,1.9532163742690059,0.0,0.0,0.0,0.0,0.0,0.0,0.0,0.0,0.0,0.0,0.0,0.0
219.10270524614103,2542.624062252882,508.93926309460613,82.20292207792208,987.5618373398423,536.4350862831393,154.70579464627085,52.32385708137588,27.350749559082892,122.89406085134745,64.11770020103353,262.6875583650855,14.232323232323234,124.50316623411861,246.42978024249953,59.90436507936508,65.98605098605098,33.550344717011384,40.75596625596626,72.8166109036207,6.018858126000983,21.44208129379698,26.90613706338178,34.74357520786092,71.8324777167509,59.86747125519055,426.77387115358147,140.89309631212183,134.8312775835535,111.6402663262098,13.148148148148147,190.43947548175123,37.64166851666852,209.35922584133368,635.8214618722801,6.302248677248677,26.36736411736412,2.5,76.60234144162716,248.97619518274465,143.50162183495516,181.52601682993838,506.6629264284493,168.19631184239395,680.9606458587399,240.5148154314821,65.89453570756386,108.58467778085756,5.88054538054538,5.01149247577819,0.5897435897435898,1.5,23.91882483987747,26.145502645502646,58.8390022675737,5.283730158730159,0.7142857142857143,41.71059496059496,8.267977392977393,3.7176870748299318,54.90420073753407,59.37719823749235,24.807800004228575,41.31803112767165,10.058128436559809,12.521645021645021,12.568339068339068,29.97788256716828,7.43987493987494,47.27490809843751,56.52901683717694,1.5665154950869236,6.781144781144781,12.314474106140773,2.9365079365079367,1.574074074074074,88.39967902467903,6.609103859103859,4.7023809523809526,0.34013605442176864,42.8872311550883,33.24457615623029,2.777777777777778,22.412698412698415,50.083094154522726,51.45536562203229,11.267676767676768,11.637806637806637,1.9444444444444446,0.596546310832025,3.888888888888889,14.105820105820106,10.946127946127946,2.142857142857143,10.547076380409713,20.86763535823686,2.0294784580498866,2.683862433862434,3.111111111111111,1.492905242905243,0.3835978835978836,18.407358998298356,11.911252327918994,0.6666666666666666,3.2275132275132274,18.082010582010582,3.388888888888889,0.0,2.5332577475434617,0.0,9.124458874458874,5.25058275058275,1.371031746031746,7.731481481481481,1.4885361552028218,2.876984126984127,1.3445378151260503,19.41078366078366,0.37037037037037035,16.703703703703702,12.686102883471305,0.4501800720288115,3.333333333333333,7.181818181818182,2.0370370370370368,2.1790123456790123,0.0,15.771672771672772,3.1084656084656084,37.9041740886979,0.4761904761904762,0.7792561469032057,1.3333333333333333,1.545815295815296,1.1700680272108843,6.111111111111112,1.0156510156510157,0.0,2.1960784313725488,0.9259259259259259,9.7890700569272,2.142857142857143,3.9977808787332596,14.718890042419453,0.3333333333333333,8.517917267917268,2.9333288871103993,8.16017316017316,32.29557816910758,6.164021164021164,5.642857142857142,4.020562770562771,9.30976430976431,6.738095238095238,0.0,2.1944444444444446,0.4761904761904762,3.517316017316017,7.664897272040129,5.187728937728938,2.190957190957191,1.6666666666666667,0.0,2.566137566137566,0.0,0.5353535353535354,0.31746031746031744,7.476190476190476,0.0,10.084099136730714,0.0,1.4285714285714286,0.8333333333333333,16.255050505050505,3.8095238095238098,3.564814814814815,7.0396825396825395,1.6282560032560032,0.0,0.0,7.301587301587301,5.925740330711091,2.8095238095238093,0.37037037037037035,0.3333333333333333,0.0,0.6666666666666666,0.0,0.0,73.54774945524859,50.72288087729264,0.5050505050505051,3.86026011026011,1.2554112554112553,5.778989307697442,31.552189459052205,1.6666666666666667,2.7239858906525574,0.0,0.0
344.63953407703406,2280.408552866886,312.7826109076109,206.5,723.639880952381,989.364417989418,137.4124949124949,134.28941197691196,183.05535205535205,218.79431216931218,238.8546176046176,570.0180932128301,113.31580687830687,493.40638528138527,286.32804232804233,44.39417989417989,1.3675213675213675,80.55958393458393,10.682539682539682,118.50775613275613,70.70117845117845,94.82244607244607,31.22156084656085,5.984126984126984,146.74537037037038,48.09920634920635,453.6544982794983,325.13492063492066,567.8433140933141,1.5873015873015872,4.0,56.31030543530544,5.810185185185185,463.9697802197802,556.1067460317461,103.97925685425685,284.1904761904762,23.988095238095237,157.54761904761904,256.19973544973544,432.1744829244829,83.46693121693121,501.8385642135642,540.623556998557,743.1413817663818,1366.02683982684,350.37213712213713,87.4755291005291,12.03063603063603,47.584776334776336,0.0,18.63888888888889,21.77777777777778,10.40079365079365,20.896825396825395,13.50925925925926,8.285714285714285,59.58273208273208,182.5248015873016,39.290302290302286,50.45238095238095,183.5593573093573,2.2222222222222223,204.48842592592592,13.222222222222223,34.89484126984127,91.61294261294262,7.333333333333333,9.722222222222221,62.87842712842713,339.01551226551226,2.365079365079365,3.253968253968254,7.444444444444445,12.531746031746032,21.333333333333332,1.1111111111111112,17.365079365079364,0.41666666666666663,3.619047619047619,20.635836385836384,163.42796092796092,3.5555555555555554,41.32539682539682,29.337301587301585,5.031746031746032,70.76577126577126,0.47619047619047616,16.93145743145743,5.842105263157895,2.3055555555555554,13.680555555555555,14.964285714285714,21.108465608465607,14.375420875420875,83.35383597883597,2.5,22.785714285714285,8.115079365079366,3.698412698412698,2.9761904761904763,66.33808321308321,16.899140211640212,6.23015873015873,38.89417989417989,39.75,0.8333333333333334,2.0634920634920633,13.031746031746032,31.337301587301585,81.6521164021164,2.2222222222222223,37.72751322751323,0.6666666666666667,1.3888888888888888,0.23809523809523808,1.1111111111111112,15.303030303030303,0.0,10.907407407407407,22.202380952380953,3.698412698412698,4.0476190476190474,1.5,5.136363636363637,7.9563492063492065,77.630291005291,0.0,35.13492063492063,2.425925925925926,0.2777777777777778,0.0,1.6666666666666667,0.0,0.9523809523809523,13.165242165242166,7.361111111111111,0.47619047619047616,2.4206349206349205,0.0,2.4444444444444446,1.25,13.21957671957672,0.8333333333333333,0.0,0.0,2.2222222222222223,6.546296296296297,1.0833333333333333,9.773182957393484,2.7777777777777777,101.29040404040404,12.914631664631665,1.8055555555555554,2.115079365079365,7.361111111111111,0.0,5.0,5.587301587301587,2.398268398268398,0.0,0.0,10.226190476190476,0.0,0.0,1.5,0.0,6.333333333333333,0.0,0.6666666666666667,0.5092592592592593,1.1111111111111112,2.5185185185185186,18.924603174603174,7.698412698412699,0.5555555555555556,4.814814814814815,0.0,0.9722222222222221,0.0,21.52777777777778,0.5555555555555556,0.23809523809523808,5.277777777777778,3.3333333333333335,3.5555555555555554,2.7777777777777777,25.146825396825395,3.4761904761904763,52.07059314954052,10.35846560846561,0.0,0.8333333333333334,0.0,1.3985890652557318,18.38085063085063,0.0,7.476190476190476,0.0,0.0
174.21396314226214,1248.872035620224,531.852289043659,163.1089607922941,242.41048890691746,340.99764157490074,65.48855773855773,21.158990700657366,41.91118438569419,163.60103931156561,67.41629049962383,106.99409561184923,22.776455026455025,135.76186942436942,86.1964886964887,46.64954181620848,18.217711301044634,81.18965663965663,14.083333333333334,47.69258056758056,25.234247234247235,8.558922558922559,13.518371546149323,7.764559514559514,6.0476190476190474,117.2322831489498,275.8886382035505,69.9244967994968,327.7547344630678,50.33195309981024,21.26434368101035,31.703274234452724,28.058008349675017,138.71585435357366,487.36555310349166,11.857142857142856,76.8522126022126,9.05932030932031,77.67599822205085,165.62546100413746,98.11542760072172,64.23620116267175,209.11253100662285,252.701702600232,360.7867800137408,174.66869112044552,108.07957028351765,259.1836037291123,13.306878306878307,9.554193899782135,0.37037037037037035,32.871719898035686,2.227838827838828,12.833333333333334,72.9361872695206,0.9188034188034189,61.64386865857454,6.904411764705882,97.07048189646228,21.96139953002698,102.8208442791776,72.79352473566028,57.51262626262626,14.27387735721069,3.368606701940035,2.1515151515151514,4.052910052910053,9.778712028712029,0.0,56.924068215734884,34.46211196211196,2.148148148148148,8.634920634920634,14.133333333333333,25.86706349206349,2.7407407407407405,1.3888888888888888,1.349206349206349,0.6878306878306878,0.6666666666666666,16.795010545010545,1.9722222222222223,27.198121552223718,25.73110223110223,16.406787656787657,29.087962962962962,14.471230158730158,0.6006006006006006,19.582010582010582,2.3566339725760015,1.9663299663299663,5.619047619047619,29.013139638139638,17.885787701577176,32.87500925000925,28.438729480396148,1.6666666666666667,12.829365079365079,0.9090909090909092,3.2407407407407405,3.783700704753336,10.195480445480445,3.2884800384800386,0.6666666666666667,6.036495911495911,1.777777777777778,3.9444444444444446,6.354497354497354,6.907407407407407,0.0,18.041446208112873,1.0123456790123457,16.742063492063494,5.23561061061061,3.333333333333333,1.7901234567901234,0.0,24.070683945683946,7.939153439153439,0.8835978835978836,49.63670126170126,1.9576719576719577,0.22222222222222224,12.467592592592592,9.564814814814815,4.007936507936508,2.4665242165242165,16.036363636363635,3.4035594035594037,6.317460317460317,0.39562289562289565,1.5993265993265993,0.7407407407407407,3.2688792688792687,0.42592592592592593,3.997354497354497,0.2777777777777778,0.8333333333333333,5.265111431778099,0.0,0.0,0.6666666666666667,1.8777777777777778,2.503787878787879,0.0,0.5833333333333333,1.619047619047619,12.229090354090353,1.6666666666666665,7.722222222222222,2.2777777777777777,32.51832426832427,2.523148148148148,22.142857142857142,0.75,3.8888888888888884,3.738536155202822,3.7777777777777777,0.0,4.295454545454545,0.0,1.0173160173160172,0.5401234567901234,0.7407407407407407,0.0,36.545414462081126,1.3876863876863876,0.47619047619047616,0.4809269162210339,3.727272727272727,0.2777777777777778,1.857142857142857,0.0,4.492784992784993,0.41666666666666663,0.0,55.02104377104377,3.573717948717949,3.4896384479717812,0.5555555555555556,3.5396825396825395,1.9503519356460532,2.865079365079365,0.23809523809523808,0.0,0.3333333333333333,6.134920634920634,4.444444444444445,0.0,7.324527324527325,2.388888888888889,6.5244708994708995,0.6666666666666666,0.0,0.45370370370370366,28.365800865800864,0.0,75.15807803307803,0.0,0.3055555555555556
279.06453880601237,1732.4283019990053,812.8063959127946,75.90258273111397,126.6064805257436,629.2955210792371,221.9488738011658,80.59184462395454,126.43025401153584,178.72518389078738,134.1419959825095,232.76232543043642,23.093030767430715,243.93561682102828,417.0526868267839,62.361209414053214,174.13222638519753,31.390088092630986,13.063088439574008,121.18303824861549,311.9288201644468,116.80827547754028,4.5031518189412925,276.2689399957358,12.503650173005012,159.45656102999055,815.8820202676407,324.9623813438569,108.23969996812384,301.8408888199033,34.465155945419106,54.74785032440535,76.71496969671841,465.30261087007295,440.2244503280157,21.622801198989652,182.99588924249366,9.064598405430324,221.05208908779892,345.5687530913196,375.81014548620055,253.35680267287927,338.8531641585688,202.09182122429408,735.2150985728343,353.1664711505305,74.3370173968646,20.875421402833684,26.591742062879582,13.136502873344977,97.36447954359669,12.966870377311803,16.88087153367289,52.07052408856313,123.32396376653593,4.718739970649987,0.0,7.707726264177877,70.59384712212626,6.7462344767098585,37.06592137019286,77.0548396514847,92.2035953759921,27.44264717078809,6.234036365017226,79.06154217777025,1.763757512059719,16.48651197887191,4.53856690847353,172.18578041307242,7.86946146951549,43.21506927958541,82.35570261185711,13.965211170644107,4.342105263157895,19.9735125121373,37.881829746542664,13.578546398580354,74.18174873992727,17.290759070364334,29.06755545592557,14.458642125025825,38.70719038183153,23.91470734509784,6.671321510031188,2.6004784688995213,8.411953637760089,130.56048771597725,2.1678187403993854,10.750304402256864,3.6568100358422937,18.035890067299235,23.80251075346769,7.691757869987534,11.702730473952885,2.453355611250348,69.2154522704308,6.3088010838435284,0.8939393939393938,12.964380648591174,20.435007974481657,2.9254042976453842,7.071667438390698,26.196514012303485,22.179726678790395,17.993587953265372,4.290706605222734,7.506970832098166,3.1883778360858157,9.779368692993481,6.8787248954906,8.354327901866101,5.033670033670033,2.587719298245614,21.3439795521714,7.958818417010267,3.902136818096071,17.168135188084253,90.8051691393918,1.1416799574694312,9.660373853372809,14.785454594452895,0.8175987378024729,9.897127145004903,0.5069124423963134,0.6499447543590158,4.569757727652465,29.822282816849878,2.9425580079230333,30.365079365079364,2.997076023391813,1.6694362984685567,27.263412618109843,19.323190789268978,0.37254901960784315,12.861799537945547,0.3822434875066454,1.586021505376344,22.92784114897867,278.4124016383154,9.979909451046971,2.1318447634237105,1.4753740411635148,44.18121960885119,3.859649122807017,8.406305352824877,0.7719298245614035,0.0,38.56755410104692,4.40714016223354,0.0,4.885964912280701,0.0,2.843749702266963,0.6164874551971327,3.4595959595959593,7.284083525311595,15.749126604389762,0.0,37.180411428019084,0.8771929824561404,14.429513313788755,2.703977686150861,0.6432748538011696,2.104983050653679,7.616389458494721,4.314516129032258,0.29569892473118287,12.89739500265816,0.0,16.017914817999706,3.859649122807017,6.42796384901648,6.666666666666667,4.728791676160097,0.3216374269005848,0.0,0.0,3.560985797827903,13.773720101818572,0.0,0.0,0.5101238759982394,1.6975308641975306,1.0185185185185184,10.684678837480195,0.0,0.0,0.41666666666666663,4.191919191919192,0.0,7.94379716508903,0.0,29.319522582680477,2.546157059314954,0.0,0.8333333333333333,1.4754689754689754,3.025466893039049,2.8488562151550267
50.25751563251563,597.8113430186988,93.87347588691674,40.118506493506494,55.84854497354497,157.81780619818252,29.046843240391627,17.041847041847042,14.0521423021423,25.08772246272246,36.336339586339584,83.15581657158718,0.5555555555555556,159.22234247234246,215.50305021541578,11.297619047619047,28.69030163385002,1.1904761904761905,2.795698924731183,16.14858906525573,1.6893939393939394,44.854497354497354,10.94428046700774,5.922364672364672,15.277777777777777,17.76228555395222,52.55576890254309,48.29256854256854,19.101669537153406,27.65559776923413,0.7222222222222222,54.38492645347484,6.668771043771043,33.12926887926888,166.43231614064948,0.7566137566137565,10.11111111111111,1.6666666666666665,53.92129629629629,167.21228219212088,83.09630827820791,68.71452203710268,86.14945667633839,34.07275132275132,76.39850755576562,121.23201937449248,9.926184926184925,8.624338624338623,13.9429012345679,3.5277777777777777,7.777777777777777,3.444444444444444,39.757296466973884,3.1137566137566135,3.82716049382716,4.017857142857142,2.5985663082437274,10.549382716049383,6.29563492063492,3.888888888888889,4.166666666666666,7.161887694145758,5.138888888888889,20.774863676745397,25.476190476190474,22.96212121212121,2.5003885003885005,2.6984126984126986,4.495884773662551,38.43457423699359,3.315295815295815,3.134920634920635,3.3670033670033668,0.30303030303030304,0.42328042328042326,0.0,29.26924001924002,4.166666666666667,0.0,3.333333333333333,2.238095238095238,17.107142857142858,4.444444444444445,4.285714285714286,0.32342657342657344,0.47619047619047616,0.0,0.0,7.160493827160494,0.0,5.833333333333333,0.0,0.41666666666666663,0.0,3.8095238095238093,4.35626102292769,0.0,5.7407407407407405,2.944444444444444,0.5555555555555556,0.0,5.813492063492063,5.464191324406378,0.8333333333333333,3.3333333333333335,0.0,0.6666666666666666,3.333333333333333,0.22222222222222224,1.6666666666666665,0.0,2.501248751248751,0.8465608465608465,11.893939393939394,0.0,3.333333333333333,1.9523809523809523,32.132306595568245,0.0,3.148148148148148,0.0,0.0,1.6666666666666665,2.1515151515151514,1.4068100358422937,3.179396370256585,2.083333333333333,0.0,2.5,9.382034632034632,0.47619047619047616,0.41666666666666663,6.666666666666666,0.0,0.0,0.0,0.0,4.444444444444445,0.0,0.0,3.6363636363636362,6.666666666666666,5.811965811965812,0.0,6.318996415770609,1.25,0.0,4.685185185185185,1.1111111111111112,0.0,1.8333333333333333,0.0,0.2272727272727273,0.0,0.0,0.0,0.0,0.0,58.47354497354497,1.25,0.0,0.0,1.4814814814814814,0.0,0.0,5.198412698412698,1.1396011396011396,6.666666666666666,0.0,10.658730158730158,0.0,0.0,1.6666666666666665,1.8209876543209875,0.0,0.0,0.3333333333333333,0.0,1.693121693121693,0.0,0.5555555555555556,1.6666666666666665,0.0,0.0,3.6666666666666665,0.0,0.0,0.0,1.1111111111111112,0.9444444444444444,1.3997113997113997,0.0,0.0,0.0,0.0,4.768518518518518,0.0,0.8333333333333333,0.875,0.0
1120.1944836799003,6359.294237997118,1835.2668360715065,574.577380952381,1151.6028986445654,2432.892534387158,967.3591268697451,259.9992353325687,256.96759259259255,609.9144164477498,520.2631626820223,683.5383206425663,87.18384462759462,1016.9057385969151,1399.5357929312704,243.9269411144411,534.9538366352882,111.24659599659599,115.36170848267622,356.842758321925,179.88754360200437,501.5421075837742,47.57959306488718,287.1000121701102,270.2241927825261,379.2656032239365,2269.7045986045564,1373.8169400497832,533.923206153,320.2195767195767,84.20767195767195,429.51946445336705,162.68474118474117,1203.291216816952,2374.2149634707685,60.40917107583774,211.5841902953014,145.90602106227107,543.4891737891737,2610.6617934155074,854.4166033215092,672.1291533960335,1435.0094767830851,707.1543549043548,2796.1284026482276,2621.8962616400627,194.72841625966626,536.562737416904,250.63252950752948,120.57775403608736,81.94444444444444,97.81445868945869,189.20809154008077,88.66330891330891,125.98830891330891,71.53751803751804,164.79827604693196,262.40279393808805,149.83757292090624,133.5431166056166,85.01666157916158,318.4464659892079,343.8551433134766,139.88569644214806,648.0061728395061,475.7065187898521,93.6179538054538,129.07666253499585,106.59116809116809,472.81135421726816,271.00043243793243,53.46494708994709,79.0764659722993,126.74668803418803,45.51448859782193,45.95092203548086,194.7703899223507,38.150284900284895,78.2594537815126,37.047839506172835,84.0510815437286,171.9166206886795,91.40988050015828,75.56111712361712,85.81084656084656,31.26816239316239,103.8317901234568,90.46908628771374,115.66500474833808,53.076627384960716,21.219135802469133,33.53678266178266,60.49999999999999,89.84783950617283,33.916977902272016,47.20238095238095,101.09396621896622,59.071225071225065,23.44169719169719,27.10078964245631,16.049603174603174,177.45260295260294,107.23171616316777,17.02640415140415,93.70436507936508,65.00947971781305,30.07353825368531,68.57964489214488,42.76743318409985,29.040684624017956,115.72207524985302,27.412037037037035,36.60548941798942,891.3245193078526,107.39814814814814,36.94003527336861,12.055555555555555,168.5413679808841,13.402777777777777,37.98924840591507,74.6081740342493,37.81084656084656,11.62037037037037,102.16402116402116,44.401421084888824,64.54316501897146,121.0787037037037,108.61965811965811,37.916666666666664,17.38888888888889,8.958333333333332,31.430555555555554,11.322751322751323,46.896842355175686,13.217592592592592,37.73015873015873,36.86111111111111,30.670634920634917,14.120370370370368,22.151986720614172,20.731922398589063,60.556517556517555,50.37181337181337,58.00217864923747,64.22465437788019,16.405982905982906,20.282526115859447,16.685185185185183,61.149971941638604,44.479717813051145,36.72222222222222,17.564814814814813,8.967086834733893,96.91796348168897,13.480969448711384,27.757936507936506,32.916666666666664,8.959876543209877,82.54990071656738,35.37037037037037,89.18287037037037,3.8888888888888884,4.444444444444445,5.416666666666666,6.230158730158729,34.27777777777778,11.25,39.53703703703704,6.666666666666666,19.52777777777778,30.35615079365079,6.3505291005291005,41.11111111111111,11.222222222222221,12.5,5.424836601307189,82.87808641975309,12.222222222222221,8.125,4.069444444444445,25.17361111111111,24.85185185185185,13.24074074074074,25.756410256410255,10.777777777777777,37.235449735449734,2.638888888888889,51.94444444444444,21.72222222222222,8.08910533910534,15.714285714285715,11.99074074074074,7.235449735449736,19.02469135802469,8.88888888888889,313.53046953046953,12.442460317460316,20.373015873015873,33.73626373626374,14.148148148148147
48.25997671795991,1644.5408962730392,2234.31289542494,403.1351663042839,16.835667600373483,946.2796254476926,206.01958561202258,48.31761812469095,440.86715320678906,431.25637337297,840.1609600587192,37.41032395864328,29.801133079494424,348.41688589447693,71.86322306700458,39.69417020887609,3.5185185185185186,17.904828598105908,128.0747228184203,704.4997082360528,356.76578072306364,584.6602703241358,57.56103552532124,161.95698279311725,1.9047619047619049,339.59590654443593,97.1374640765397,13.400093370681606,1441.6415712101987,11.58994708994709,25.932106175803654,8.002645502645503,746.3894708362495,461.7505797579327,1259.9917878055132,64.40664599173003,41.58898913100594,61.544372294372295,25.728431776751105,432.8303210172958,177.2925035333999,251.66162184894677,654.5418717992247,133.86820936610852,74.25575785869903,205.02306089490963,240.2503153164918,124.76360478146192,16.688208616780045,17.903861544617847,4.92063492063492,35.44306611533502,5.185963274198568,112.02401566687281,630.8444693339651,38.2764131293543,1.2222222222222223,86.46164021164022,42.10828775954826,109.15187034409723,200.5954514673002,400.0650839589915,1093.6034467011357,22.248755057578585,4.166666666666667,3.9285714285714284,14.767573696145124,3.412698412698413,3.964474678760393,97.41045357536954,166.23200873200872,12.612144857943177,226.37353148977797,10.45738851095994,54.10002159371907,24.83357181256341,1.6560846560846563,6.853771811755005,2.142857142857143,2.820294784580499,116.44247423133977,13.76267173536081,10.595238095238095,13.713040771864302,10.523809523809524,0.0,62.34104753012316,6.349206349206349,94.92931061313415,68.44540947692208,27.672846916544394,83.81688922655309,4.666666666666667,7.482993197278911,15.944444444444445,0.8333333333333333,4.4300497976968565,7.103174603174603,3.7123404917522564,5.87049062049062,10.111731716773733,7.006802721088436,2.9494909074741007,14.877633881835562,98.79859822716965,12.404383975812546,154.97611419600216,22.96353895093391,5.920479302832244,2.7661064425770308,74.11324327710882,9.017572296984062,4.88799762329174,0.0,2.0238095238095237,9.823704229166413,18.774798808412253,185.35139717632714,0.0,4.918256191365435,2.1666666666666665,8.809523809523808,14.816159797252235,33.30652260904362,14.266484371526388,5.604686318972033,4.600795873905118,193.24444774024607,25.891928488567146,16.876984126984127,6.725556889422435,96.03067474075877,13.24179469767705,25.71608643457383,2.2222222222222223,71.84784721969596,20.05963496509715,0.5952380952380952,10.721788715486195,0.0,0.8333333333333333,2.6666666666666665,12.168067226890756,5.436507936507937,2.4801587301587302,8.004668534080299,11.944444444444445,3.9880952380952377,6.666666666666667,8.333333333333334,20.066137566137566,4.75036075036075,1.607142857142857,33.640506319077744,26.176081543728603,6.256802721088436,7.723417649888238,10.178237961851407,3.240740740740741,5.858585858585859,5.815192743764173,1.7361111111111112,16.77526111454683,0.7936507936507936,0.5362144857943176,10.164141414141415,18.555399937752878,0.4761904761904762,2.6785714285714284,0.9285714285714285,2.4976657329598506,3.839202347605709,9.936908770242104,12.421296296296296,0.5555555555555556,16.725245653817083,115.35903250188964,0.4761904761904762,21.331821617535905,2.1560846560846563,12.746031746031747,0.41666666666666663,2.2836912542794896,1.7724867724867723,9.506715506715507,0.8758503401360543,13.084847070141187,22.74724536279158,12.261904761904761,0.0,0.0,0.0,0.0,0.0,49.5487752987753,0.0,34.90504686723174,76.91678691678692,1.6666666666666665,12.70031345871682
