1407.6824044789792,61297.49730764655,2337.9373526480695,2946.089097214443,5668.658145778415,7572.8110764290195,1186.4474202976494,90.07149887348422,398.22714041599914,3873.065488058463,211.14792956968245,9391.158421200204,110.18502838535733,152.31525580444915,722.6090094045196,119.50751689551312,2510.119324163283,8473.5784340374,5714.596761553644,5367.8124996733695,8670.720773894682,1499.581870530825,101.44447567559658,6191.074084438584,1370.8378793033396,1638.132470984178,4891.387558562969,1330.8291738562168,784.2951883215171,15.006012506012505,648.5775568949384,5817.528583632665,56.231256768177275,477.5795989564537,296.5019389441544,417.1910578788108,1027.9556760372752,25.903958916900095,47.164710431181014,2198.028145166951,355.1407824304565,3710.332109227052,369.31753897050834,1532.9866869452696,27055.54040815759,412.4105538424598,142.46291077814186,137.17694368928613,19289.47855613643,6122.899813870036,10452.774228881859,221.73134440100827,251.13671985704272,645.845673818437,363.8423831009316,461.03679941590576,1504.2924821353224,1443.9433468703944,756.9401807643258,503.224609572325,1329.5316581623786,228.47141732178497,121.35935102824848,207.4154800856901,191.33344535522056,15962.109452604345,7464.068414633393,6430.189340311972,21329.982557417345,3873.972087325265,8143.154708756321,17924.84509677851,3197.1891256698545,3443.131986722323,7847.2436537797275,154.08244384207597,18.79686923370747,13218.618531616246,12771.988877635387,15072.351865139664,1681.0140395694534,7074.029385647691,977.3907361766596,69.67515153691625,299.36013883710046,717.1105635644484,219.84806392054793,131.04721065971066,1156.1680731554259,1550.2698891283433,3443.7452754178257,418.93807539032264,4439.357042108074,5808.556434543421,1273.1988797005229,1892.049315035003,295.4333679936621,409.9419421798183,152.8102739214808,175.28314899855394,992.170655008936,8854.20260878728,3582.4284605209555,693.2258544861158,42802.6044167258,1540.1479022447727,3032.6276481361006,3964.6567726459625,14655.358535183068,322.80512646361495,359.04973026428905,1547.711838997008,137.65856047774122,763.733380537378,2354.086659274276,265.33187306969415,296.6264490359728,2210.210592495169,349.0538352126315,294.32913989038934,646.727228533169,100.5489079275844,409.33078793807573,33.32426303854875,37.17365713830097,766.5872709994829,219.9140161433013,33.022098789010556,64.59179479146584,29.164682539682538,46.491686659669114,132.91479710663148,247.24153899368872,92.44014483958169,88.02126418911352,4053.114357928047,313.1815693371366,21.613165102870983,8.663520294626617,819.7018513846535,108.40003731648468,1410.3085528278511,436.8967724093464,439.7564149322618,115.46840187280156,95.77900120032473,138.11253120804204,2115.748845706318,181.43815592646087,1331.42054640536,860.5311885387479,578.0472954515449,76.2467105760584,215.448813000784,72.50557940824683,200.46587208991184,237.72536600764707,352.69851496033453,2947.0851318297014,55.55257234159033,26.896670283739248,413.9751573100102,160.35617376639982,161.0222449119508,372.5253823440798,237.33263958401105,75.39320729587423,4364.499651836346,3076.503388459062,74.35504946841154,2.627164502164502,327.7373821742999,39.455890357206144,12.878352490421456,3.9415343915343914,141.8984864876409,5.1491452991452995,255.97162361555291,67.21842362919308,36.40136054421769,21.462195048959753,45.80290267202861,406.8560360191596,305.00475870695095,21.525695065168748,175.30351518170949,309.03121047968324,271.6703715041063,12.365497076023392,43.971611534409156,8.776975108225107,514.5964823141255,77.80118385325495,22.861471725442314,4.882857142857143,68.62414369256474,328.46095614408165,261.6747617335523,18.810948310948312,20.854198944330523
86.31209150326796,7163.735615147541,123.296632996633,120.92101208351208,1339.8726381530382,593.7414408210342,81.94695767195768,138.87578186008417,1010.6445970488309,155.93879031787114,70.91720085470085,2219.69914272439,34.87037037037037,50.04230769230769,677.9834516154283,43.97967171717172,748.6951094258708,498.42932898336124,243.0938066963067,634.2793360102183,744.5558080350843,170.8466779279279,12.61111111111111,460.08962574325477,578.6551354257853,650.9903894190185,583.5963569761487,108.92513736263736,112.84615567948902,1137.537073030823,42.148148148148145,280.61595739457186,9.444444444444445,54.10375642875643,24.791666666666664,31.00937257187257,213.72924174174173,14.679487179487179,21.963399168399167,62.71243386243386,12.844444444444445,80.2669208580353,128.24198717948718,50.546975546975546,198.4864519108997,83.57244005994005,47.93371212121212,12.101190476190476,123.3089133089133,413.2258039828201,158.17227818477818,14.145833333333332,41.31283068783068,16.54398148148148,38.90674603174603,185.53804697554696,74.12854737854738,53.509854497354496,47.87645502645503,48.0325504075504,551.3672339519233,3.541666666666666,67.70490681660036,14.214947089947088,20.030864197530864,2096.067453995667,447.0597085222085,596.7407754631439,2745.6093286123782,384.3927807486631,598.1598060549674,1209.6184210140086,1282.8510700796992,327.2910392860393,606.986995756045,90.99801587301587,7.708333333333333,2559.158286727386,2923.808557762655,3145.1279374364585,39.14565279565279,829.8143042451777,22.777777777777775,102.96130952380952,49.89253568352405,6.4557057057057055,15.238782051282051,50.541666666666664,127.91489703989704,76.93478835978836,192.0051041712332,27.609508547008545,226.28607341620014,155.008196020696,157.19704651941097,199.1518697268697,121.7263871013871,65.05542635658915,10.76010101010101,82.81955499697435,179.45410052910051,829.2140881126464,358.89929349414564,98.31501322751322,1637.8685968107338,316.66654378321044,948.6104521779441,1779.795052127039,787.2466769341769,53.78520322270322,44.916666666666664,87.54822322322322,103.64386412915825,177.22030022446688,327.6962775874066,49.757440476190474,61.90385385385385,13.083333333333332,21.040968051384716,33.81944444444444,234.51970733272125,20.870476970476968,202.99925852882842,36.09722222222222,9.778611111111111,83.66963554463554,43.3265873015873,5.5,2.138888888888889,20.027390293519325,61.60333333333333,2.0,10.516666666666666,17.834722222222222,15.799999999999999,35.460648148148145,23.36111111111111,12.0,13.708333333333332,51.19206349206349,15.055021367521366,131.8667328042328,79.6031746031746,37.08928571428571,47.38312852022529,18.794094094094095,16.025132275132275,30.650396825396825,27.71759259259259,133.2303199812236,25.689814814814813,44.959259259259255,325.4844759923507,19.444444444444443,4.492034534534534,21.09722222222222,11.38888888888889,48.77777777777777,8.833333333333332,7.920138888888888,27.33933933933934,84.91666666666666,96.2625,1.3333333333333333,19.23148148148148,15.444444444444445,48.390151515151516,69.58265765765766,106.31368731368731,1.6666666666666665,1.8333333333333333,5.583333333333333,19.991666666666667,0.9983333333333333,8.571428571428571,27.058498014143176,10.722222222222221,11.468253968253968,5.933333333333334,11.947222222222221,0.8333333333333333,11.984848484848484,7.762820512820513,65.4920634920635,6.527777777777778,1.7694805194805197,12.788461538461538,66.26951951951952,3.333333333333333,8.63968253968254,0.0,21.075796726959517,12.677777777777777,2.638888888888889,87.11411411411412,4.333333333333333,23.171296296296294,1.6666666666666665,60.351190476190474,1.488888888888889
183.86480917756697,38213.955179794364,176.37308319900524,355.2825552445748,1715.3066511267875,2908.6374443570107,689.0942891490489,154.20550953859112,280.8338263901242,682.2628668483824,87.58299496699881,3304.598136917688,497.33544660664097,306.16228552597505,595.0537022030456,187.3323714691398,902.6669067935496,1969.1388396573966,799.5325687146212,2200.5697815995695,2415.370244403605,546.8115638561677,45.822711746872606,1563.802642535714,312.40182729458246,1305.057293291482,556.1063514733756,246.9898749457122,290.208787042993,45.471724820318784,94.10309934323224,937.0631161441519,31.89943638027929,414.21299005670306,74.65155861798974,52.42810544512708,586.4249760542535,19.854539455642396,33.05853821229346,367.91187024635985,31.715266334702168,641.7659438704744,162.37248337496007,176.07789612303998,4286.91863221439,155.84334710146686,31.233872873158585,26.09805828917671,1798.388400558645,458.5840633249245,900.8358253119205,117.37006753311101,35.77541850590951,145.86634575880305,53.21241623159727,99.34933876291245,200.54634668949288,753.256850786619,129.58217050056604,65.04692185826896,193.77120975617424,21.137786596119927,56.009578691792846,41.44378836340081,16.088231347317482,8101.952451345264,2247.5954601200306,1624.5930804914628,11281.662571321378,946.8899606121056,3271.8151025946363,3906.1527893595917,2019.3512179404372,915.0777080121294,1602.4505605739578,26.95050233202517,23.606677966446874,3856.560932116869,7865.292815501906,10117.335953159576,126.46398151215801,2530.709390425285,412.0535663228187,81.899868205335,87.80845229924036,204.87130579110436,16.383521011843847,16.76571350762527,204.3954557614804,65.38526913227801,276.0081979473566,140.39879148561369,699.727584514501,1057.384745517414,79.09874275609928,187.52543127621792,89.8227377717196,68.90281393929283,147.12381262047336,80.01609008123786,216.30629929288003,3066.66192600394,5466.188716335796,339.56706587459155,12538.887134011773,1247.94118605262,6656.144071421675,1709.6786028539416,3029.6207347052664,47.70245784854202,42.629573980265505,236.7130986946983,47.806533977375295,121.26541002741422,521.5698250788117,128.18190710229797,41.338496224700705,150.04584117547026,106.09358932931023,70.91798592464518,110.90208670823974,89.39708187146913,61.285230615522266,60.74795264842533,887.3007119610173,106.96616507843895,283.06889877647103,57.82179378694949,131.93708681655104,16.312304797598916,90.91563347204522,82.08155100123993,18.402644011480216,157.84544845030962,111.1935783910883,284.9769745178107,19.240622531063707,15.592628623568077,10.859715194654342,55.973784453506944,21.302101066140068,150.4425552695042,43.000723323648344,21.134693851551283,17.97200599907907,9.238768312297724,129.78927475896367,161.78194344039545,200.42369567232828,150.6791049897592,176.25763879673653,139.99230312114167,54.11937316732713,27.316432176307046,22.608400999697125,55.178183119421355,16.363241388241388,62.48336972541014,219.979733300399,223.15593277258168,19.77926926202788,169.4608902277042,150.66551274955327,26.13605386080876,220.34541928411107,29.543271119435637,192.76496699664062,971.6471023002447,386.9870082755702,194.083987105077,6.672483766233766,128.27876846514664,111.43254140184747,44.092657879583165,6.113544861093881,19.01384363686995,12.130752927627928,25.990430186270636,239.03430084484484,157.02147441887806,8.28434151438353,61.88414553677894,16.41975406590068,63.833584207437085,35.44906416676746,107.93449414633261,147.4326017017636,52.57430466012821,128.43914713385385,20.516657233557325,37.31541460176561,30.006403241819907,306.36639031224917,46.03755770826849,6.083227178465274,68.05905953768324,18.5465039551174,37.936294995801696,1.537878787878788,48.43818426299077
7.861111111111111,5425.634891541486,6.668526785714286,19.489850427350426,408.68944917726344,1230.7722052709973,80.44141528406234,418.1486230817113,1187.2454460054798,59.51257122507123,119.41555529619255,1177.7214090291818,870.2922321278938,141.05165676793968,571.0996476809654,227.10716571010687,120.74562474562474,135.88308717766438,89.84652714183964,302.99992623117623,291.4354394108071,91.57090455840455,5.652777777777778,536.9672392606033,79.37969319242185,624.0963077431827,252.34474698776168,68.25628306878306,345.34846267566854,73.3454335016835,43.00685541310541,267.42860840480324,2.0,29.682703081232493,59.617476851851855,3.875,106.55827737077736,157.0113401354694,32.6087962962963,13.440178571428572,3.6041666666666665,27.20567384004884,385.2572227608992,7.062499999999999,226.63484305046805,109.21518276113864,23.5400958994709,19.958556547619047,328.060371229218,76.47367109443722,107.10463217338217,18.15839947089947,29.85309829059829,8.0,60.833800186741364,28.19808201058201,6.347619047619047,52.30605274355274,389.4524050254942,30.719546194546194,1645.1096827379924,2.698412698412698,137.61430459474815,51.77777777777778,6.79503367003367,2133.199036460183,93.32979751729752,476.86509498127145,1469.8996757605962,158.12012518088906,449.5866500099363,1316.4796296308825,187.36009974502622,69.45197192853442,534.9358009284906,26.885416666666664,64.79901443872032,2043.423089118944,986.820308048433,1802.7105325659256,10.32986111111111,140.70150700276463,9.31053841991342,16.416666666666668,126.27117763602138,2.9583333333333335,77.84208446251128,8.833333333333332,2.9722222222222223,23.388888888888886,159.1585082163207,430.97527472527474,565.0942047145608,202.34463054790066,1.6346153846153846,23.451490384615383,10.946403133903134,55.15674603174603,13.590277777777777,5.9625,16.71825396825397,1250.9991152043979,69.0233508277863,83.04649470899471,948.1583502060089,130.1869067071273,269.8843846273123,1042.9925740996794,653.0854582849068,3.2410714285714284,16.942460317460316,15.441203703703703,56.684065934065934,23.66348443223443,52.43028499278499,32.78952641687017,11.299768518518519,3.6308760683760686,265.8792821421498,2.7604166666666665,231.9118963100818,163.0500543796016,8.641203703703704,68.47837301587302,1.2000000000000002,50.992678481649065,42.86402116402116,29.09375,3.25,130.91996381886088,161.36403755601123,30.191666666666666,4.613425925925926,0.9702380952380951,7.92228835978836,95.6110516117869,11.38888888888889,33.56448412698413,11.715366809116809,3.1527777777777777,10.916666666666666,6.0454365079365076,3.6354166666666665,11.916666666666666,5.652777777777778,11.185515873015872,2.036502849002849,32.00593549919968,6.875,11.17222222222222,52.11217948717949,12.856349206349206,3123.388824768971,2.5015262515262515,13.798900462962964,23.988858363858363,9.097222222222221,94.34135872297637,15.795362103174602,4.494047619047619,312.8513180272109,4.111111111111111,23.901531339031337,0.7870370370370371,1.8324239417989416,2.4657738095238093,29.8125,20.284167833800186,68.85862835081585,43.64155092592593,0.5555555555555556,13.125,9.576984126984128,12.5,1.5164835164835164,13.29235151049667,72.0357905982906,9.332175925925926,0.0,1.8055555555555554,19.04513888888889,10.180555555555555,2.819444444444444,1.0833333333333333,71.46405932030932,0.2232142857142857,0.0,4.287037037037037,0.49999999999999994,0.5555555555555556,17.601190476190478,10.694444444444445,1.282051282051282,0.625,11.051421957671957,0.0,1.71875,0.3333333333333333,1.0185185185185184,5.2142857142857135
87.29305851738445,10834.860135088356,44.613974367092936,33.32728529640294,1050.346424341817,3605.035222264173,281.46458071949985,134.29853090806182,955.548466721755,224.81849053828736,55.1860963387466,1032.9694220446029,13.965987269435544,45.5063801278087,172.34179369786682,24.887544926751914,399.82922776167356,633.849904199358,205.744347122605,1791.729461166114,609.1114255896541,334.6416980342992,9.737203728583038,1693.6408202755704,55.75686246397793,393.39745796349143,299.7933426197989,132.7377554660336,428.9015662279823,13.413062699827405,78.66585187028592,420.77178962132245,8.438519813519813,146.1647087974082,20.81143800942029,28.688030016461386,91.88999609687433,6.944444444444445,23.641567661547377,288.65714136724796,40.209412179183715,96.6972361607355,20.02541141964739,55.33402344747915,1187.956291081974,89.18117743600936,31.91901747573665,23.589181193131232,876.2080647502,294.44123680737505,279.5161683167931,9.11300505050505,31.717553304000404,5.172212543554007,69.6401514186942,36.87539702682777,44.321005097877425,151.2923765226903,318.6053937065133,74.47094043790926,200.9810804181347,45.85004900677579,119.7980655592553,24.85205076788428,7.25341211581311,3833.5586842035445,532.5905548438992,1038.4968681802754,8118.101072990872,500.246344061097,1899.113863612746,2637.614653839716,850.1809393836542,286.8615110682871,685.9261017437029,47.119899687537185,10.372672853135038,4052.9828044491746,2486.1132183708,5478.556712296746,133.19900397160458,800.4539610268316,55.91759879280786,18.6591644687353,99.81763660733515,8.990504030993161,10.274735680985682,16.062540972544173,43.71626326369396,24.28622669290938,784.6056780092086,85.21974413067213,1443.4382839922428,795.3736112427625,5.421050503741067,105.22356771353077,28.585753420767425,47.16076290010714,38.16027420903236,34.005298786181136,159.05748991925375,1203.2844170074807,367.1298386939084,60.22932737952888,4013.09756066977,1096.7286476254214,957.204240105893,1149.3122748936528,2124.3437424762433,41.85859121131506,39.41840358879532,6.759194123777457,115.85406080576867,92.1948932489287,292.7419991828705,8.523607468004464,33.90507112979304,53.66118970733092,314.25209241458793,33.29156663196911,118.59269232179604,13.142802616486827,26.12008705696049,8.759845981313372,12.862496708847416,21.37191851358518,157.62910688239634,70.84503327237238,23.81778599486933,26.767381249187057,620.3133243783752,18.156124355974896,40.56959336959337,29.494438591129587,3.135297142193694,90.2110095543968,18.423371798166837,11.64126559714795,3.1183399933399936,68.66741119013344,12.255866550398837,94.36352771073867,4.665708812260537,25.281354036805354,24.103268431814122,14.210426351970469,62.91935155958265,5.8084100446169415,48.86149352883099,43.06115525625793,66.055163058219,54.25624669474258,10.1656967384655,7.8047780763298,7.735240879977722,35.69732793813254,16.528984169425346,72.18006802183788,13.499500499500499,2.5451559934318553,133.8514263350619,26.489961704869536,19.57660437912539,1.5989974937343359,755.7754727276332,15.08847779204922,7.311058908884996,126.275585958329,227.15253585121215,209.724027167846,15.575396825396824,6.663129516877723,5.233199340342198,0.23809523809523808,1.0084033613445378,67.20864526435992,4.654761904761905,31.85414721444133,32.54950355085804,58.44320383456413,0.0,1.3591584069525247,21.331631807734748,10.518510444074481,13.129755317270778,24.72054539032762,64.83372655850535,20.51312627178763,1.1547619047619049,6.150432900432901,5.068814604966565,15.56842356238908,3.333249966653328,1.0333333333333332,0.7142857142857142,26.73873914278971,0.9197437300885576,0.7142857142857142,0.8181818181818182,4.204193175245806
323.99351695939487,23838.65358658341,173.64238824559584,181.39411789914354,2482.8147853254845,6935.479455645317,907.6933195279672,349.56488411867656,1346.8490424671945,977.8300322367764,126.79555601776964,2614.37716383952,88.50910742737368,82.75386061117435,230.91746260521137,41.02504263470856,1792.5393007064529,2023.9900261363196,607.2961846374826,2823.9949936581243,2484.906469865033,1111.732587872454,16.126443001443,2490.590128892776,147.2495506368026,595.0300800040261,491.90295340516803,104.32086885983993,718.5460261443997,30.24407067605597,199.01146291669383,1132.0381295011935,25.43925518925519,287.6137247481713,73.2499732808137,50.63522171365309,381.42372508969754,18.669000933706815,10.273420479302832,499.52887885749664,200.1689191028376,301.5305892434659,78.44323231234996,213.2233760424384,2505.735702547942,193.02012747152534,59.384630228405584,27.026997322283158,1811.160265985668,730.0495125162576,680.965462045396,5.554464054464054,55.88216497268355,22.399288081763363,52.88816527823722,100.41397513223585,281.9379186961308,270.19654958639114,299.97810232280045,121.17853407725028,154.505624604154,28.078296703296704,304.5567805181002,85.50633217420543,18.69373501083935,6710.20024251679,1465.1992822963907,1666.1954876222671,11668.658645526742,1431.0993686790318,3757.6312246637217,4423.253897229915,1351.7942293123442,1057.1927719844134,2455.5838323434623,89.00373044157668,35.6904714951044,5387.50329636161,6486.066289687405,9530.826536809938,228.27430636003908,2260.1394279694055,434.14415130246954,55.63428537284132,174.36199754373865,87.65201300022729,9.179063991563991,17.486077970017597,248.86091493748492,71.31924262906921,1038.5677551264691,174.974751827693,1955.475205565124,1199.1052226877332,24.28760830212879,215.8592025751582,58.126587468641134,69.40189064795618,107.44308098897021,69.19012715031623,118.35012991691796,3091.5779440812776,1889.7765454780633,103.6928255777631,9967.1026516392,2460.2481279875406,2745.439398638249,2679.3679036134276,4216.677273617541,136.74508187795783,115.52609401542686,17.34692503263932,415.609303984472,234.17472410804177,1081.8177174022494,85.17758535501764,135.9877724589132,176.84672540025912,397.17768277154335,149.94993809565463,96.01298439222641,52.0762432012432,69.64061313021286,27.489289305465775,105.52583304528865,67.87538176519351,130.8332723217318,165.84661456982286,63.09569442902776,39.162926547137076,585.1024612783062,140.13344705938783,108.30904891093967,144.71186043999134,52.58786822384812,164.2499991505142,32.37280279244565,11.136865775041324,5.3414224664224665,100.619826324626,50.53844600795272,380.74489699586263,8.007867132867133,28.10443689321058,96.46596200497129,56.2434858785865,159.73638060507807,32.01468427956523,78.69886696837162,115.41929555817096,137.73246994465902,210.4117117972417,60.56410256410257,26.63850427988359,7.027269027269027,32.377252039121785,28.086299412279804,62.73635835064406,59.85930141287284,21.166023589936632,171.39175179866245,172.18891421533007,59.93606176168393,12.77173750741862,604.4464553089907,20.67900562841039,76.23069432580301,529.7528482434051,554.0019190921375,797.6455252114449,5.7142857142857135,21.89340493384611,17.017741187384043,0.23809523809523808,3.2815126050420167,53.61165706498524,14.688712522045856,50.09297529590792,90.42814067200825,210.38015856193303,1.5960884353741496,28.581538408335796,43.292744017275936,107.03236022155465,13.437922643804995,102.75201426757388,493.1982138765347,129.02007619518415,3.4232804232804233,9.490193286245917,10.788850046009488,35.61134652384652,40.70326312343119,1.0,0.7407407407407407,57.438308744345896,4.842355318195654,7.063492063492062,0.4112554112554112,12.962703962703964
35.46816133795823,11644.981008877328,96.46190317613599,210.84832147417436,1715.0741033363029,1902.2769046935498,116.46781603475601,394.3710686701968,2554.3763783982345,871.7021340127144,49.145089000701525,3218.185107303698,286.94530895502925,39.67844457130171,1118.9531678775493,1189.1719101345366,1544.6937595220418,508.90810644699775,234.20968663739038,2167.3800421202395,1248.7790727466222,540.8808158257867,15.28852357731668,1705.171967795738,265.08194971424393,1228.3692754550473,573.5140118785616,129.95761848053135,93.59080125634857,59.92486424394319,263.24499349979226,590.4143820067088,11.085259103641455,76.11954295954995,32.708663605669045,76.65498929502688,257.58460943255204,39.80891567153177,17.277528856370132,99.50889557482391,99.56414737034736,82.58084966639866,154.29479915603142,78.66511117508654,720.8985128264732,36.26772323872078,166.18040830461752,159.03880986512735,837.9903185613019,128.3292121009994,861.4235076684643,153.08137768664085,77.33359566525044,36.763888888888886,14.170833333333333,99.90517479299645,20.754928957228824,302.1299615012383,92.91683931166556,144.64579092353586,1232.7843443625552,30.841187988513706,360.18011755250865,66.3360588794562,52.361743889566675,4578.272164200282,674.0331946657857,1490.0750879938585,6881.358427977429,446.3750467597414,3104.267035341161,2267.684614996939,1285.4241357975545,1442.765921484019,1004.0379553191427,61.891788976535956,13.359065537636965,4042.8346660871616,5485.5923775321,4616.23844556858,32.610569052795945,1509.6469434470885,8.821492707693933,112.66332086358285,354.7049033262405,10.396825396825397,31.13504353833301,15.6979159301074,38.18005438137418,77.99539732298352,1053.2063988284492,248.20245557779586,2949.3360750430456,476.4570249976193,67.35845489717913,66.36242250400683,33.77422460212155,144.57068585256064,13.382127040994035,5.229761904761904,104.84963830029619,4606.782030723073,354.1370383471484,681.5766349561587,3858.0553576302223,1327.9806240660275,1064.847428854342,2739.219287870203,978.6472623991134,33.51750354530527,579.7309698289633,56.76366330689639,535.7709792118557,61.98045436868032,576.7138706279038,27.308139711704406,124.59165387031327,39.52673748329374,827.5088857928956,7.508801247771836,600.2781249089392,29.885484544695068,23.98192274202066,22.35580357142857,36.09062637326184,38.61629426537871,13.944221129747444,137.8974877652979,4.553571428571428,50.19230727681272,1123.2644329161938,4.019649698960044,80.15107253427686,6.0886699507389155,13.975975269940786,202.83860971410598,8.700318542050967,89.7572675375307,8.455555555555556,35.35278609051276,56.371586511859064,64.60158688693171,14.833048857776625,92.39103924833604,82.15312707054994,76.76876692995114,14.013583288793372,43.006839568978,16.03495564892624,54.01229343595401,26.710963776150066,35.26972878905728,591.2080589293087,11.322551806123343,5.639411027568922,27.943582997462308,50.016002063934394,64.98287184455349,45.8074920458614,6.503147235905856,241.37883513187305,228.46773839219728,35.30561357771949,0.20676691729323307,24.52499856009708,56.04236239950525,13.82577064642282,83.20642859538698,51.31830491520618,369.3895316739241,4.067460317460317,52.470238095238095,17.78061224489796,8.76865564990565,8.443546649429,103.34427194322704,8.892857142857142,22.74805432110144,9.400694248991462,13.08058608058608,7.508049886621315,6.946094591682827,32.25433943564748,3.940595676757201,7.73276484052346,4.014890282131661,8.030985121956084,24.396760299015938,1.676190476190476,7.871508451865594,11.392857142857142,55.16180247088848,26.388315124029408,0.0,15.865079365079366,4.059106098579782,21.990410653069453,5.8809523809523805,1.991911597174755,1.5
29.82142857142857,1812.2576733436406,3.091269841269841,18.718864468864467,197.22918727948763,524.6724152142436,17.35866910866911,55.01844729344729,421.2007111769795,70.20739872872225,19.321296296296296,325.020137998492,69.16193189526523,28.955331705331705,145.26518111518112,34.3022903022903,64.61317903229667,12.218726806962101,33.26966651807921,231.60882136654195,267.1083053948075,66.110822277629,4.583333333333333,111.88087009625787,38.40701906118573,28.03515466015466,28.800302783636116,3.2539682539682535,14.421957671957673,4.997113997113997,28.97995522995523,89.31302444054545,1.6870748299319727,10.873412698412698,8.458333333333334,1.9166666666666665,16.26068376068376,30.813932980599645,0.25508351488743647,19.186507936507937,39.99999999999999,34.54675562532705,114.19380002713335,9.523809523809522,170.64220521414984,19.159035409035408,6.51058201058201,8.452579365079364,122.59868611900993,31.031584380374703,76.73404584055844,9.023148148148149,7.370927318295739,0.41666666666666663,0.6481481481481481,1.0416666666666665,6.408465608465608,6.415707308564451,22.8758547008547,10.324078862314156,135.63117799076446,15.41161616161616,49.90182331855719,11.28968253968254,0.4398148148148148,536.6224817048918,38.42768959435626,254.342190037113,657.9593939676291,19.150200289906174,188.67574960046912,321.69046611892884,125.05823098470157,96.55785765160765,171.1555639546642,7.399122807017544,5.2995014245014245,613.2828107337892,709.8280940692553,768.3812775531418,4.8543028322440085,191.24620738608832,0.6128472222222222,0.5,12.37706418774127,7.663454270597127,9.664021164021163,1.7042606516290726,3.593253968253968,6.362433862433862,60.04358026686458,9.65521978021978,264.575957816568,78.50882341803117,4.619200244200244,10.808380138380137,1.184640522875817,6.94510582010582,2.361111111111111,0.2,2.4107142857142856,698.7190578381469,42.58309849002053,54.04447496947497,649.9977831018447,63.26704014939309,136.52030608151057,538.0316757761187,129.44325788590493,11.642857142857142,2.7044817927170866,2.391269841269841,28.306943908917592,5.383089133089133,17.496873496873498,16.503837568681316,3.7037815126050417,17.566544566544565,104.25824727197276,2.3031434796140675,19.820481091986466,4.696391263057929,12.640652557319223,1.3407407407407408,13.233333333333333,8.691014867485455,0.0,1.777777777777778,1.0,1.1587301587301586,85.16561378192957,7.5055555555555555,19.444444444444443,0.0,2.9146825396825395,40.22668152281155,0.0,1.1111111111111112,3.261904761904762,1.7034313725490193,8.42361111111111,12.499999999999998,1.7063492063492063,0.47619047619047616,0.7142857142857142,1.7647058823529411,0.0,15.900629881582262,10.158730158730158,8.866969009826152,0.9045584045584045,7.708333333333333,422.3360880349416,1.0805860805860805,1.7857142857142856,0.9722222222222222,1.7222222222222223,3.4820037986704655,6.107671957671958,0.20833333333333331,32.23579950498718,1.0555555555555556,3.463751526251526,2.380952380952381,0.0,4.503968253968254,0.0,26.185786435786433,13.561650871174681,29.457275132275132,0.2777777777777778,0.5555555555555556,0.0,1.6666666666666667,0.5274725274725275,3.1457927974057007,0.2564102564102564,0.0,0.3333333333333333,0.0,1.8386243386243386,1.25,3.194444444444444,0.0,7.917843576176909,0.0,1.0,0.47619047619047616,0.0,0.0,0.0,19.57142857142857,0.0,0.0,0.3333333333333333,8.333333333333332,0.0,0.3333333333333333,0.0,0.26190476190476186
906.7320505792319,19951.71090103566,10.051470588235293,224.0092343545162,962.593363642125,197.45859627844922,405.51934162424357,8.403361344537815,50.80792124542124,323.4995663549028,18.208333333333332,1161.3729281906365,175.8695590357355,278.2988365800866,1186.5411247385512,174.3153041969831,868.4094274756652,3293.272529032583,20.083333333333332,1673.4042000275617,1678.639762609467,32.39120601620601,484.96388281743674,1715.9782632332265,16.014550264550266,1357.653095438512,46.195144724556485,883.7496649592238,29.80704365079365,3.325396825396825,3.333333333333333,166.65813252202878,253.06621187001087,37.62566137566137,6.125,12.374338624338623,18.939424772758105,13.619047619047619,700.2872306070835,463.8425230248147,1.0,2.4166666666666665,597.3224357546048,10.208333333333332,23.341269841269842,7.768849206349206,8.214285714285714,0.6666666666666666,41.17680776014109,1.0,17.039682539682538,1.09375,0.7142857142857142,113.88685316721369,21.872023809523807,3.142857142857143,252.85349712016378,13.166666666666666,22.260912698412696,34.48412698412698,27.99585137085137,47.738936988936985,0.4117647058823529,1.4305555555555554,0.6666666666666667,4304.047030179228,282.1685108872609,357.5011365132689,8710.809962612127,628.7798597100067,1245.5125258494584,865.6077199948362,1522.252989795569,435.69861619861615,1105.4504602144425,82.39484126984127,46.49454365079365,2598.059333424351,4507.902659573707,2603.40594269298,2.4999999999999996,770.4137373058172,0.5555555555555556,95.20541726791726,11.534090909090908,37.74870925642984,1.9523809523809526,2.0,6.972222222222222,8.75,201.41664868356042,16.071180555555554,25.063393714129006,26.164682539682538,1.0,3.4841269841269837,4.999999999999999,2.5,381.48613018925516,61.32607785732785,13.975363756613756,774.950545555635,203.0633041250688,1002.9956958482693,12928.634738035033,51.61026228673287,491.8350963636614,2521.614859505294,2415.5416756854256,96.98809523809523,2.7777777777777777,239.69131911859185,1.7361111111111112,15.854497354497353,874.1874696200676,8.125,6.188958916900093,0.30303030303030304,6.891233766233766,4.686387686387686,845.8549175328161,852.0874595629497,8.02579365079365,5.734487734487734,68.05627027293694,0.0,8.277462121212121,0.0,614.7184828039607,317.4181644880174,47.90644894321365,107.31493506493506,7.343749999999999,23.96626984126984,46.01066217732884,0.0,1.6666666666666665,0.0,9.999999999999998,0.0,0.0,0.0,0.0,1.09375,0.0,1.7777777777777777,122.32591036414566,0.0,608.8678672226466,0.0,18.243055555555554,0.0,0.0,0.0,0.0,22.55642968142968,0.0,0.0,0.0,354.68199636012133,3.1944444444444446,161.09325674325672,0.0,43.897033830367164,74.20678295469962,1.6874999999999998,42.010582010582006,0.0,0.0,89.28217697335344,14.180357142857142,61.03222853267416,19.52777777777778,0.0,37.35944264069264,0.0,5.7979797979797985,0.0,6.085978835978835,56.043565911212966,18.628968253968253,14.879749879749879,0.5555555555555556,0.0,654.8548737142487,56.87582671957672,17.115199615199614,0.0,14.455555555555554,154.6549977845321,250.87866400121302,0.0,20.392857142857142,17.71206816059757,43.68849206349206,1030.2925650809746,0.0,22.100122800880374,172.61804378899967,365.7901309724226
214.53028328955185,24356.681558398737,170.41629881174515,227.48651408951048,2140.988094492153,707.028469884563,138.35750794403825,551.7157839358497,1174.8321201228716,352.4242989034243,7.463203463203463,5997.722109206057,15.294808992177412,27.898010214186684,25.736257421628938,12.5256734006734,418.476704706394,505.1909289347695,728.8935574338813,3924.521110365915,914.2237869360861,185.66917020110296,94.06891823715132,480.4562531199178,251.8796682083253,254.32112967370318,355.15431953383336,71.68635939224174,39.30030320208891,0.7040644540644542,68.36881599356244,745.7938936821205,7.742063492063492,145.08478694508105,70.97780307852362,19.566606187929715,277.22233981976626,0.8535353535353536,7.738095238095238,341.4803663212719,37.39254365775263,382.51657367798157,10.337078477364855,64.65327885335626,1554.1141350538667,22.60260076252723,48.34850423565257,45.447989510489506,1146.8302865562255,726.9425780546477,1045.1640896175186,2.453102453102453,45.86285157337789,29.28827605501367,8.867965367965368,68.75081699346406,60.33166202729541,325.1349620108134,75.64502125626352,52.06004170492807,1462.151278350908,67.11192021486139,153.19741476064786,31.950917995403287,17.14951422488187,8657.01204355172,193.5405763182466,1363.5342364674573,4594.1993596720185,879.7062047217596,1633.6894391571798,3680.2010195807898,2815.627437740698,356.5245390015219,837.6963760642557,103.57451623811917,2.3515873015873017,2222.9460986607805,3302.3347260379737,7587.557804144039,59.12817654062402,2995.5682687074545,152.69054581970605,17.560425685425685,223.80856365450663,22.978936096583155,49.02382988194391,13.628928465325524,52.68722943722943,89.84292137921902,1049.5727329875895,152.61413362465993,726.7646447283032,1767.1338535057507,140.59573138426788,119.53843339848241,39.166481666481666,87.49183802308802,5.327380952380952,33.83178115743905,113.24962939721343,3408.496522669778,188.21594522367388,125.76635707796088,6767.743484686237,656.4014200009742,717.4609048357391,2695.0049624298867,2172.2957559752467,16.029149159663866,55.308143971134164,68.80823112073112,193.21417607447017,51.727153361344534,251.50541628697388,38.47548797163735,61.01385395435318,43.172399767988004,741.9131445216003,93.86760891225177,117.80025187684501,0.2886002886002886,75.6222582972583,9.283234126984127,0.0,101.48885741165152,56.61428811986087,76.36884248648954,6.0020042092410515,76.49133986928103,1062.339580838981,4.0394736842105265,23.001628001628,3.368873572820941,6.689613024697058,139.82677004951165,40.71996753246753,8.262731481481481,2.111111111111111,68.69547086511372,24.761428629849682,52.98634249737191,52.82035901190313,17.034006026653085,13.639822595704949,18.77556818181818,0.8221534227726177,210.0243611832879,27.117627606598194,300.9844188700808,174.30476833967546,36.30469799655193,82.3505291005291,75.9387887344557,22.153439972480218,3.2654546068826256,77.41090969215969,55.37331745052333,160.62136521268667,138.2694597069597,21.047801404944263,504.10921948421947,12.607595019359724,3.7326388888888884,21.50565882918824,3.4043410293410292,5.242794486215539,585.014330231175,64.49354636472154,181.72403263947382,3.8809523809523805,3.3222893091314143,7.162280701754385,0.0,0.7,26.170526695526696,0.0,42.91823451602863,2.2275005696058328,875.1703576324817,2.7976190476190474,9.312599681020734,44.3846651034151,49.11252758679229,0.0,2.6401681286549707,63.0204678362573,65.47473186049866,0.631578947368421,4.819805194805195,1.5,22.291086636674873,0.45112781954887216,0.0,0.0,32.629299965600275,11.63396963723761,2.6640211640211637,1.2821969696969697,0.6249999999999999
23.28506587820313,2706.0248230201178,6.49165988332655,24.419000933706815,203.97943561521993,178.7424308223678,24.017806267806268,148.5753232990809,839.1142941934609,31.19375763125763,5.684722222222222,1202.8775793779664,70.87440476190476,28.34375,129.72127085877085,31.248376623376622,345.84629629629626,135.63946886446885,56.85848595848596,102.83155068148675,159.97471565921055,56.275587606837604,2.232142857142857,354.84360904618256,14.207249667543785,182.9304360490635,64.69876283846872,27.258165445665444,24.850579975579976,65.40835437710437,4.063200280112045,51.89238580047403,5.0,2.936974789915966,10.344195156695157,2.4023199023199022,17.107625421963657,15.1765873015873,8.458333333333332,10.922619047619047,8.792735042735043,20.125269338504634,37.70871489621489,0.9768009768009768,305.49779320473766,18.105555555555554,6.719834087481146,10.396825396825397,70.12617871035053,107.35290376834494,72.45704188444215,5.177808302808303,7.398504273504273,0.6891025641025641,20.46153846153846,25.86243386243386,0.75,18.424615893365893,61.55228768670461,8.895344035049916,274.0359856121936,0.8795518207282913,34.55075757575757,4.166666666666666,2.707344096232985,942.3753260315176,56.763634513634514,199.65902266944804,751.4840344952623,59.1764208014208,405.1730629331415,484.54290102980764,246.16310192168035,22.678969451028273,422.24079299969907,38.437728937728934,9.740628815628815,751.8602727364532,810.9836809803893,1562.732315788747,11.019586894586894,114.84556579041873,26.39049145299145,5.374313186813186,12.26193251193251,6.192242114236999,6.365384615384615,6.504578754578755,8.49534942182001,6.680691721132897,28.24313186813187,50.100081699346404,100.46609177859177,57.51928214305665,20.773809523809522,12.622756410256411,5.208333333333333,16.331425518925517,0.6666666666666666,3.25,13.504426129426129,423.96881704896407,28.859145139537294,8.61638655462185,255.7097517179625,161.85094191997786,120.16583401548571,875.8947556490981,285.3375901928192,0.2777777777777778,20.498092185592185,2.126068376068376,27.45566239316239,6.888888888888888,10.052285677285676,8.166666666666666,5.640822140822141,2.628205128205128,70.22844029751924,1.7261904761904763,24.048217112106002,13.49526862026862,2.551400759734093,4.027777777777778,5.366666666666666,11.04524886877828,12.578793183940242,8.016666666666667,0.3333333333333333,31.50049603174603,34.762265512265515,0.0,0.0,0.3333333333333333,1.0414090923725812,31.002934984780826,1.736964016375781,22.111344537815125,0.0,8.305555555555555,0.6666666666666666,4.184027777777778,2.1691176470588234,0.0,3.392746913580247,4.732282913165266,2.8125,14.510016827243717,0.0,14.903361344537814,8.482151336318003,0.3333333333333333,2709.4306859969142,3.625,4.652777777777778,9.98076923076923,13.281746031746032,19.800626660920777,30.787999745352685,0.0,17.80739795918367,0.0,2.1781517094017095,1.0,2.5,0.0,0.8541666666666666,8.649527759821877,28.060651539818206,7.138888888888889,0.0,2.0,0.5333333333333333,6.666666666666666,0.625,3.177777777777778,9.496260683760683,6.055555555555555,0.0,0.0,1.2708333333333333,1.6805555555555554,1.6025641025641026,1.8452380952380951,11.444444444444445,0.0,0.0,4.542735042735043,4.368697478991597,0.0,11.043650793650793,0.0,3.333333333333333,0.20833333333333331,0.20833333333333331,0.0,11.008333333333333,0.2857142857142857,0.0,0.0
36.06813028241599,6038.34443981919,30.719597005826827,20.89872198879552,617.4432642120282,1059.619007780105,56.33331628775708,66.69645437986465,999.1236148035512,130.81492888389974,40.06952136915372,934.637050125539,86.26183447400552,53.62290660728161,228.92576864078964,28.27827380952381,878.3852175932533,306.14890083599585,162.78235181419933,819.3562140923757,320.5518677105723,239.07741567921013,4.6413690476190474,661.4117996346223,20.928352049023943,137.47298969427072,204.32238018880176,96.86092631497043,144.5533291674527,8.321428571428571,91.26850630059185,204.13811226743888,1.2941468253968254,64.83593861299615,2.473958333333333,19.9510582010582,43.10422325495855,11.281690917107584,10.76537212107065,77.45959975482035,28.088277014379955,105.38117006830021,133.7464237151737,22.7546768707483,517.5246105246263,16.15575396825397,42.04993417821674,23.15364479124983,255.1647394769976,109.3333621448548,130.82053709841017,26.493055555555554,31.895905629458262,7.551765542150157,8.841765873015873,89.40792588402881,8.349664224664224,56.536377808699235,51.90557854920277,41.94799742287487,204.5752670472761,12.30891330891331,149.3735644257703,17.501931434967148,13.161239495798318,1766.0013410395143,187.04282748120514,623.6227415684565,3610.9696985637484,174.29339085514587,719.4183179283245,1085.672931594207,381.57285471426826,177.52749079864432,704.6308304997731,5.029207516339869,5.42281746031746,1987.010496973057,1956.7016251521509,4089.499758014999,17.130118587839174,735.3676519064461,1.1363636363636365,49.59920634920635,71.9834669204348,1.2962962962962963,3.9730892356942773,8.39906905744754,19.127810846560845,22.715219421101775,393.67870319093015,36.200426003734826,988.4083428801811,274.1873200203792,17.86407956757,53.409346045036834,32.48661986161986,127.11369196801527,7.52978389322236,5.011282290694055,53.321874948809935,853.0431711025767,20.65566597984223,126.05387540981305,2249.4329584816987,792.408071738251,183.5778125217838,838.2572845223679,1141.0437610070917,21.284989316239315,31.984917451829215,10.308181605975722,188.26011849184118,19.761468855218855,201.79330305354463,10.653867102396514,143.39045830534886,9.483437314319668,1508.924051372076,16.999604666427974,156.12980021354633,30.849206349206348,15.209325396825395,0.4326923076923077,0.6632653061224489,13.79101800976801,14.84046835839599,110.03872610524395,1.6875,31.29039408160925,359.10782894962875,12.486565865048837,12.404265873015872,17.79492133110554,0.0,68.7433902538288,19.563512227384177,15.473184223184221,1.4247685185185184,44.893323996265174,0.2678571428571428,18.567484190645956,8.143995098039214,24.08253092903828,7.856490183792815,26.99460076960077,7.888921594278737,16.052083333333332,4.939770485546691,82.40532304230246,58.2990807567046,13.92445054945055,176.3125496031746,7.383184523809524,8.74608395989975,2.7432208994708995,16.124883286647993,32.97791242054013,33.82590324639957,0.5,67.04816997086733,53.796763647030396,32.792175582354155,1.6666666666666665,102.81548851319116,2.7708333333333335,0.625,82.71488254392666,70.7492552233103,144.8891535655896,4.503968253968254,0.0,7.830357142857142,3.253314393939394,0.7857142857142856,55.13047523399414,3.0,9.888023630504833,1.4533730158730158,2.493591934381408,1.3705357142857142,0.0,5.1033204948646125,0.6349206349206349,0.46875,5.075187969924812,10.647677815016525,20.1673719079662,0.0,3.8704481792717083,2.8522727272727275,2.9285714285714284,0.0,1.5,0.0,1.1607142857142856,7.427248677248676,0.0,0.0,0.41666666666666663
89.86003285005889,22371.399388039335,106.0950128800087,114.51280709019524,1921.020748340773,3863.425207939632,201.79552595943298,434.8717169706405,4436.017714117461,754.8874762161681,83.1091022362623,5241.427770525998,324.9354128107598,52.1372330531096,1268.8970249873012,453.9109970421213,2936.835189879993,1116.9027748321594,411.01261722277945,2873.644564641167,1547.7621707671522,1331.3197452727607,56.69847664074337,3182.550651584631,95.46771907045785,737.4364884114867,1140.9393399938667,337.26305121990134,377.65171521076036,39.87949433164744,349.69203640155126,569.5617555243637,8.591190263984382,197.83858590153028,86.27552824148975,52.992092615682836,104.7595993322767,95.24421629497094,20.72533113663438,196.92224251100342,124.03646541160185,202.07917329627048,176.73921296849795,85.5641050732605,1549.0504581256976,61.73003008174747,203.7612057467644,373.6855510779925,1126.875680875088,281.218435583791,694.2797094526379,45.80119916633075,184.36498867995562,35.25921087459549,54.03755464430598,294.4191174558451,53.222552916394136,433.3937068322982,217.22597025507943,153.53210447702472,1168.5261925464504,74.48346867498144,742.4649025882281,37.177240521351465,56.52137989378568,8131.124494183497,1271.52775746919,2767.0727190344246,11524.736986131042,766.2698883367618,4177.748033226123,3571.8355769090617,2483.597477947338,1042.2510179382593,2236.4020542309217,93.35413440917976,23.50899303869505,10349.901385453019,7687.008118818118,10735.288458175684,69.52621441607447,2534.16788313966,14.141956437895638,138.8215814756763,513.5661261328294,7.784518504371445,24.675036999660318,50.667266534506574,42.2870710889607,104.24914037718105,2049.410133908309,207.18096490236115,4996.778259777027,1160.3946409087655,60.797776374844425,109.2373881976603,43.702137226808276,334.04354646618646,48.822707297862095,20.78283817780109,112.95646416849976,4239.733512200115,212.64017971102538,558.5436249394676,8428.258340721683,2541.571027480338,1380.3680223873243,3155.4480290621095,3614.3899669901793,64.40367730130662,375.2826117187874,58.53016823340795,839.7257910252395,65.61574107728426,800.0507283958036,49.9297138343905,201.0083372968079,68.48308231679908,3147.9853229133128,58.66556238657079,538.9070049741525,56.03531552201573,51.10509305193387,35.17667887667888,34.83069476819477,31.531492871076868,163.67892466869984,241.72693458492054,31.124394192408896,133.62090438525976,4364.761092893093,25.057205319853143,120.8840337251328,26.587716059952367,24.670422202318754,367.58935667788063,41.59903817687175,23.11636012193288,10.199151542901543,63.602199625198296,74.92377808373621,26.199599101221818,28.47576551037838,92.06468306485463,85.55835167462706,95.98069901374855,31.95446153208758,50.036326976789994,22.954759984802,80.27433389611448,72.01700985514373,82.07999152988319,267.26802437455694,38.091771094402674,2.9377737272474116,20.1498916903175,36.50415775028778,131.58222822087032,75.49801894626087,15.036693391219252,572.7302063381685,247.8375274835904,44.416672900831884,5.0,92.29265607159577,23.583016085221967,3.1818181818181817,336.1895976865287,148.4217975364135,581.4725958392471,12.837301587301587,46.39565030557677,35.23272306397306,19.333557183557183,0.8125,162.0301991611064,8.194444444444445,28.307493439124844,2.411935286935287,140.1243715276148,3.290509259259259,2.194128787878788,35.41356777037891,32.88010435177542,18.786128215654077,63.49491260393716,51.25240484877456,67.95328291965104,2.7777777777777777,11.787460438720942,8.818160597572362,37.02581950398745,14.290491915491915,7.646650326797385,3.492063492063492,15.616387887711417,23.66907432152441,3.988425925925926,5.082302458463449,14.20261974867238
604.6936046308542,28407.114280375536,327.205631634519,498.06913801221884,2937.7285026148647,4689.815972248453,816.0207105002687,174.0415464649909,1262.3477830351294,1236.191240328772,456.34583059293453,5455.563262504798,386.8473874346423,364.96848379697644,488.3451327094071,146.47277074777074,1158.9054820957822,1680.6031862734621,1693.8726345971766,3335.952374192062,3719.3180634598943,740.8865153481127,232.92086640211642,1975.448914955172,591.1031964521429,774.9935170761524,1288.378214431845,886.4144650377292,489.75837737247576,57.94339515785594,190.40592637123666,2524.2700426684214,67.51715380802545,251.78167194755417,132.5959002431825,225.39034971020266,422.4799997875075,48.978000657052945,40.06365961199295,672.092269978453,194.48081682099289,1287.835997159244,870.7633702098757,300.0511060415131,6096.652005198503,531.7116509984983,117.52220768030558,73.41966638786813,4374.541109985629,1560.7035677692231,2404.752101377293,77.62565009065008,89.57999044538002,231.93666302308654,252.0991981321148,269.9187688637185,206.96595028379022,629.497209501818,565.0902588652216,129.56705989282483,921.0622275531532,317.09133645553084,147.36636822937695,81.89836890305543,64.53207761193055,8295.487020619785,1437.7330877916338,3118.0136449389997,8402.521755945254,1489.8815080101128,3948.6354747856435,6629.0643356899645,2632.3314404245975,952.1671075836524,2577.728583130176,100.73075430388664,26.36271164021164,7036.218028884508,7572.290016603863,9839.380806744584,394.84946326652164,3488.9166298637565,272.2004948074801,119.90451639409973,125.93387178584445,295.0053116239156,152.8897710330605,81.02742096153473,445.1006892962545,376.26557332164305,1254.8743410636941,448.7239141816025,2896.6320822493512,3837.7769485012936,449.2661563829016,738.9473118404433,201.087954329621,189.4324404150965,72.57412923519188,143.9553071928072,655.4680628604559,4969.290555196727,1893.1358310190367,325.7972225050961,13250.420710096136,1542.0403169757665,2279.1519614992394,3021.547943898473,5336.218396511133,72.94716693301253,274.5505388588354,323.15271806917565,246.16890472430333,163.4817527477582,608.0158966490112,193.30577299979004,152.26710564762035,699.5318008057525,1241.6440460113834,104.63194765238939,309.3564447579399,144.9367925945307,153.2267922036719,64.16811854340398,24.758376055736303,424.9182854296515,247.86428542343305,132.5497876485686,80.83703449328449,253.2501243360183,277.216365608458,40.67283794421952,53.024892545725876,98.35774554392975,35.593629242884894,804.1211257810379,107.6485143848128,47.346533014915366,19.443287037037038,152.71467393118513,44.776675793342456,461.863279488304,247.46690514837425,92.12906484178355,112.86620361656297,84.86515968964973,138.96680840945547,827.3093400121095,181.66041225908052,656.4126136949378,283.29851337650615,78.00532474634733,957.6638683310784,68.96972210420486,99.11548742938061,129.14935961097726,84.06061937401223,174.13248161023702,718.5606519369456,11.930133292633291,96.14023538190204,330.42815582286386,105.26926426528613,25.93508227883228,436.50353359111745,27.329829938579937,31.298430735930737,1103.5973399973823,659.091500689957,339.5113971631787,20.91865079365079,55.78587361712361,38.865482973816306,11.287984006734007,8.02579365079365,101.11311327561327,9.690178571428572,41.818149838351076,34.81092874362105,81.87162848725349,9.585615079365079,27.854166666666664,86.20442327287722,75.47367803764863,8.01013608305275,104.01946004806858,104.29031940281939,60.182820664184916,3.6111111111111107,35.91205967235379,12.551895653366241,99.12626070008423,91.18846872082166,24.135571835571834,0.26,72.84394931049343,59.90326020505759,29.84322751322751,12.097883597883596,11.381227106227106
22.113758430722715,5924.706007359581,7.968915343915343,20.797420634920634,400.56644236761844,1341.4685497749012,64.8649672087172,31.819288119288117,38.53977272727273,145.17761144279,55.18793590668591,815.165557282224,364.3532498223836,58.07967454658631,130.5209285313452,59.19313973063973,598.6477192973729,552.4075488244413,200.67040413290414,833.666097896819,334.2760562797687,66.65494397003197,19.4397266313933,231.6776963640934,141.33917351970572,151.93311457061458,665.0901989214489,52.35642228142228,58.57896825396825,86.35672127436833,8.408730158730158,267.4164570768737,6.663359788359788,349.7659003561416,7.851851851851851,13.157242063492063,56.16662873061682,217.59400553150553,67.57975069074509,201.41860570352634,2.2402777777777776,48.72329171506001,76.56459235209235,95.90930594746384,314.0472333700823,43.20003885003885,18.595238095238095,13.10515873015873,78.93574656337815,42.13484534645249,59.94200244200244,14.174603174603174,9.991280284043441,37.226614820364816,14.714870777370777,6.6798941798941796,28.977167277167275,123.3121632996633,12.443479269459662,12.365151515151515,29.37797619047619,12.5625,5.439814814814815,3.4166666666666665,1.5034722222222223,1554.617318078262,1000.0552805083146,417.7791263769647,1318.1703309829245,495.41220941057753,347.2039732875729,740.0679482716763,453.01887477763034,107.4144422585212,667.9284372711857,14.03550859471912,5.276190476190476,1341.525885247125,2229.287590153441,1056.7802728628546,12.699900793650793,195.32554439785622,32.06803751803752,35.761772486772486,10.924272486772486,11.46792328042328,19.62665343915344,4.465486633249791,56.57449494949495,4.6752622377622375,49.0360231271996,17.862935829602495,159.49797595366203,93.48229329150382,12.931845238095237,19.70544733044733,3.125,16.33234126984127,26.91065030648364,16.300595238095237,13.587102712102713,691.1313187225708,134.55910471919245,244.37918493284388,1708.034855752323,75.13369677826199,1794.250061793126,185.94905494103702,397.85214738964737,15.73128908128908,23.47706043956044,26.539105107855107,14.902801511354141,50.16558292862056,184.53247271734114,52.07456752903181,11.073160173160172,14.0376443001443,1.28125,6.218567251461987,53.84848384640051,18.692582866479924,32.95959397745112,24.277867965367964,157.30699170063204,7.029629629629629,27.368654493654493,1.972222222222222,34.20022847522848,3.3541666666666665,3.1,6.707539682539682,1.2234848484848484,17.964451058201057,11.723364598364599,16.43555068226121,2.625,6.804750033916701,17.208333333333332,2.2499999999999996,1.9907407407407407,48.22210798460798,5.916666666666666,4.128306878306878,3.4581349206349206,7.795767195767196,9.282763532763532,11.558767951625093,19.04026914443581,4.033333333333333,0.0,76.64161255411256,9.731481481481481,6.156249999999999,0.7609126984126984,67.62314269724983,2.94359410430839,3.9183201058201056,5.955898268398268,62.17466632214439,2.5,16.042108294930873,4.8125,33.25231481481482,50.72082606546892,11.251455026455027,9.211309523809524,0.45138888888888884,6.691501322751322,5.517676767676767,9.219246031746032,22.791396103896105,84.38196214059309,323.45124799142656,4.93070818070818,3.245701058201058,9.571428571428571,15.707431457431456,3.817901234567901,22.956349206349206,8.395833333333334,12.482193732193732,0.0,3.08531746031746,2.3102678571428568,15.779394216894216,14.192460317460316,0.0,19.51565255731922,7.657738095238095,22.988370811287478,7.646825396825396,68.23177182223235,35.988245550745546,5.462962962962963,6.7559523809523805,0.36111111111111116,5.871693121693122,51.584936668270004,1.636574074074074
51.78894767156962,13231.06064034509,41.319073711782046,79.27580760289094,1366.8482913138955,635.7519236611314,187.84290141981967,14.430449825146795,23.11952465559262,253.96215888539766,13.021346565278174,1515.3973854561982,53.99924148095701,115.9640065630716,208.1947787091712,70.83804846595463,511.54801745680135,805.8666038949264,445.7784913223084,474.69452520632626,1207.2512923787922,195.84202311152802,15.109180039537183,826.7632105570582,194.1544660136793,361.49220719412915,247.86291386857548,92.50508755647644,138.7986464923965,11.886310838797664,8.578323412698412,453.3148183973313,5.511435786435786,272.90108032235963,25.86448200368655,24.662653069515816,120.91250631941165,0.5470588235294117,23.562675846691953,116.8736130035005,11.189684934833108,301.6751890046299,86.14115910883211,108.86412526838868,1637.4657733311892,107.81963806520372,3.4134863152720296,26.200716181966182,685.4250328075858,737.9972352168041,412.68060457684857,3.0854477312810644,13.209206665014745,37.97528265230075,10.040521978021978,72.72281866747952,25.10512566137566,105.382551094534,45.71258496893769,24.739100783442606,46.166176647426646,1.7142857142857142,18.34165464165464,5.149891407611996,21.481361640881765,2341.3738305154916,1198.5614116000563,463.9941382321597,2769.994665189632,379.26934887770017,1085.2982084052628,1647.1570487624458,680.9818723645054,236.19721722455898,722.7667820342546,10.505411255411255,8.473708236208235,1124.313723732506,5194.812526923149,3939.385712368577,25.328413929927905,1282.0230488143388,206.18834118700153,13.88971766537556,19.078382948621044,55.09422945881279,17.628456601495817,3.1862674362674364,126.18158617657508,84.0705660995272,152.13984274232874,41.44568985732378,155.43687323729262,331.1368206593697,111.03975472405779,136.4628068816705,10.608436044710555,17.408062627973695,36.23193473193473,19.401545214045214,47.94167082917083,1187.4240054276518,7995.188331099066,157.16119569064045,4479.087296992684,156.07515087337993,2242.681140889543,796.7999201086872,1056.580839364271,11.300939120792062,10.633906343876582,34.70523968838161,26.222342692786928,59.133102280805176,374.9688311045327,266.220925894402,6.674973036488959,47.2104305903648,19.409033195831555,46.21415399268786,24.27467105631978,21.47387566137566,24.368060837031784,17.05630711880712,242.3855222991886,80.67279648642872,45.48380424461083,18.690275435461082,134.19993389797077,6.701649430816097,2.2227222303441816,10.849689607777842,6.4777176527176525,82.36457914774536,19.79168933491689,54.294081747086864,8.503306878306878,26.64329430540839,10.78195735364853,39.32614457919748,8.513625263625263,50.39558900695264,7.387275017961472,14.143581726915059,4.775132275132275,3.9791666666666665,50.37685447602888,23.16294437820059,89.72789658693941,75.3428327595607,40.395973796114774,64.7971880530317,46.0568597004019,5.590871610234355,8.519353588798033,13.149663517310575,0.4857142857142857,9.528110294098665,110.87712363208686,35.10877467148475,0.6666666666666666,369.06663650387316,23.665579900263694,18.421724687349688,81.41805104617605,3.6190476190476186,81.8962640276143,258.33403882323626,156.6450060509123,1.301010101010101,1.8392857142857142,23.450835366079268,8.517780499923358,1.8797619047619047,17.784240632279847,4.038040373977874,1.4357864357864358,1.6959984459984458,61.067481215400775,16.95412353347136,11.979036395703062,7.323271445234473,1.588208768355827,20.159405875952515,28.924850254423852,24.844729152761712,60.40258707776313,10.256621272246273,65.92447961742639,22.75710551314543,31.016338018843253,46.70352475961781,121.63169186751632,1.150513538748833,2.164270253555968,48.430142668779034,10.250261069340016,7.109503922003922,1.0924908424908424,11.244708994708994
70.06343940014933,18700.193265450016,60.96170788958021,71.58141079394176,1035.9923329112314,9562.655461563187,490.23259171622817,680.2432909723342,2454.6412786009887,712.1744742409256,17.083473584709974,3141.409011760776,59.99220935427632,40.264151756227115,377.7643446151888,78.05660295916347,751.451807133223,1104.0338852242223,483.1273213872471,3580.642182871282,1259.0243627802458,923.1154456360216,58.97353133259573,1816.529658560885,13.97699912551319,503.79067697262917,743.9684195670916,313.9790026255959,990.7099939663549,45.7864969073103,322.80507456889444,383.4047948902277,27.8907722179781,297.9717985883266,53.848656792265004,32.93757214386729,114.05877430767083,39.88008658008658,7.6913178022863615,336.19104963793797,352.6879706352464,157.04042262352152,76.6290084115325,165.82955564349362,1114.8918038609092,72.10541580533463,107.27363870397609,138.96371088920108,1055.5556526508456,219.68993805732862,355.55099420504155,11.580878672983935,99.95795635627516,28.64019767625537,69.13296918249888,156.4154446189739,24.77984929058971,295.33333122600175,91.77264055850716,38.456328443192156,312.60690058220376,20.50007719141113,490.5924763296934,98.09419391180211,15.858938827858973,7011.455053865912,772.5472956133448,1417.657263928341,9197.231311577729,1534.4969085985801,3365.6620055371905,3273.6031292247926,1525.7413357167875,1173.0338825621677,1552.4049576760567,98.75274997242106,10.381860349546107,5775.9321773986085,6031.268053700379,6858.829123864263,92.38354438771105,1203.9744630431885,28.433688127914927,38.47755581155082,289.78671067466087,8.525006366182836,13.240200954016743,24.620642105760073,113.19437764306564,44.42282929499764,1787.295726047626,45.89999849582426,2030.9466676315617,562.0916858091741,29.197114259001737,64.3614596990807,19.443431536589063,166.31438936754205,160.5433661690873,57.104282075548305,56.52336849310533,2623.791393373464,273.5495287216099,170.56395028706143,8939.14355630751,3087.705449859691,2182.73749223299,2808.211809367111,1748.4163113960562,93.0223990705218,152.43224703296193,19.919407894736842,558.9154095700019,31.86731593799425,676.7386160362647,11.741886709818674,66.95192095801043,73.06259409862896,1087.259837897759,75.57654510667903,203.09455879789365,73.27332532663415,81.82553862764236,22.92584706959707,30.013333657083656,79.93798698572006,513.2108459661206,151.70540365787897,45.42813929443831,81.16862204623762,1642.6562168788596,209.30292281394264,64.1023018693021,61.86006024181405,36.741268287422336,314.53301747089057,25.5294918496138,11.973129668176107,8.028693528693529,18.460507815770974,50.60229601972703,89.1292220894824,3.957239058078441,9.504254234540078,46.015046820701315,55.19647337920364,133.6498120382574,15.864778925702247,25.009362043185572,61.85533851860984,53.97289434703227,58.129039315497415,13.904307079414838,47.304820029990175,14.09221285537075,15.242341298635917,24.678582688476908,113.2746434851698,29.46129063431695,6.38646004378763,451.3044781064595,104.70153830654624,40.699881137381134,0.0,144.10559377347258,16.154090122840124,5.357632182632182,1034.248082756962,190.50467423777536,1464.9269279508223,3.392857142857143,12.99265195588725,101.20918109668109,1.0042735042735043,1.6830357142857142,153.9612897708873,0.7777777777777778,6.130668223385482,30.86239084989085,256.89210933659973,6.111111111111111,6.96204543371941,13.238125138344436,28.76657798521972,39.13426547909307,79.25456498799981,180.36168041350547,67.53325158039333,0.6944444444444444,10.045060467854587,6.050494787075669,14.505895318383976,14.425856088356088,4.973262032085562,1.3888888888888888,43.034843451755215,4.086460491179184,0.0,4.858636862506831,13.957957831642043
195.3569292474783,16486.421723045907,108.67871440534256,205.63624620512667,1982.1997879936357,2406.7471323736254,178.47536378812165,89.56998480765401,2352.0230752368316,539.4532800727219,12.661525974025974,4526.138878905278,69.57683982683983,6.788690476190475,153.70260599132916,118.62012987012987,1380.769898212135,206.6335701844249,317.7209560082553,1707.5259107517363,1949.5539888686185,512.7447326253217,4.732733430362741,1035.4026567074839,79.98263144456219,144.1779592705719,309.0893280427136,10.792431139122316,29.95637757040801,40.635912698412696,62.86724277900748,303.1075480199885,2.0518207282913163,81.98519739536611,152.36877204585537,30.729617604617605,46.25297923251792,3.4821428571428568,7.173144257703081,83.97620148419075,68.80504396407851,96.103782611986,25.51540959040959,20.898854617604616,817.9571412535191,40.475,40.30682591218305,64.00152254753966,370.143637463365,137.3125421489088,746.1848451383214,21.118506493506494,44.95922813569872,0.625,1.8587962962962963,107.32767675535204,37.64884207271425,100.48510501843835,24.217995784172253,39.92662074302439,102.23909248697724,8.017107892107893,252.1004745254745,25.91899113427782,39.904766651477175,3203.3972784894786,478.5193912910696,829.6312038165704,8034.365301007696,655.8126630242687,2776.06952627656,1967.8074176988835,932.2954539354755,817.5660237669616,2748.1302378269966,58.717450305685595,5.847222222222222,3014.947385111282,4606.043656498785,5613.725097767238,118.6042851963579,1827.2213333399552,17.802083333333332,21.40428974620151,129.6964759111098,0.6875,7.7933673469387745,19.06533853573327,52.31541295549916,163.72148472816198,2056.8767710922366,18.11111111111111,1544.9586716913486,292.1654846601054,31.03247882531983,78.9087581743735,75.65452847805788,42.00058129312331,3.982905982905983,0.21454173067076293,52.30419372294372,3166.7048730350057,143.82238295037908,160.62345697975624,3567.629637249799,1919.0291549181636,784.6630902471586,3711.832269864682,841.3728834498291,89.06453170871274,128.61704784382334,27.44902289996275,312.86380929599113,52.89994658119658,298.4828270331328,21.607035876370787,87.51773877312715,33.92247875581209,1026.9219914607982,118.13351808027836,107.42433268843872,3.286772486772487,4.59793299639394,2.0572916666666665,9.40151515151515,62.84400815854793,8.532936507936506,112.4554849329009,0.0,0.0,859.8848159275444,6.333333333333333,104.77122678018576,0.8333333333333333,45.964538239538236,129.9956321495187,12.609126984126984,3.5317460317460316,0.7111111111111111,30.410789156172836,28.98397636720005,23.080717893217894,17.647155493085727,23.04802489177489,23.6459229390681,26.976202412783294,5.833333333333333,72.81480355203188,8.344130834151843,8.014554429840574,15.944870503060157,29.38913378011783,698.3187137521488,4.375083967756381,0.6031746031746031,0.0,16.160808767951625,59.34699465586093,33.103383251448726,11.944444444444443,41.330382253911665,37.5460566024489,15.487238663793963,2.0,7.321969696969697,25.740937738731855,9.027777777777779,75.53438384923348,35.65382710323186,183.84484996342417,0.3571428571428571,3.6111111111111107,0.0,5.688888888888889,0.0,28.381519769912625,0.0,19.869252635094565,0.861111111111111,1.654351395730706,0.0,0.0,9.539042198484923,9.001082251082252,0.0,0.5555555555555556,4.302469135802469,25.91086725094078,1.6666666666666665,1.8777056277056277,0.8333333333333333,28.240708909826555,0.2962962962962963,0.4545454545454546,0.0,0.0,8.73015873015873,0.0,0.48701298701298706,0.0
952.3428375383312,141828.197580569,260.9576451510705,741.2696820994715,10845.028006462853,5740.586462757311,1139.9550867386986,627.7269232865438,1172.4382156710142,1584.2774915820673,774.3738752765578,9616.80101810615,3189.60235226147,1629.6535210127213,4575.802130412123,1514.8471350597392,4312.5797197829725,9112.861882840165,2389.388664456403,8796.599466457925,7589.598894096928,1190.5775760126605,442.3732821068766,4203.151003291495,2849.352662834715,6880.1807937703,2277.200033037849,722.9651406394629,967.9731724252255,931.3089821431341,101.001405752862,2742.053401249782,98.74069078190195,2540.971449964653,161.6947799977353,144.52893456507806,1270.5748637832596,308.99387337879983,548.3390860385862,1286.9694523874969,51.51996367374773,650.199231509233,790.9058993984098,1068.127961291404,3086.6921137614213,352.70277640003667,55.87497944521938,45.66164363414363,782.1383200736684,641.9537439769449,723.3827669866312,169.23431406556406,29.799400748158057,547.4020853266288,163.09539367351073,190.83362154769182,593.8081448884348,927.5264060364179,330.21135741304613,80.89538246631209,1105.8793789739718,74.39277256308506,93.97610669183945,28.13392802731038,55.756237594105244,24854.12500846443,5651.077486717026,5273.119520175443,30320.4496668308,4181.5809456348015,8255.497513982802,12052.319090885441,10824.855026717805,2009.2284913980723,3804.764350260817,185.8559372864867,226.40607994653672,10536.103291277968,32222.215942486044,25543.675003467153,176.0641025223028,4457.2118930834795,492.61937922721177,1274.5371457795895,100.89687312959371,318.77688734621853,56.535517964587434,24.50831811377477,517.3051519354651,131.24468235706013,594.1366390736586,375.8115106076031,771.3889320650214,1789.4451671818972,698.4530482036572,500.01502941252494,82.8344758500873,65.04713676787071,471.24650097572163,707.7076504570687,427.83990745223866,8330.190252804605,29276.99930233042,3070.0219409064484,23876.948012507873,1201.186413114338,46323.203785502126,7167.21550401129,4535.225125719752,264.5798678536267,125.44599478224839,1015.3528493239039,61.55970207315907,630.0383099627662,3608.5396303188245,1166.7466389723782,48.92279934261358,138.32103530188894,161.90243499035336,174.38132497613066,664.7874913197629,1027.8838428112585,141.5051546621856,451.99143755824156,11988.652024093664,290.5355050211836,815.8627737622131,63.91985187242695,549.7492832531861,216.34556500552824,72.68582382370197,152.2398439853797,58.27264279994165,642.912560548809,251.3612400782604,266.1835261590836,4.946581196581197,206.38788369204295,77.85970195991747,191.21655917365518,34.4076556352598,238.21216715783652,75.55468520745099,80.30257671638562,40.0696078761596,33.72317907402703,278.52109033419663,226.0119566602244,717.6111562881945,134.83465727264146,237.00363311797133,309.22117657812316,908.809077881262,37.77844828231733,27.250032194639473,421.13524174382945,11.163050507693365,52.24742860844548,98.67657787370099,470.07117703536017,42.20922506612162,1417.9813266819451,387.2397249719577,274.13654025242624,516.1873793975601,88.05300579097485,617.4737104700245,327.61045693527024,595.0840891647448,59.28159727405417,68.48355328450265,314.0533628069763,414.60743131751536,590.2903577165399,166.48016290173152,48.907094005531505,185.41011201761202,31.857326799017976,494.89257246389263,539.284494386518,38.707174464061715,228.24565929834432,21.251369657711567,100.1162132898683,177.65414656830097,416.3752618201205,303.39660962322745,58.38339313168801,1992.1647889357819,264.129680667916,658.6082406360426,70.35224718458292,4924.183934477734,147.73336239377906,32.989652014652016,279.00047550942156,52.42872976091021,159.66572697812762,257.10231435231435,143.22829427516928
260.1288305013795,26791.710990499363,234.74291956550022,228.7174899309144,1926.950797768794,2360.9483497982537,209.61473983532807,301.0151247626738,488.6659552321317,671.9564254417223,67.9795586833258,3563.256698283987,495.8866004356589,131.1481346161653,574.6799180996162,230.33363785337468,814.8580177853657,1762.09926681019,696.2502452083095,3905.447317953412,2100.6859414853084,409.99837199837197,29.057350057350057,1443.3005529866048,500.5818393703035,1157.7474111005265,483.8898855320424,189.39326599845532,222.95335362092328,46.4781746031746,90.52579946329946,1305.2624569877603,20.380522255522255,270.4898220107779,24.849664224664224,73.4957264957265,193.15802395059362,27.00036075036075,107.78445165945166,405.8261910948679,43.64285714285714,748.4711399224557,197.2411749470573,253.84641747141745,3116.4240353051755,104.63270178895179,41.10353535353536,28.347763347763347,1209.7784778907069,521.1855868181838,725.8897905816966,57.685539606592236,22.61080586080586,104.84788250964722,56.27312599681021,130.16115657554013,124.51592851592851,329.49405512520264,101.38116993873572,38.89606227106227,348.3957290139698,24.282738095238095,50.398989898989896,22.66865079365079,27.031203364536697,5351.777460649641,1318.521651880398,1608.75327096791,6882.050553118643,829.4338511056994,1859.1252885847741,2607.041396021854,1797.8143282967887,493.7803823539012,1178.4210233883673,30.416000666000667,16.176846100759143,2203.92272512671,5861.427467456979,7086.669650647119,147.54610435860437,3424.713279326415,131.87211726182315,48.37990196078431,67.0688431938432,51.98021885521885,37.78113553113553,15.706349206349206,307.46592432976405,171.2360646599777,257.81543456543454,100.80871212121212,929.4005598446388,730.8732922645594,131.53091759206046,174.19911565207218,15.34126984126984,34.99451447245565,79.85629892982834,99.01304397357029,159.9979326229326,2262.141988199542,6696.400390051886,383.65438300384227,9339.41453071183,946.3106490184467,4485.0618767929855,1341.701456413479,1427.0890896809758,52.70833333333333,69.14241759846783,185.88435087350223,144.14134476634476,185.1974326450133,645.8775461016999,211.7799598062756,62.34812940327646,213.0659201909202,100.21434583934584,49.77096273291925,188.54290925124258,112.92857142857142,72.45291745291745,27.930056055056056,864.9434749782972,154.53117986368633,153.21725496725497,175.3690927128427,117.8402788731736,3.0555555555555554,229.0340739507406,24.746031746031743,30.123015873015873,127.85898823398823,18.88203463203463,178.84672272172273,37.50822829131653,54.30977351428171,5.909090909090909,75.81303048635172,25.404761904761905,170.59983072483072,70.03979392926762,45.05357142857142,9.252765752765752,27.572960790702727,38.08558802308802,189.69896093270705,170.58225108225108,226.81023811643115,74.09259259259258,40.29754183015052,176.88182012750977,35.7281746031746,18.42910792910793,86.63059163059162,16.648148148148145,60.998702686202684,207.22988774304562,156.63482350982352,6.25,382.6597742994059,115.53841991341992,40.94660894660895,123.46105691693927,34.00595238095238,151.52819402819404,545.9151822022918,430.79948670467246,70.59481074481074,2.5,106.05728041022158,49.83382140735082,70.23051948051948,9.281135531135531,14.487484737484737,19.74206349206349,21.24621212121212,42.93571048834207,34.98412698412698,17.833333333333332,24.363095238095237,35.01612933849776,19.69973544973545,31.01015651015651,52.4244307966438,67.23293210057916,22.006639194139193,107.78622376959973,20.86111111111111,21.696811473127262,31.254079254079254,257.0036332714904,11.964285714285715,19.902116402116402,56.14788866104655,30.621794871794872,6.873737373737374,27.087662337662337,20.551378446115287
5.770133419208272,10982.191344699198,4.432076145438215,15.017457804666222,401.9898142847152,516.1934766625292,166.80947272649684,167.28299136760674,202.79216110254342,40.49862929940137,3.209800523018914,555.9346364367776,64.09940299883908,840.2054162782056,100.72318374059103,67.43010849949297,148.39127469421888,570.3037019527601,161.6177459264819,1206.4484506309725,219.55260129620643,47.880513377639815,15.027305159789055,176.19015866754896,236.52341039283203,1143.3824217174213,63.06858669311474,156.45258676508675,34.3713772923543,28.383401553137272,9.125545272096996,84.34732982369961,3.1748009701240902,93.47218666472385,11.760344274712091,2.2182539682539684,102.05237204562702,4.595238095238095,7.386616193480428,85.62140743270542,3.4865900383141764,19.051483065885925,75.01310202310778,30.431650246305416,76.01100427217334,2.233960483960484,15.883295276152419,0.8333333333333333,41.445124349841635,67.83862525927545,57.15792720914425,1.2692307692307692,4.579517704517704,2.605004498507442,26.243412717550648,10.63014114450896,18.033470307895595,365.2658884474756,29.74457615607041,8.545574457159823,23.22694541203669,0.6150793650793651,10.90503557744937,1.0535714285714284,1.1666666666666665,4360.261750968384,609.2818466095702,389.0730424307197,2021.2023571122838,181.9526432680467,647.2350313298397,1116.3434300007111,329.20192143095255,104.88154128768025,326.54518591801497,31.997642555401175,10.27460618085618,1803.6533068234771,2450.952633377579,2699.3877505200185,8.226146869004012,430.3097629584339,17.65781627554442,111.79080236051121,5.078514739229025,15.441248885214401,3.012234413096482,1.0416666666666665,15.62730040373185,3.1205813264002917,23.638029837747883,21.186468544227164,57.08795061911912,103.7035341066689,2.8560751190061535,9.75705329153605,1.2142857142857142,1.985325764061396,9.481464895257998,50.61859627940864,42.85978940416354,1014.0214950239523,451.95451284021783,107.81123105223601,1211.109961664429,519.8703043208009,3845.9081076141397,639.9307754972332,1224.121942062952,4.010285531837256,4.34901738473167,24.385333620627737,11.40111995284409,12.511379316951977,57.271845060489625,40.72722437736805,2.965036014405762,10.302199264124551,10.887152120488578,2.594788031316091,23.497807202907776,20.148947143391588,14.120376430721258,13.574092574092573,284.67560206575246,8.466750020570169,347.5548189138993,1.1033290896095773,39.43096718096718,2.654613095238095,11.526984530261968,0.6415343915343915,0.7739961188237051,5.535788923719958,26.76098733641837,12.509177763488108,2.2374847374847375,3.878061224489796,7.595785440613026,3.052324006346995,2.697968697968698,14.988564596323217,1.906062886666335,2.234993614303959,10.054734537493157,0.0,24.980558974431524,4.250948930296756,35.1286189640969,2.491789819376026,20.567139209996352,12.662318527514605,19.588600375738057,10.921256212922879,14.656433343737419,1.3719667943805876,2.1587301587301586,2.3985042735042734,1.5198811804415253,66.44317725393259,12.999227783710543,12.30716004183783,5.2815657333537285,9.961219336219337,10.770858770858771,2.4557897871792393,44.52501617156789,31.678723096826545,36.69946394905344,1.0501470645148805,0.6477591036414566,30.00576677589924,26.15678897821755,39.8476409446237,6.542929292929293,0.0,8.306878306878307,0.20313020313020314,28.727782865282865,24.30570818070818,0.6086309523809523,15.491885429385428,0.0,3.4262293155971317,5.855143016834279,3.9850655880067642,1.2954144620811288,32.501847450123314,61.043521811076886,0.8673469387755102,18.107425542539843,0.9195515813162872,97.94111946386417,0.797979797979798,8.798535283059092,5.184947768281101,0.0,6.842639480570515,17.064213564213564,0.22222222222222224
144.31685425685424,13037.726252717517,109.42816324340296,329.3368591462655,1598.4397669020807,920.9595105072502,361.6976001826687,19.98741697799917,39.46962357817621,162.38085589131822,71.16036414565826,1500.8361224252662,90.20190792077233,51.814584027084024,259.16276404250965,213.1373038073038,657.4814670977171,1014.5282328340502,573.5842363423614,1959.4199976081416,1211.0868378061566,461.98163480038477,5.712096332785988,495.1711230057821,438.49143777518776,329.0926958979655,341.4299926924927,47.31527777777778,22.13425925925926,63.14419191919192,3.5224519632414366,589.8522452987694,16.786165223665222,701.1480508326097,6.934523809523809,2.4965277777777777,776.3148889101095,20.888125763125764,46.765496540496535,138.02685869685868,15.411190855927698,41.07630241611935,93.50997867872867,60.72835858585859,819.9518646656489,17.18888888888889,12.593406593406593,13.918730158730158,159.63003724216958,73.92027417027417,30.97926957301957,114.65286935286935,0.9047619047619047,32.7758658008658,54.80246743996744,22.978472222222223,234.84516233766232,156.60595885595885,16.798076923076923,48.00085978835979,111.41212651727358,1.4186507936507935,9.0,7.675264550264551,7.4017857142857135,3086.5208191258403,839.9664813155254,663.8134169071669,2432.318600078408,367.09315860065857,2049.5998086565537,1576.7918284072298,1925.2390633862901,1006.1677910712295,1321.588100323739,89.45000499500499,14.722755889468218,3191.887148559247,2738.8121078137992,2741.0313977136393,25.756064841591158,366.8420521070924,200.40110870610872,77.92202380952381,7.062626262626262,26.897354497354495,8.819444444444445,2.503968253968254,116.11435185185185,25.7235754985755,164.63848594402387,22.04733460983461,96.34561743748387,713.1395197395198,124.85126602849205,90.4466575091575,299.16898148148147,57.90595099345099,20.20436507936508,62.18250152625152,197.98019156769158,1276.108352245834,502.2583782025551,446.8960954810297,1697.2092204956562,45.48023088023088,3849.5183346290723,1585.993799123016,1373.1042818646495,68.46828463203462,16.57201479076479,187.90874089133132,6.388888888888889,174.0226304728724,510.17571412620174,206.19214896214896,10.231746031746033,28.8502886002886,3.427579365079365,18.08065476190476,33.056628094128094,35.89923369375424,51.786739417989416,17.184757236227824,463.36339472174996,54.7844246031746,48.889789377289375,5.469696969696969,47.01264213502858,6.5625,0.0,10.646825396825395,24.6875,21.82323232323232,16.191558441558442,7.218253968253968,0.5555555555555556,15.165875986758339,14.519586894586894,20.730573593073593,24.77281746031746,8.087862137862137,7.338935574229692,6.808245828245828,0.992063492063492,9.30925925925926,233.0013719124013,35.20181878306878,56.92545553574965,3.8285383597883595,20.63691537220949,20.523959836459834,13.0,1.1759259259259258,1.8253968253968251,53.20722455648926,12.448412698412698,11.871825396825397,1.8333333333333335,73.96567449998514,0.0,104.2677958415111,76.14047619047619,31.16828529657477,43.43492508953035,16.11706349206349,26.19097915972916,4.472222222222222,90.79085609379727,5.066239316239316,2.121212121212121,19.243619670090258,46.0361050986051,32.66768398268398,2.361111111111111,95.82400793650794,14.427777777777777,25.515873015873016,23.138010508010506,21.03491055513114,6.946428571428571,26.268217893217894,6.602513227513227,65.46666666666667,12.984126984126984,9.772827866577867,33.51785714285714,8.395833333333334,116.9045147319141,23.967777777777776,18.539550264550265,0.5555555555555556,120.70548421961092,28.434523809523807,6.0,57.9994708994709,12.614514652014652,3.7738095238095237,11.509920634920634,8.12577160493827
319.4956523473674,12574.371217823329,37.89476602302689,184.80540470073032,799.9789770800435,734.3000891202719,791.3238474712219,39.177502421820606,122.39584435961247,358.2616894884129,21.5986050986051,1699.2235243109162,69.15888031077189,230.89172899600538,144.9687760224525,136.28241045123048,771.7696544197009,939.954850065924,519.6101712402722,1514.588408471688,1888.6485785603716,491.1964325142399,8.999943310657596,739.6214604204096,150.43453310162732,638.8511204012461,92.11946892658314,120.44999773996622,139.53717986482343,21.157928491261824,27.767739541603177,664.9941889243629,7.427683427683427,141.41741004841813,83.05254183034613,10.593489843489843,418.6746104747409,1.0523809523809524,10.11975275490313,107.44491811699604,25.914030328674894,114.27201847859743,113.54066640400833,263.10533276595305,561.2885918957805,164.36267676824951,18.652030509173365,3.970238095238095,432.9882281982668,269.24171128172287,333.3001856380238,16.26984126984127,29.22663139329806,79.76222934025353,116.29616436195383,11.898672438672438,42.98455084429783,753.8396170090955,124.60458445227353,21.196251450269305,18.250301484230054,13.23488375050875,13.21164021164021,22.921518383795398,2.4500152625152625,3629.770118556001,1345.5783540692069,808.2037712731598,3372.299241936469,1038.0569692816143,1999.715335373513,2096.709435233261,674.46810886751,978.1656090557487,1304.011279334209,8.63592796092796,24.63304156161299,2694.3454633054025,4559.219332052786,3689.184076404415,101.55785698229988,1070.0359686504605,708.9677543720968,22.499225014403585,17.881456638599495,248.18071932252923,41.42766955266955,5.6775863025863025,486.9126366765971,34.89121125543565,180.45937302465663,879.1928026440813,219.50752073899648,509.83275589249615,38.56744907094286,104.38380407260438,30.859337884337886,12.966822739550011,144.3303665341493,47.502447552447556,105.790180045082,1931.3072720915875,2648.9309935916904,79.19828778410354,4660.203407781866,621.6229324859582,2589.1075089949886,891.0493154382076,2966.818461976195,29.074370856392754,23.785186296740918,94.8660294643628,20.087537410375756,54.088875013224154,439.8227471507543,80.96930698269983,9.616416010848784,65.81348991616848,119.08163907517671,46.40384801565025,58.944684944684944,17.933170533170532,20.807856803690136,13.119223446954539,172.74085034158622,90.35571660925696,201.4004456025011,35.37888474102938,116.44101007839926,0.34090909090909094,5.461620225013082,39.72111076753934,21.396825396825395,309.95653281054996,100.59280282938485,38.23530404780404,15.74086099086099,4.8033502958968795,3.101731601731602,40.54941859818942,26.613608613608616,96.63474331263197,11.118551587301587,11.53870093751046,8.874907720145815,6.9261294261294255,176.8447354388531,12.220622976057758,205.02543703573116,108.19761227098184,119.9125848862221,55.27780749440413,15.690418679549113,6.443269428983714,8.404433949888494,16.411460067710067,3.1044432419432417,23.973329580472438,28.454050579050577,62.38447544518973,2.8703703703703702,183.30676088406778,51.39212320219751,18.645487614237613,275.1882938398031,1.25,132.66342685092684,154.68996611076443,652.5937939691431,211.77252731152566,0.6785714285714286,31.65199615199615,9.196557410843125,2.5112914862914866,0.46428571428571425,10.418614718614718,9.109577922077921,4.573554917304917,101.9249658175645,76.08596681096681,2.619047619047619,26.598393803908507,15.539804937126364,51.20802854928108,6.12272863690931,45.01698860773266,325.1664195689931,10.160588309397832,33.66367343908623,2.805784603403651,26.24376171487767,16.869510119510117,103.81289289043299,5.595238095238095,0.973922902494331,105.78016705516706,5.502267573696145,11.615162615162614,3.501984126984127,11.523865023865023
236.25222324523918,37265.18396831805,145.16239246321823,291.9126971238596,2119.753479004184,4470.441596374686,536.8795807351148,768.327376184176,3202.6468583552387,666.9331052194132,21.382310294061654,3737.834957147539,129.47670535126298,22.517076149970887,228.79500744541312,65.06430619796559,4267.639575951952,1378.6297458308395,1305.0784273561922,7048.935455016358,2353.884393119463,1236.3724552398937,25.087121004793417,1802.066150898886,57.5095962160277,315.06414984100536,664.7605013435007,55.7883722099989,315.45888012669957,28.529822450276995,122.81398206066795,483.37336288817005,7.416666666666667,456.5028949620828,171.8635621309831,35.984992784992784,237.1467455755506,19.059559884559885,14.842211109452489,203.01310252321798,210.7749514499006,581.4836218636723,54.21939603340465,101.56755763393694,1476.9255683107133,31.191189222033376,72.65082415266217,100.14598211637264,1064.9604258574027,852.2044472565292,842.0775321446414,2.5676406926406923,58.30928933066281,15.484708695488047,16.391469162362974,337.4054115659233,136.23124095632238,246.09055407171564,57.70391125519301,96.11858474998277,219.63889051407952,22.53246084458603,530.6698065207424,106.28442845004471,26.640479629991123,8374.159852095876,888.6791842531351,3928.0707634649057,12304.450320548995,1513.5345808509917,3414.381157071483,3387.611484393657,9158.91363658204,941.6333414059886,5249.39381540127,295.3054187721391,15.876718858626752,5323.44903317789,4942.743217238986,17875.67535303532,103.294191075911,2808.5065228917865,51.235380833042456,38.02692177716198,281.9874869941292,3.6494199238764455,6.238102175602176,30.626908532080947,105.89292133473167,63.83732635826953,1548.8916834615384,43.61864332985022,2650.041351595194,555.5123338514929,51.83073200956062,97.15265382597505,46.05653142386059,118.17804378017627,13.470488768396008,36.07100753983871,150.94223054767312,4004.9778687893204,276.96019448659945,237.53137522442844,14948.901606495636,7727.528217935131,1795.7754861788708,5657.212605234525,2103.536643221877,157.22749966702844,249.68030043417414,30.890153233010373,791.8407331830115,127.63450530333337,1521.6915131173816,27.527038082492602,94.39676293543255,57.121382470992486,1400.442888824818,92.6192451728166,155.82673771706212,28.036886724386726,40.637781009250745,22.177845463715027,76.31873340025514,93.24973547201537,98.20419840200684,132.56432839355634,5.706295093795093,10.015157256536567,3446.762695038083,35.205637608012566,149.50677179962895,56.03081297598142,6.396178534109568,296.98565067407964,13.261621315192743,13.908089829738817,5.157287157287157,56.79132842408218,21.681057404596366,130.79731671669057,28.335670954205437,23.919371585093,46.57629213591857,138.96014316995354,95.1346355033855,62.16522119833469,23.21322196322196,46.24023546222632,30.58587086184636,224.7322432846542,90.2371373836891,63.07710416977658,7.693121693121693,3.689088738310308,27.846836541958492,55.76767908017908,32.624607755560135,560.3406198686371,200.69607500369236,134.60899055011095,46.38686463318816,2.5,161.0494525519804,61.41171791171791,1.547198172198172,164.34866361324748,127.60874306179757,341.8860737979723,6.041666666666666,3.930726884771002,3.525477994227994,0.8666666666666667,0.0,69.20864922114922,2.530864197530864,22.048270129956176,94.39466089466089,592.6999909702037,1.8518518518518516,2.2162574267837427,52.005514705882355,23.849713580908112,7.599458252475493,54.17914575318326,114.44033616927057,140.0610543945628,2.6157407407407405,4.8847465886939565,2.0833333333333335,24.10651329832364,7.165824915824915,4.204545454545455,1.0185185185185184,6.086111111111111,4.687100893997446,1.0069444444444444,0.23809523809523808,1.6011904761904763
68.57175925925925,6860.021810498874,39.26637559970893,42.21762265512265,826.0889335431002,1011.0187158520491,55.211996336996336,569.6418049543049,729.6435919019252,82.22552678802678,33.18819953194953,1975.6417452697215,53.85403639570306,124.52132263161674,129.2438928355595,355.4578823953824,561.7483148024814,570.9821576843635,192.80802731219399,1057.26370654128,216.00567457234123,222.89458304041636,12.966184836874492,348.80609512948223,130.48939806108922,1194.5246739623012,216.62223424723425,72.13053613053613,33.11111111111111,375.28983867088704,7.053030303030303,152.70085067262485,43.423611111111114,153.26397368064033,5.886752136752137,0.9324009324009325,53.15665584415584,20.30448717948718,38.374014874014875,70.78783369408369,10.833333333333332,109.54523809523809,91.40443023112256,156.77968906093906,127.02114089614089,58.565268065268064,15.421296296296296,2.583333333333333,49.72140822140822,51.565386002886,59.08047739297739,3.020833333333333,7.666666666666666,20.591810966810968,12.083333333333332,10.6315386002886,10.707431457431458,68.14738502238502,9.225108225108224,20.214285714285715,528.1388715451216,0.7638888888888888,11.597222222222221,2.9166666666666665,7.106481481481481,3090.9393908045404,616.2033887781871,673.7852024805954,703.0447934554552,389.3533230054969,507.71000569522073,541.1967876178402,757.6310007525823,147.89938458514308,1554.9146324158967,9.5,33.26554232804233,1159.1074279563527,1777.3258818506395,1425.538548884466,4.972222222222222,586.9550230610381,25.411706349206348,429.6164622414622,11.599839430721783,10.081730769230768,11.467948717948717,13.175925925925926,14.740918803418804,3.020833333333333,89.92482493140388,25.210431369705564,82.32313519813519,147.30937308878484,22.912037037037038,39.65079365079365,25.78472222222222,5.553571428571428,32.11471861471861,18.234126984126984,17.401143790849673,687.7261904761905,227.1455192995763,135.41426536426536,1192.950254524171,244.93073053120898,1907.057435476583,400.25482903254925,442.25124875124874,9.389069264069263,13.916997354497354,43.75801132418779,8.53596866096866,38.78959697709698,102.09379046879047,25.453638101664417,2.361111111111111,4.6726190476190474,9.5,0.41666666666666663,321.38075967242634,11.317620650953984,68.06107164440498,18.916666666666664,138.87388537388537,53.388888888888886,35.31646825396825,6.458333333333333,16.874174436674437,123.91534391534391,6.666666666666666,2.5,13.083333333333332,26.878517316017316,99.6578568856158,14.228114478114477,1.1111111111111112,7.857142857142857,8.86111111111111,40.772306397306394,2.5,28.770033207533206,53.33291245791246,9.61111111111111,4.416666666666666,5.729166666666666,33.78661616161616,5.476190476190476,27.504013347763347,1.0096153846153846,18.557900432900432,5.0,324.93455988455986,8.972973785473785,0.2777777777777778,34.613425925925924,5.476190476190476,9.739583333333332,7.259259259259259,36.969997594997594,33.72222222222222,17.483585858585858,147.00108225108224,10.092592592592592,16.875,8.693121693121693,864.4724827641494,13.077651515151516,75.41238605082691,0.0,2.833333333333333,9.125,134.23720238095237,16.610576923076923,0.641025641025641,6.333333333333333,17.77777777777778,9.055555555555555,25.583333333333332,4.652777777777778,6.277777777777778,1.976190476190476,0.8600427350427351,9.791666666666666,6.997176434676435,4.5102813852813854,21.159493284493283,22.91602147852148,4.229166666666666,7.939814814814815,7.113095238095238,2.547161172161172,113.36147556147556,22.04861111111111,32.47191697191697,5.208333333333333,6.79320987654321,1.25,117.17171717171716,0.8333333333333333
249.5719182091381,20262.26702077711,245.15784218504805,312.77247523423296,3204.044487888104,3524.55981973071,352.81800041461804,674.4180237395999,2082.75351815108,712.2806590165203,471.7345837650004,8246.275241124496,417.3363524746858,328.2139627488422,1418.448632918519,648.0421337150503,1376.3976897716673,1397.1405906097839,750.9627063284433,2040.3218857981108,2065.015418441269,374.44883400152855,92.50228174603174,1221.6045252984793,764.0429819535499,1659.036861625195,957.3387552417439,570.1495371371159,282.7581668144658,1816.4133551799075,103.32582288354347,1050.8504282951217,30.77932098765432,247.67455456097022,86.21170075990337,45.8286413749649,566.5338747561472,125.94433853183853,193.18301519986042,208.33423751707363,39.01581256434198,328.75747282722415,372.1229857267493,235.11252944440443,1482.377200148323,280.3175665323541,107.42481850937733,75.50204579657624,683.0535213252138,1033.7112316997216,618.1904860445244,171.43448565323564,93.32802486094153,54.009445995051735,190.29959462274937,272.93340940730644,174.5750110967723,328.33590283295325,296.4088372163707,129.0751012273071,1464.6776832186601,35.949600671659496,353.6598563372638,67.53538800705468,54.59588631986507,7087.279778763086,1229.227776140683,2053.784756229085,6999.171575144877,1096.973362333542,2031.5320474819366,4252.182871242742,3916.257293206687,623.0169378099708,2397.8380295324687,172.26236834334873,59.05883435995481,6696.096066781839,8106.9727490550995,8258.524875325498,151.0821237625772,2201.2381142633853,131.50115964917435,397.6776142684476,289.0314404852185,134.26438863319723,110.00844327307742,116.48469633579927,203.6496324921745,159.70251029154215,489.2889549714917,463.445172248234,1222.2078799880571,711.7286426668827,144.5737201200734,433.5740668248103,302.4284169196669,148.10398414053225,87.33590568382235,98.3846345103698,320.0495983032339,3531.2957075893,1769.3753090230236,403.368582827135,5188.990681203211,1171.1091446082296,2723.0318934515253,3782.0263578603867,1815.0761804575152,56.065596927323114,126.34859678795544,204.24360381443714,268.61608639721385,349.677610740165,641.8373999233241,181.36737415229624,125.44320919357683,81.4447501336717,345.09305345931375,57.70575551264277,970.071482689328,135.03427238070094,242.7381477945983,84.71837301587301,66.45023448773449,237.24874536367182,123.08652194211017,37.75203399541635,38.743274767171826,200.45078018494684,320.80989475012046,46.22060185185185,24.178489257655922,67.40709175084174,60.29328528517619,204.972064704462,77.75343352181588,37.15490630012689,84.66617063492063,176.56596286943508,26.62608467920968,239.85267188058853,173.73136470918334,63.53068488791528,56.86325837742504,49.86673820178722,64.4144730114268,249.19628708450486,156.03197078747323,274.4904007833316,126.19761199054929,119.87674875505758,4089.461574720229,38.12784938826605,43.29480525693761,174.91607704513427,51.52808181677229,187.12373918370767,102.6269375183795,35.26160052910053,103.41095892811579,188.01341235924568,157.6903114118392,40.573830409356724,188.14884794658605,29.57438271604938,236.48587795948907,251.08862136378906,356.04228174682635,93.98473778400249,12.558862433862434,27.474371693121693,126.02717488176448,43.36382873079302,37.10912698412698,75.94055294896309,106.05534340659341,49.5482675848117,18.981813186813188,62.67746913580247,53.23475172975173,203.4423721340388,50.59759149029982,58.769290253138294,49.31724833808167,10.177945665445666,27.690391737891737,77.54011603043466,25.256349206349206,25.7390873015873,89.5019356261023,90.9509577732902,57.518577796472535,43.96590608465608,96.98269698269698,8.852319453422394,29.095614468009426,2.8878571428571425,71.76902958152958,4.038888888888889
42.48127369634722,11390.738749842916,213.15007259702637,82.53339618675753,1848.9975869118034,220.97032960425818,78.92448734544323,9.515873015873016,6.672335600907029,210.2684168947299,7.659391534391534,1604.9051314951,9.052579365079366,23.043650793650794,816.4427683758041,57.75012190190761,345.01753650684964,2350.3427501050924,1422.268566433484,319.97002082332136,1649.7467745423478,169.32520751113188,9.166666666666666,1103.8553054443628,84.27302360338075,62.04587657712658,1563.7013001119303,426.62308241737514,97.95732004923181,5.023148148148148,43.10348722822462,1416.0476964037457,5.069444444444445,97.44231909935691,21.084776334776336,30.13575708061002,1005.8850419978239,2.6666666666666665,23.12413662046015,328.12499877249525,54.34621188542757,490.9510569382676,253.90753971557544,405.0286524607253,2566.2866276136674,36.72931697931698,14.109977324263038,93.93188333608501,1937.1973048802531,2619.5289261489365,2490.3718804461423,37.296612331801406,31.727721012647482,289.4808349242077,10.483985260770975,29.38071188071188,203.65704721088125,513.4300185206173,38.39313641854765,12.82360048396463,14.207070707070708,0.7936507936507936,2.89021164021164,22.286073578615596,44.2747486620911,4448.564357951505,1774.3387314730817,450.0217533134384,538.7851943827541,381.7932502099519,663.8505346791043,3257.699481957201,194.18951740564134,666.9607284995066,833.8886619255317,24.160065793994367,9.011718197379963,981.4938937249336,4948.97241864895,664.7410414923545,162.38412224835542,1131.4897986545045,27.231570512820515,5.957067170302464,17.65028789293495,376.87612162191994,59.388416477702194,13.055555555555555,194.20646945646945,283.0373253225144,942.0137084897414,26.490386525712612,307.14327814459114,187.91351414303094,269.5833299325946,146.43453837828838,20.484597918421446,54.35875650765357,25.833333333333332,13.820954106280194,211.51508052716036,319.6471211542115,3298.1549573918837,36.462007782911144,12337.584322255843,108.14770264166272,332.09627031335714,1738.0773968095396,3215.0241144792135,20.34984133513545,28.334603285758746,166.87473832125443,9.603174603174603,60.06243280140339,596.6659864541517,34.57150125007268,30.592171717171716,183.0821814189286,10.128968253968255,69.64143801459979,195.95387119494262,39.57099531731885,16.23987211843802,72.34862591112591,13.45540027605245,137.89693417188164,15.855338264659602,7.948412698412699,8.899440836940837,12.278769841269842,1.0363247863247864,1.4464285714285714,11.504296162909608,34.88140331890332,5.171957671957672,906.585214482711,26.12320483749055,9.985119047619047,60.299192320025654,58.9815840866261,5.732323232323233,63.05723909934344,47.88127809603373,69.67265795206971,14.815769742240331,7.8124805477746655,19.14478930655401,76.4664896533594,69.58267947330447,202.85736518772234,60.23198723934018,6.7291215728715725,22.843614718614717,28.261208290620054,25.324992791729485,40.46920374598946,8.492919817499649,39.152752515147476,735.252979394296,29.914682539682538,0.41666666666666663,50.30483405483405,16.716269841269842,49.487463924963926,45.97637085137085,35.88987817349162,16.84065934065934,616.9291818223015,371.3349775807759,1.0416666666666665,1.4732142857142856,3.571428571428571,11.67824074074074,7.12962962962963,2.576058201058201,11.142015834111422,1.7724867724867723,45.61400883197102,2.2916666666666665,13.358585858585858,35.70422632922633,45.596170033670035,47.17575085589792,113.42464643199938,55.49001924001924,80.54501154094116,292.1977351352351,40.66984941801118,6.155015197568389,113.38989532293104,2.358630952380952,233.66623897306303,5.954365079365079,1.5925925925925926,16.882025382025382,40.029761904761905,70.1140873015873,123.40880796763149,3.212962962962963,0.0
