790.318465426186,50698.866607248776,100.74613575422399,1368.948174146878,4384.554236406286,1100.9507759669525,325.79707104900604,131.84193940979654,87.76776398265062,933.4708763352526,5347.999950435173,2195.0440852975767,6668.767844289671,92.52390572390573,1764.011929406084,119.00722609284136,46.29687326520357,202.4784839343663,387.9389162881036,3512.0645891598765,1123.1237391054883,1089.5018539286984,567.9370030705476,6321.778638376889,134.82164912830547,256.9988539450163,222.77704623017715,2968.784763450529,5782.388392132962,3903.221387736347,5390.767439053147,311.8828491330468,3552.1999409552254,31.776253119208107,267.7580372260547,951.7454947829948,2446.4518048752902,1294.7140577559694,737.227205356372,19374.872028831047,2557.633581419047,993.0133490544317,495.7671972095181,308.6257394727728,324.2906429741569,1402.4505823636073,728.5528666672574,139.41681695657104,353.5538670916573,240.9495643293181,157.15575396825398,42.07417027417027,392.48246587580604,505.8710835217414,823.8573217715007,1290.0012035122218,3797.930330453698,5242.274474632206,12081.15299658044,1713.3899971727546,11397.341617536555,2266.53675211364,5319.792656249894,3356.7768874780836,4572.060251960936,10984.68697447935,9947.318540833307,866.2725548716351,6418.989378750064,761.7760125942494,4996.990833524602,2882.4732650036804,150.29201422216127,18906.128846860636,2313.710685464362,5620.895021262436,11338.085868390022,1309.571392637656,10245.964769237147,31575.7237548441,3010.7957273203097,3471.0723366103257,12405.130530844328,447.7492142131461,152.1095195654019,213.72917102390787,755.7834436055988,10.721017871017871,3240.445701411851,187.21270920437587,47.04163614163614,88.1565934065934,281.942329964879,58.238095238095234,344.2638886606469,354.8810032414755,85.10755968392594,121.33432539682539,1634.3251123905386,19.797268907563023,708.6361784717257,211.74832583755366,65.1727741153315,169.37284959049666,130.0228736949325,100.61666666666666,228.73383724119017,788.1894764883854,570.3014862208447,144.75221119036908,1381.8004033684706,1090.150642885666,162.04297785547786,685.9738969486027,71.14407395955014,102.02135642135642,69.13086835550071,802.9801169793456,2814.488163474791,460.26017885623145,72.15828615828616,61.2030192030192,22.08903516792861,71.21933413808414,22.869047619047617,160.30087068256196,107.79602750190985,145.3937368187368,14.274531024531024,507.7590255656293,309.57205196162863,45.55820105820106,118.09297706650648,211.11332880082878,344.65161556852735,66.85335497835497,1079.4048877533871,7.497292250233427,81.70004660599248,535.5388598813282,529.1225344171938,833.3965957423286,31.866883116883116,5.185185185185185,26.333333333333332,169.8582662610722,193.04103812042408,6.266468253968254,233.46675680557257,106.54387431740372,142.32440886876975,380.308053058053,262.69285344285345,29.724997224997225,440.2484011868711,55.63694653952532,1585.8025228403824,671.4049439964004,69.26641822230057,28.04581301051889,88.62837162837162,30.318317276405512,105.00928932178932,95.69113756613756,127.67074314574315,34.336507936507935,140.58586511527687,73.58783846872082,86.55450513538749,129.97225228475227,24.112002376708258,48.240481941568895,17.72571806500378,54.870726495726494,75.62726856476856,29.39664502164502,45.83914647730437,83.50119787619788,67.52827380952381,3.118686868686869,127.90773115773115,77.06409909534909,12.200202575202574,185.78615998652762,133.92401677842855,101.04635642135642,17.625,177.6165071040071,81.95140966119227,56.40963203463203,187.05696252417854,361.6582985979538,91.8376756413521,4.5476190476190474,102.03265639589168,0.0,7.023809523809523,120.98364952578908,36.83134920634921,19.0
30.41176470588235,4469.728735386962,1.6666666666666665,52.56631631631632,900.9713578096828,32.64913844325609,717.8943598884775,22.914529914529915,98.28903903903904,19.901587301587302,354.5325828642902,80.17643467643467,1570.923364085308,47.70833333333333,480.896149825784,47.13939393939394,16.946666666666665,5.0,18.77897897897898,256.97222222222223,175.66982323232324,25.083333333333332,292.64474819074934,55.49251238957121,24.257692307692306,72.17948717948718,13.790123456790123,81.71714285714286,413.0774914774915,286.4465811965812,226.5933075933076,31.77777777777778,63.764634146341464,5.0,25.60732600732601,30.75152625152625,113.37209302325581,322.97133775123973,32.80647313980647,117.83523665876606,36.13492063492063,18.95876887340302,15.559540889526541,88.33333333333333,15.769230769230768,147.17396792396792,17.0,12.0,65.14520202020202,20.185185185185183,14.454545454545453,53.551587301587304,183.55079275299863,76.91666666666667,74.30555555555556,147.14880952380952,209.81340956340955,404.2016743997136,1346.670833054065,66.92444444444445,766.2817168337045,735.6883953296472,584.0658476658476,336.3593019785093,148.4868510868511,1855.7450019550988,380.5532730209201,87.5,407.6221187142098,267.88615153615154,110.38824177920304,137.13742803742804,8.055555555555555,1670.108963591406,171.7969092786166,410.94963497831145,1933.4140823642383,236.12214501185088,1737.774139700596,824.5456311147487,501.58993157800745,949.1501524360384,54.83669108669108,17.866666666666667,28.493589743589745,20.4,11.666666666666666,0.0,197.29268554268555,6.8,62.5,33.42948717948718,8.372093023255815,365.42906830514437,23.055555555555557,11.002968877968877,3.0555555555555554,12.408119658119658,22.333333333333332,23.783783783783782,6.666666666666667,74.20327076699625,34.166666666666664,7.0,10.0,17.083333333333332,35.83333333333333,17.452380952380953,65.83333333333333,10.416666666666666,53.14017094017094,8.0,10.0,3.8444444444444446,15.53921568627451,55.0,10.2,11.25,54.666666666666664,9.411764705882353,50.15555555555555,37.90427927927928,0.0,2.2222222222222223,23.51126126126126,7.457264957264957,56.598484848484844,3.799249530956848,649.2444444444444,62.833333333333336,68.15079365079364,10.0,14.777777777777779,0.6666666666666666,0.0,0.7567567567567568,17.36243386243386,3.4294871794871793,0.0,96.52083333333333,1.0,5.6,10.0,3.6666666666666665,25.006006006006004,6.944444444444445,28.75,0.0,0.6637596899224806,0.6666666666666666,0.0,0.5662393162393162,22.5,0.3333333333333333,6.7073170731707314,4.966666666666667,10.555555555555555,50.807720057720054,6.097883597883597,0.0,1.1111111111111112,0.0,26.454545454545453,0.0,1.0,1.6666666666666665,1.6666666666666665,9.166666666666666,21.72222222222222,6.666666666666666,28.884090909090908,0.0,24.583333333333332,5.0,3.1372549019607843,3.333333333333333,4.583333333333333,13.829999999999998,12.166666666666666,0.0,2.7777777777777777,0.2564102564102564,0.0,0.0,0.0,11.520833333333332,70.59294871794872,3.111111111111111,4.0,6.0,5.7142857142857135,12.38095238095238,0.0,0.4444444444444445,1.5384615384615385,0.6346153846153846,3.0,0.0,0.0,3.333333333333333
77.95486815420288,26545.371254915808,25.173914313200026,217.22743595620574,1068.5371961955732,41.18277224674788,206.70605976751997,237.89723347910896,121.01754148787147,412.9690225802942,1679.8294096342315,313.6881081152305,2114.184560041299,317.44914914696056,499.8027191268967,124.8825671868537,600.2006602731956,40.38814593793485,23.617988220929398,857.229387276672,186.46697611397795,250.5809691637821,414.1404638910253,388.86578967138826,30.86934544758074,93.37124801945956,93.11491685511294,542.2496860814801,1363.039406841128,1507.0106432056325,1249.0545908488748,68.89884580659981,398.31730538382595,25.817460317460316,273.04820178028524,123.60898740878382,309.263952084448,908.6426094469745,141.19184993801497,2303.5105269203495,334.08525243553436,444.69223135636867,51.10784869503357,48.96277096697265,71.96132283491909,189.06893282483728,20.0721462879624,29.334077705156137,55.22383077074158,63.483856720621425,82.19810266187574,52.399138203414516,48.36053523564633,97.12656175094256,278.2026883496007,326.7476135616388,946.0998611766896,958.867226693621,4850.576006267661,557.7147145265055,2378.4124740206053,1220.1360235435884,1600.9726215032588,3746.874490699121,1242.8786779466313,6565.979189313428,1707.8707781459266,111.47880394625423,1766.2706981989556,121.29283805931878,644.7188236600001,440.66192769677394,73.01597842361684,7796.849989856677,529.1368420345862,2289.857626043235,2330.056635525329,869.2517953373925,5071.224831008601,7214.799002590328,4456.969961335303,1018.956575295271,770.7134696264827,153.7086372262069,53.43065584742055,14.06055573815314,49.76141353923881,16.49855225695562,228.67745843488288,20.216991341991342,57.17291795506081,27.408239577882433,48.25574679826017,44.1088486676722,29.25289393146536,59.5388787697718,215.27016112971995,49.11250901875901,77.84430210312563,15.347671119729943,92.37371131824914,33.33103510553201,16.834787209177453,31.864620766721607,12.15631998720234,11.431147610559375,61.38561600009079,85.81642374653211,114.2515596315091,88.13274854660304,223.88439018275247,67.35201125904908,33.15115833922325,42.98025515265348,14.797911083625369,64.94035039035039,2.575221075221075,220.1740163998424,490.3296654312664,98.78218477429003,24.91708832293248,58.66264753764754,22.265928515928515,22.176839826839828,11.133432743726862,34.24071378812758,131.49433957286783,9.679232804232804,33.59883674348334,100.1883789275405,16.90042365042365,11.728770140534847,14.719598583234946,59.703854016354015,128.445211651094,9.558201058201057,242.53521631644,14.191653934300993,28.487772941344367,32.724525665384434,106.61000873154234,52.44709071260795,75.99891774891775,24.09589022089022,6.951566951566951,26.68309910170965,57.19697385947386,9.822853966873106,15.847680097680097,119.3952208417449,6.401827801827801,25.191808191808192,5.272203325774754,20.83807173218938,147.49386259160235,83.1900801393107,77.31884802992815,95.28610684459552,26.10882997023419,7.1357256940461,7.5476190476190474,51.12450895901754,28.790501165501166,209.56252279466565,6.0643939393939394,133.41554834054833,77.34600122100122,7.238095238095238,134.90194026594455,20.60816366173509,130.84848818658924,158.61838799315578,39.62745393417662,53.44155844155844,5.0426739926739925,52.92137478534537,43.95845531734218,118.50655178155178,4.7114526098901095,7.771753899695076,11.191635745207174,11.133955180418997,13.934968082026906,7.070436507936508,3.7619047619047614,6.3734335839598995,15.555555555555555,24.567534084340807,158.0703377060962,30.942716331408306,64.47685262503333,53.52472859683122,52.3476902046755,8.342171717171718,64.73351974822563,47.12830687830687,21.121287753018134,7.337301587301587,6.525301495889731,69.82334386746152
1.1111111111111112,3380.514050761187,7.884672619047619,6.979166666666666,209.6981752928444,2.369791666666667,769.1830853174603,110.85534266537556,224.48363095238093,62.99258563074353,861.2703192241809,12.384920634920634,587.9542963980464,526.206716853408,55.210978835978835,141.2142857142857,1.2000000000000002,25.744791666666668,15.039880952380951,269.5740740740741,33.15034722222222,69.29312678062678,395.8591315074674,55.07023809523809,53.6875,309.62321787689433,174.42741402116403,68.92113095238095,146.20569381598793,161.60801663614163,73.86003947033359,15.836805555555555,171.26542207792207,2.0,15.836542950513538,41.36607142857142,116.16291238717709,447.23288690476187,242.33638181993445,129.69599700372726,15.351934523809524,21.687094155844157,195.0437682748538,21.92956349206349,229.29315476190476,101.80357142857143,13.125,6.717105263157895,6.9642857142857135,73.88244047619048,8.652777777777777,7.125,97.90625,5.56547619047619,35.104166666666664,24.479166666666668,241.32069956187604,249.3906746031746,1438.245322290062,37.439258658008654,723.588440696587,101.7605463980464,70.20337301587301,46.04620927318295,56.79265873015873,1233.4274648962148,377.388608412786,6.009375,822.7442880648763,1206.1347322768513,96.96546052631578,373.38676960795766,25.705853174603174,1068.7780650671712,86.1827876984127,254.7284684065934,1363.8292145906946,54.50843253968254,535.3979914396033,616.7733725374785,161.58487103174602,691.4098571080478,206.3696575719602,50.34325396825397,81.55059523809524,2.1875,0.0,30.479166666666664,27.34970238095238,4.142361111111111,119.79620927318295,27.771329365079364,30.872023809523807,2134.0539720026563,1.7361111111111112,5.694444444444444,19.290029761904762,90.28025793650794,60.92063492063492,17.5,0.625,0.0,24.489583333333332,56.762362637362635,0.9523809523809523,1.7361111111111112,0.625,2.867063492063492,0.0,4.583333333333333,34.87405303030303,1.6458333333333335,0.10416666666666666,3.1770833333333335,1.5486111111111112,4.0625,8.240079365079364,1.7929292929292928,4.723651960784314,40.145833333333336,5.75,84.61162710698314,25.46875,10.778869047619047,78.89335317460318,3.625,15.666666666666666,49.75,40.25,0.4340277777777778,0.46875,1.75,13.862938596491228,5.0,1.4620535714285712,4.444444444444445,0.0,113.89732142857142,8.88888888888889,0.0,9.678571428571429,5.848143424036281,6.366666666666666,14.705555555555556,209.73389077853363,5.714285714285714,22.407738095238095,0.5555555555555556,9.166666666666666,0.30357142857142855,4.5,0.10416666666666666,7.666666666666666,8.260416666666666,0.0,0.0,7.81984126984127,9.166666666666666,1.4285714285714284,15.625,1.375,12.65625,0.0,23.348958333333332,1.25,0.0,0.0,2.5,0.0,0.625,0.0,3.333333333333333,39.416666666666664,3.111111111111111,0.125,3.75,0.0,0.0,14.357142857142856,6.371162280701754,1.8489583333333333,10.0,0.0,2.142857142857143,5.833333333333333,8.66170634920635,535.6733247617535,0.0,0.0,0.0,0.0,3.3333333333333335,20.0,41.166666666666664,13.601438492063492,2.864583333333333,0.0,0.8407738095238095,0.0,0.0
57.29060068471833,8329.975936163659,24.805540194239885,3.75,774.73408334552,18.69327831156278,685.5991742136913,34.025252525252526,106.48178651843513,133.98743862346802,2793.5043406629634,151.81462812786341,751.9461456714258,6.8240740740740735,258.5314075749576,17.76850707603303,2.8275275922334746,18.062874711288025,43.59682327476445,1354.9911155411046,33.97381311498959,202.4245035837915,113.29045150755677,147.97879711838337,109.61256798756799,8.26377217553688,232.95490660153973,129.9465237539283,427.41886531513006,1322.087083198703,395.8214358988869,52.66914825618034,348.8824042181111,4.645604395604396,108.39856417328038,82.3519784309258,212.11859317296623,307.59527246009526,257.4976736011953,807.3801547623162,42.312749287749284,100.78971945810181,230.6250379737222,17.91736694677871,65.40404146507088,483.2053935028393,35.61735527544351,25.64073225249696,36.21813118655224,75.26665141990219,21.589156715317706,12.173486672712679,104.6608651864192,106.63333246586835,41.382337872640186,195.77387379514573,808.6629517772988,499.4748153243005,2966.4509773495133,206.81054882469078,1966.0849851363212,643.3708603374045,620.9273240302367,287.03557663484054,389.2471256952286,3859.876693293329,1586.783535942176,69.22909805336276,747.210384399742,135.49592192007051,540.1648486792174,1020.9547502348586,2.1204368243841927,5763.236134656504,351.18015980359894,1274.2820734477643,3124.0094120166636,903.3603393407769,1767.6810863440394,2918.1367026069474,659.9026947294427,811.1813172832486,632.0370603079084,31.63650097465887,32.37013936356041,22.44048857059693,33.69412501842842,1.794234360410831,161.82166712261412,23.765993265993266,440.47706855019436,83.9961889726651,18.651996598745825,3.2570806100217866,11.274533098725934,38.76592389092389,124.0029360760785,74.78572165708388,74.55110583860584,7.374074074074074,0.7142857142857142,12.632728330566676,42.69064675577833,50.262486193716846,6.458333333333333,10.587532264776847,9.273629964806435,5.699463118580765,26.132647671863356,65.45218996689584,155.85028663616947,47.31278945921803,18.40807823927019,86.95887144331417,10.275375939849624,14.885076252723312,9.522317007611125,35.77727123237959,80.65951167282437,35.01474238122845,17.92471988795518,8.462121212121213,9.302521008403362,18.810379707438532,20.41764828738513,20.12946204122675,1.0,7.907176157176157,8.343137254901961,75.38211951447246,5.277777777777778,4.87037037037037,20.280366863958196,4.338235294117647,583.5083482642576,6.50375939849624,236.1741699572969,3.3333333333333335,17.97790597345551,4.16750208855472,26.04343894123306,0.8796296296296295,0.0,2.839506172839506,54.4497955040193,11.30952380952381,52.330341130942735,2.5129233511586455,12.038089225589227,17.674274559758658,9.08858543417367,43.182434498765765,20.13188608776844,9.84848484848485,4.083333333333333,1.2265512265512266,16.54040404040404,44.34899749373434,32.92922779057233,3.580808080808081,18.16076957098629,38.09627312592999,10.233333333333333,125.97768894905117,39.33406593406593,35.96855105678635,40.96998181557005,3.5243867243867246,1.137955182072829,9.753798670465336,0.5,0.43209876543209874,0.0,10.022727272727273,3.1367880485527544,0.0,24.612769855416914,0.11904761904761904,4.504390217625512,2.6964285714285716,5.1060606060606055,3.6309273709483794,1.1428571428571428,41.75178960473078,12.685665604578292,46.730367920693,0.11764705882352941,13.734709824918804,40.28290786011374,1.7031024531024532,16.80172675130658,6.190476190476191,9.340883402802907,0.8333333333333333,645.0741682475252,8.46468074409251,0.8333333333333333,5.873015873015873,0.7894736842105263,0.0
287.0992424418342,19053.529794328817,45.51619631651513,94.15154556135063,1877.917981858618,146.489724501388,999.8660986405656,49.687018722903886,262.8306515579057,648.5604113112959,5288.009894709589,615.9570126331431,1941.7789113217748,57.629199504199505,1098.3533757678265,41.371924919090844,112.80388568048414,54.456126049160105,77.92257856522562,1902.60880481211,127.33354804237156,689.3267333232725,224.43332633425513,337.23098264260193,200.41098203790511,49.304159348277,271.92781536202585,352.96164039486246,1870.9846826429755,2175.5288912055134,1278.6253315788858,124.76283804488139,823.0243042057947,6.764652014652015,152.65799207024511,64.23475215351645,313.71294608522373,352.99425029063076,446.8478339220065,1867.6392010470818,183.21535805464376,183.75596850093962,128.49652491757755,40.49803709362533,127.0293213050566,696.7794365155191,49.474841894201944,69.79948397453558,189.3122836173892,122.36738878596464,103.87101608320096,37.90254621253073,81.4950958594772,90.75751324256109,261.0147600065777,702.5547923836116,1058.7139036179065,1887.3649996164127,5115.718970868837,724.5980568143447,3190.4225048245053,947.0297591473404,1798.5000997870882,1644.001589177351,1056.284032340621,6832.72640487053,3040.674002276614,105.88055430059737,2478.7814123856874,105.82340431899256,902.9508318021279,1338.5317015064952,57.306616065898965,9203.248616676728,1054.161549119871,2671.0443734988216,4148.203425896435,1732.0586338885375,4772.313667310309,8077.452075254789,2203.889864745557,1706.1380325004495,1222.3251503750976,85.57357900384216,90.18631441657757,127.27511755693976,86.5269461876273,23.374942315289506,305.77896922954255,72.73522102443671,297.3256801949913,192.499236915148,46.108841994110314,55.00854700854701,51.34535506564844,53.56631871215205,87.76006790010301,195.15087423970937,111.32549333382667,5.123015873015873,6.375661375661376,39.80366116409349,59.51272517144918,44.26535508919962,17.19163059163059,8.429183475623104,121.4160330597735,184.12334389896307,194.67575956444819,60.01250469516724,351.4157795467815,121.77763399783439,96.28556170083357,159.79032182826745,68.88658279667051,34.48263319831947,37.036628384229004,331.3870246132303,422.2567653297186,95.61385762500313,49.58601661930686,50.12187812187812,6.5579322638146165,12.889465817406993,34.835087719298244,26.971293930677685,72.17071595875943,8.055717430717431,16.65590536914066,216.12309426490097,6.0680523180523185,10.488095238095237,29.67867986846315,30.53948165124636,482.5492111398329,5.635327635327635,308.8415298715558,17.0,65.43806198899631,21.945855685204055,145.08308942069445,19.559455976122642,15.087301587301587,1.2962962962962963,99.18159845011901,21.646598369987725,38.45227060356294,7.362833932493375,21.53108003108003,107.4727433801506,15.422722702134466,228.49684500989972,20.34375617958869,29.02841602841603,67.42287269608698,48.892781534085884,42.8531746031746,63.18033691454744,79.43399871219222,8.143647275520303,32.50401739643225,108.43222815065465,28.926739926739927,605.1311899267859,76.24296814296814,160.09654237090584,102.03972474770794,9.049963924963926,23.238235294117647,26.299096846715894,14.377104377104377,22.43478260869565,19.704948646125118,1.791958041958042,13.999991838227132,29.872585596441805,53.83531690188037,45.49832915622389,17.37252655772876,0.0,16.448375037660753,29.117517903753942,7.852813852813853,15.643925518925519,14.617493151106595,22.076727152849443,4.388888888888889,93.01161103820709,99.69196329302902,10.594877344877345,56.69794820475935,15.561933436933437,110.64687818177885,12.75,275.61972190081065,60.61570183629007,2.3120915032679736,6.8011463844797175,15.483805668016196,3.5185185185185186
25.86613423126581,9482.970992050135,111.83960035525695,141.33068204553632,1363.2986039074265,79.10839007984906,2234.875542692072,29.209056816199674,264.0948088824822,75.76290887475098,1502.2405001525638,682.0245105800059,2460.9574642074185,250.4349993959512,1153.3916833487986,1076.938498167491,34.96203102453102,18.995091896407686,91.61845238095238,1105.727532618781,191.40306882877076,363.8140745254467,894.045390393836,677.3832352167964,19.790257252326217,121.42689616639196,526.6386045840198,162.8784924534298,854.4669250245526,1577.9549752288485,367.49405458089666,186.49462036276498,507.0980438911597,8.226190476190474,43.75189100095115,100.93751204935415,406.0914236746144,930.6803150390014,54.56150793650794,581.822082154131,58.003653976210366,202.84267320288438,56.15708142906285,58.020050125313276,185.90791080264765,809.2181754965922,48.25994640280354,415.8608255276666,45.758757011576556,242.66021319497753,16.42423383494812,49.294337937195074,382.6581562056794,67.11956975772765,188.82697329330455,472.9399576833958,1158.316928517614,704.5766899186208,3767.4012375030884,1255.9250355175195,1701.656772338551,979.7376307290433,1225.5075709478572,375.7308619530501,491.25690788461134,3724.2940906464896,652.9165759680187,39.994965986394554,3807.1612534919677,977.3371426096656,366.5810274109644,2255.9613313278937,25.619543019227894,5454.804897582029,292.7605251197931,2410.382302414817,3054.3808708611527,993.5341080606781,4535.100312779184,2958.3575202861753,920.2383904621375,2006.4847831634936,628.6269438018122,525.9987592775628,46.32116920812409,74.09511278195488,34.43015873015873,4.175222925222926,117.35815405866268,71.0602705507154,777.9541205739661,364.686339111668,84.18360304137975,531.3553903719325,25.357456140350877,28.848171565276825,16.584743107769423,250.69715956558062,97.42215160918168,4.4414021164021165,47.75974658869396,6.517510632642211,21.881150525887367,42.69945697577276,5.677408483329536,4.711988304093567,198.6516365901041,13.611695906432749,35.865967234847155,15.142857142857142,41.356009769875314,24.61925647451963,0.6666666666666666,29.782637071922785,45.00041771094403,14.646999443052074,54.78863826232247,7.62962962962963,69.63208092381024,27.450429996560025,24.208106575963715,15.709523809523809,6.107503607503607,95.59261260790866,53.13851593268886,52.40047042208696,9.297504025764894,12.718046183835657,41.947681704260646,25.845887445887445,6.349713569638381,8.875,61.36767195767196,41.07242063492063,17.96009546009546,4.954887218045113,97.04775828460039,24.116246498599438,47.954945491016915,48.35042964554243,27.700438596491228,28.799594223654374,16.00907029478458,3.4058201058201054,155.13900281005544,25.535714285714285,12.214285714285712,8.674603174603174,27.21331720774805,1.6666666666666665,35.31494386287619,0.5,60.49272486772487,1.6111111111111112,5.277777777777778,10.719444444444443,25.98233679436687,53.69613108401255,16.1795183982684,62.72856383382699,21.364661654135336,116.08131843094249,4.0476190476190474,269.6890302053836,73.73575307315909,5.476190476190476,15.550595238095237,42.29744002864304,26.136554318697176,22.109126984126984,8.456018518518517,6.25,19.942708333333332,109.38314536340852,38.29359857978279,2.3343325791855203,4.680351672832876,10.644841269841269,39.413690476190474,4.622222222222223,14.571846282372597,51.15668455917516,2.611111111111111,12.347557098331093,7.571492011438721,72.22473667829705,41.21303258145363,10.0406223893066,10.967476623823373,2.4047619047619047,2.095959595959596,13.95275888133031,1.6666666666666665,9.648809523809524,206.80300481166086,814.6017718378399,2.1405228758169934,47.55489417989418,0.22660818713450293,0.7555555555555555
28.57142857142857,1237.9448079524207,3.867063492063492,16.904761904761905,147.1235827664399,2.007936507936508,327.25333694083696,25.126984126984127,51.716269841269835,14.584377610693398,393.0863900823487,46.8031746031746,230.5866402116402,77.32539682539682,32.701058201058196,24.896825396825395,12.4,5.625,8.458730158730159,100.60241874527588,32.753571428571426,70.72266701552415,126.0588485101643,76.38463718820861,15.654761904761903,107.57539682539682,80.1806216931217,27.409003107415803,183.965515436944,160.20291005291006,7.470899470899471,22.26984126984127,70.01143235071805,1.6870748299319727,8.253968253968253,1.5476190476190474,18.32142857142857,24.38968253968254,4.37468671679198,153.63574711281478,33.771541950113374,4.353741496598639,17.708333333333332,0.625,1.1071428571428572,42.21459435626102,5.7142857142857135,1.9342105263157894,4.8809523809523805,5.823192239858906,1.9444444444444444,0.5,14.722222222222221,1.7857142857142856,11.25,9.444444444444445,215.3249604892462,129.27992550821497,463.13616083860444,63.15575396825397,256.4677880748259,96.41547619047618,173.2286470143613,31.740398344345714,34.73015873015873,520.3856137909709,113.48103592314118,8.371428571428572,455.92738095238093,97.99027926960258,62.589226041293706,230.55573615411075,19.775132275132275,469.5689416994868,16.75974025974026,140.29695767195767,504.73701814058956,59.785714285714285,548.553802299365,550.8166257243638,117.95311791383219,339.29161561310684,109.81778010349439,44.657936507936505,18.083333333333332,39.99999999999999,9.523809523809522,1.25,20.663359788359788,3.3531746031746033,62.64616402116402,26.066468253968253,4.787698412698412,279.0871914635072,2.2222222222222223,6.428571428571428,0.0,24.77777777777778,32.4781746031746,0.0,0.5555555555555556,10.95238095238095,2.333333333333333,3.6111111111111107,0.9523809523809523,2.2222222222222223,1.0555555555555556,5.7936507936507935,3.3154761904761902,10.0,9.88548752834467,14.523809523809524,1.7857142857142856,2.708333333333333,0.7142857142857142,0.0,1.6666666666666665,0.18518518518518517,20.324675324675322,0.0,1.1904761904761905,2.8833333333333333,1.2222222222222223,6.251190476190476,0.3571428571428571,1.25,0.0,5.571428571428571,3.0555555555555554,12.499999999999998,1.4285714285714284,3.75,4.434210526315789,0.0,0.0,1.7857142857142856,19.126984126984127,24.023809523809522,2.5396825396825395,3.214285714285714,4.55,14.01914840010078,0.0,2.3611111111111107,25.34278155706727,0.0,0.0,0.0,16.238095238095237,0.0,0.0,0.0,0.5555555555555556,0.0,7.015306122448979,0.25,5.337301587301587,8.16326530612245,14.693452380952381,0.0,0.0,0.888888888888889,0.0,12.625,26.666666666666668,0.0,0.0,0.0,0.0,0.625,0.0,0.0,0.0,6.111111111111111,0.0,2.5,8.333333333333332,0.0,6.684523809523809,2.263157894736842,0.0,3.7152777777777777,0.0,12.261904761904761,0.0,1.0648148148148149,37.851190476190474,0.5555555555555556,0.0,0.0,0.0,0.0,0.0,0.0,15.500198412698412,5.277777777777778,0.0,3.7261904761904763,2.380952380952381,0.0
477.36889422306086,14361.50985516354,7.5,150.3618352644088,613.7087102031954,7.2181372549019605,49.30196886446886,169.27579365079364,8.403361344537815,246.41006093579622,165.8809678883208,194.87400793650792,887.5254128587461,166.56506769374417,500.22848808326745,110.52971548467872,38.868085618085615,6.125,29.595238095238095,967.927365866704,15.319444444444445,27.764745670995673,803.934857626034,10.972222222222221,2.0,454.6517512307953,0.9090909090909092,8.75,1224.0566545704896,1189.8420057593335,2266.1006204261603,3.333333333333333,89.14682539682539,165.14800538513774,31.681547619047617,720.1070367540956,34.9828431372549,970.9002976190476,27.37847222222222,18.75,2.0,8.666666666666666,10.624999999999998,1.6666666666666665,4.375,123.45090593865103,8.75,2.8472222222222223,9.40079365079365,10.909090909090908,232.59451312576311,41.603896103896105,484.44159765355414,14.187003968253968,18.462301587301585,683.4493539548686,200.6363503734827,583.4214740189004,3177.8828314724096,276.0653235653235,512.6708188558517,1093.059219043602,452.3165716529847,122.30699950920538,192.82589285714283,1807.9210509832556,1694.7232443482442,2.817460317460317,412.2223194833489,12.666666666666666,26.334821428571427,15.07966216789746,3.0,6488.780085529405,371.17551035565737,889.0524925866065,1777.7489211317577,39.54460572107631,3037.264299815865,9275.242931040193,430.68686685046976,1694.1612253308267,30.36706349206349,553.6373020361991,11.5,0.0,9.166666666666666,27.595238095238095,0.0,0.2941176470588235,40.55453696630167,0.0,0.0,0.0,0.0,0.0,6.553030303030303,0.4117647058823529,0.0,585.6843589417118,130.85869685869685,7.053571428571428,57.82142857142857,0.0,0.0,2.0,87.06150793650792,152.12012987012986,1.75,373.59335122938063,0.0,0.0,2.2916666666666665,0.0,0.0,4.999999999999999,1.1111111111111112,0.0,0.0,7.357142857142857,0.0,472.61538033045383,526.5924214674214,2.0,204.27034702769996,12.395833333333332,19.19642857142857,0.3571428571428571,1.0,0.0,0.0,353.7215537730243,0.0,49.86896804176216,36.51835317460317,0.0,280.4783827283827,5.928571428571429,0.0,0.0,0.0,0.0,13.333333333333334,277.2508806552924,3.4375,9.666666666666666,0.0,117.52383364638267,0.0,22.220238095238095,0.0,17.458964646464647,0.0,0.5833333333333333,16.483233065953655,42.58333333333333,0.0,0.0,7.142857142857142,0.0,0.0,0.0,34.66035006660007,51.153361344537814,0.0,34.18601720991427,61.76896591970121,0.0,11.38095238095238,0.0,16.666666666666668,200.14189514189513,3.968253968253968,0.0,0.8333333333333333,9.4265873015873,769.0780908977503,10.121527777777779,0.0,9.999999999999998,0.0,0.0,63.18841513878279,25.166666666666664,1.6666666666666665,0.0,1.4285714285714284,0.0,0.0,113.56724811136576,43.561778499278496,72.55408480408481,53.89930555555555,4.159090909090909,0.0,0.0,50.626488095238095,0.0,21.23412698412698,13.666666666666666
135.0647546897547,22617.400703780288,29.77713687752051,148.41183990939254,1742.921894785272,128.1342893217893,1059.21563020313,24.657467532467532,446.5047348484848,82.49003297070672,618.6360425690135,255.20374748708082,5563.4182514376935,31.567460317460316,324.80353635561966,11.11111111111111,0.5555555555555556,41.20551948051948,49.50291005291005,351.1265324181991,220.37794751544752,139.46120314870313,39.766955266955264,887.9777307081105,12.166666666666666,3.0555555555555554,460.9694472194472,533.4644004732809,740.4519686662544,3329.116236339946,408.7571044546851,33.31963869463869,636.4000799764482,7.325396825396825,139.42965367965368,49.99603174603175,311.35560874170153,210.82072012954364,36.12319624819625,1383.0179003503758,344.0412341439109,238.20391414141415,40.74455077086656,55.05555555555556,107.30667748430906,698.2283307223775,42.02068934963672,31.48333333333333,40.777182539682535,178.43331128747795,5.952380952380952,1.6666666666666665,52.62698412698413,84.91173641173641,88.38306878306878,173.84764397395975,1135.7361977690925,680.9675672361049,7679.226037861328,266.1912443063759,2712.903554425189,2595.4487760601196,2653.1223809626385,189.57826197478096,150.96362433862433,6634.1533872419695,1736.9277906321008,105.2579365079365,2977.036579887239,1437.6462092098095,1597.6048212821881,555.3199171199171,26.86111111111111,4260.5271571568355,713.3583821459524,1273.9972791177904,1927.5628210169834,565.9225649701261,2902.130466599981,5468.305253702165,664.4010736188308,2352.826887468923,1081.7814074327232,65.23934837092732,2.8571428571428568,31.04251283846872,46.61441798941799,1.6666666666666665,681.4302144865225,44.89930555555555,739.9032883102735,157.93290043290042,48.301587301587304,73.96428571428571,59.19890873015873,25.641233766233764,41.4054834054834,132.3436068659473,92.86658249158249,7.5,40.93009459676126,66.88280423280423,70.5166998034645,45.82142857142857,55.4176282051282,9.777777777777777,379.8413623413623,65.46428571428571,44.707837301587304,5.523809523809524,41.65234086900753,22.675925925925924,76.418430335097,54.87576312576312,14.907407407407407,31.704721204721203,12.617424242424242,147.6194472194472,431.8974794778592,159.8560606060606,6.407407407407407,0.0,0.38461538461538464,23.67893217893218,74.79444444444444,20.35185185185185,4.523809523809524,51.25811688311688,0.0,40.06283068783068,15.713397713397713,85.66666666666666,34.2063492063492,2.527056277056277,18.06878306878307,22.795815295815295,301.1532691165044,0.5,20.303075396825395,89.53505291005291,28.75587468087468,175.7630958547625,3.833333333333333,0.0,14.836734693877549,5.555555555555555,4.951298701298701,0.0,18.140873015873016,4.8051146384479715,12.200757575757574,62.05555555555555,7.7559523809523805,21.709876543209873,17.779761904761905,1.4968253968253968,123.28034767926071,260.5627578420364,8.407407407407407,7.26412037037037,27.523809523809522,18.374338624338623,16.324115212273107,115.43425925925925,22.368253968253967,751.414669655741,5.0,24.481646825396822,2.857142857142857,1.25,1.0,133.7609126984127,0.0,0.0,15.928571428571427,12.757575757575758,12.202380952380953,3.8888888888888893,12.402777777777777,0.0,61.73148148148148,29.50534188034188,4.722222222222222,56.39055389055389,28.15865800865801,10.741402116402115,0.8333333333333333,52.28836718836719,12.396392496392497,0.0,7.416666666666666,25.956024367789073,7.625,0.0,2059.6996814058134,5.0,214.9345238095238,0.0,1.6666666666666665,4.0
19.948646125116714,1603.4800834104972,3.669467787114846,11.946778711484594,115.18816811277357,3.0,670.3126984126984,22.083333333333332,109.04701133326894,7.711111111111111,119.51376198668676,30.07142857142857,587.7401628673149,28.06984126984127,143.35840108401084,25.083333333333332,1.2000000000000002,8.0,5.180905695611578,156.10515873015873,16.019418979713095,36.172222222222224,78.76314363143631,49.98592195498889,14.458333333333334,41.67857142857142,68.21626984126983,32.91388888888889,67.53390878090366,37.22286769780376,70.95734126984127,2.000700280112045,27.043070073557878,5.0,1.3928571428571428,17.79365079365079,40.95868347338936,100.92063492063492,15.246031746031745,113.60573593073593,3.442577030812325,7.429829655439411,21.431036941948367,5.0,39.12091503267974,19.28968253968254,5.294117647058823,20.166666666666664,3.333333333333333,8.776190476190475,0.6666666666666666,4.583333333333333,9.755555555555555,3.333333333333333,15.336601307189543,11.569444444444445,89.72681725303208,206.69548594050315,534.5417632093488,17.364612511671336,212.76863029764752,117.49104580856732,57.14005602240896,20.354111156657783,32.44444444444444,924.5043017419054,216.9521322241271,4.511111111111111,226.8958098375904,184.29568494064293,9.68380502607547,100.08968253968254,8.3,313.7904556944729,39.491482771970574,102.99585703718564,465.1866667457133,72.52264239028945,397.7999948759992,188.92593653623064,57.89420076973879,527.7012374276328,57.41425868593051,6.438608776844071,3.1666666666666665,10.833333333333332,0.5555555555555556,6.0,42.787173202614376,1.5952380952380951,35.93650793650794,24.88888888888889,21.30952380952381,1677.4213055700538,3.7222222222222223,4.088235294117647,4.289110644257703,22.25,12.484803116648958,5.333333333333333,0.0,1.25,25.833333333333332,13.586134453781511,1.3333333333333333,0.3571428571428571,0.0,0.0,7.408963585434174,0.0,19.555555555555554,2.5,0.47619047619047616,4.902777777777778,2.5,1.875,3.9989495798319328,15.666666666666666,5.7595704948646125,3.3809523809523805,2.0,8.666666666666666,13.333333333333332,8.938492063492063,23.488095238095237,2.380952380952381,0.3333333333333333,5.142276422764228,17.555555555555554,2.916666666666667,1.5441176470588236,0.0,8.083333333333332,2.0,2.5,3.333333333333333,0.0,0.3571428571428571,3.333333333333333,18.69047619047619,0.0,12.649659863945578,0.5333333333333333,10.0,7.6020408163265305,8.0,17.055555555555554,10.555555555555555,0.0,0.0,13.222222222222221,0.0,0.0,1.6666666666666665,6.346713658952446,0.0,31.88919022154316,14.784313725490195,0.0,20.028011204481793,3.888888888888889,3.7499999999999996,0.0,13.166666666666666,0.0,0.0,0.0,0.5882352941176471,0.0,0.0,0.0,0.0,0.8333333333333333,0.0,1.6666666666666665,0.0,0.0,0.0,1.2698412698412698,0.0,0.0,0.0,0.0,0.8795518207282913,0.16339869281045752,0.0,293.57146070303963,0.0,0.0,0.0,0.0,0.0,0.0,0.4444444444444445,13.619047619047619,2.5,0.0,0.0,0.0,3.8392857142857144
22.132215007215006,4706.4743917359365,26.59581389373931,12.425245098039214,437.1691693496398,21.302708974390477,865.3201524728711,51.89884198143127,41.12881690820932,32.017954450520236,819.3449628945592,98.09858827628435,686.7288944618251,61.93962039944182,745.3589051451971,23.720238095238095,0.25,1.953125,29.398489446283563,472.43086500487817,16.972290018948755,174.32526532368968,203.18538457049485,79.60442480063223,12.217261904761905,104.76371148692577,1298.1448482011092,104.18020782243839,196.6074043558267,616.6456367908366,238.53070496110357,77.72655618721318,142.7510240645966,0.9682539682539681,22.47278253406626,68.41780462184873,161.25738554940236,101.58523459222991,98.5422671261487,388.2759624200455,57.760089452447644,48.37124433106576,38.06728489840912,59.549778244631185,29.7718545751634,322.203879808579,15.232934840602907,22.595036499448263,12.956787260358688,55.514078213381616,4.679550049684945,30.67942176870748,131.6745783520745,34.72538925857424,22.82644547718077,152.04642096737683,496.99030654316425,572.310812048207,1408.6859908070699,133.6521600742493,842.8965636997132,293.59563447036567,550.9661943189567,9.232314036725802,116.85803203524897,3551.475183884908,885.1577007710314,27.243548366316222,638.7337372435172,161.54892153432345,204.7987908081893,727.3326029040107,5.514860110710951,2886.4698423353207,118.81501106888794,477.2313334754525,1622.7817127502249,600.7334849685045,1582.36382819559,1606.375295804536,107.58728927845293,653.6976031750223,175.07417650074382,103.2266406562625,19.878974316999525,18.4321923582953,12.783730158730158,2.895833333333333,80.98005011297136,71.66273706452277,225.55785214072338,139.08010620915033,95.80492401639017,154.55909863945578,41.143323996265174,10.523504273504273,7.844436612364244,114.1139414098973,47.994735015218204,7.7593370681605975,9.394491129785248,7.979166666666666,0.4230567226890756,20.99576956339727,6.053571428571429,5.638652390780874,40.00949009066269,3.7797619047619047,12.180272108843537,3.9174832413029006,36.28294094751138,6.96458810797046,9.0687656641604,14.775621233341822,6.569287802840434,30.31135531135531,19.22982804232804,1.1111111111111112,53.81912007227133,44.81098551860936,26.69403215831787,26.480158730158728,0.46875,18.253559757236225,25.8443198185707,13.008786848072562,0.0,2.028361344537815,4.559523809523809,9.138912762074527,5.714148159263705,2.46875,30.609962406015036,0.0,82.89970137957314,2.0050125313283207,50.44175648697707,8.733630952380953,11.486601691958834,13.446678671468586,8.384920634920634,9.613520408163264,5.204081632653061,0.7142857142857142,53.92575187969925,1.7857142857142856,6.919642857142857,2.4058441558441555,2.083333333333333,16.77871762740184,10.71813725490196,0.6994047619047619,14.547560690943044,5.411931818181818,0.0,0.0,16.399885522390775,66.6330277725125,17.677350427350426,12.650974025974024,8.75281954887218,92.60290552701267,0.4411764705882353,116.41459491143938,8.339923469387754,0.3333333333333333,0.0,7.771219851576994,0.0,3.6904761904761902,0.0,0.0,0.0,24.404761904761905,9.81798552754435,0.0,0.8843537414965985,0.0,11.982804232804233,0.40625,7.0176091269841265,0.2040816326530612,2.043067226890756,11.399572649572649,9.19203169072507,38.0980300336918,7.0476190476190474,20.31032733575135,0.7142857142857142,1.0714285714285712,0.0,7.020408163265306,9.527571156054128,2.2857142857142856,388.9544425333204,6.2455357142857135,0.0,2.6145833333333335,1.6666666666666665,0.0
71.93711459891426,20144.110518095717,188.26936320864772,85.37935696471716,1801.468181703188,92.62442472853657,3975.097400203321,37.18066987228171,434.1422198787911,172.01806258852181,3637.925595205105,706.5486019009344,4691.548814726467,348.498758232054,2529.7260090822497,461.17373887593806,22.852971102971104,73.64942504498426,153.28566574464406,2702.2156246904797,90.98857189602934,1192.5935583614921,1274.7944029671378,636.6676500204373,48.10438560481664,165.13149277193395,3082.7900370049565,344.60695565561946,1377.1138349463092,2483.1529667007926,1003.9515448666224,283.7630197467078,559.3387955381899,5.37588065529242,151.04463328560922,374.4907533986481,993.5208871101482,665.7180677553199,369.31070185547736,1588.8067148598868,196.59849969924565,335.16796249097297,156.79380706761705,235.40997815394098,223.8228664445576,1967.7822091734683,96.73591865135208,325.71753051758503,65.70176156832503,424.838555683919,59.153987129141925,99.26417448292449,469.28630050309107,102.64491484034828,94.4894174868246,699.5647886366705,2292.11884847741,2099.3287814748405,7570.890125194893,1081.0862927109408,3113.9153764689654,2203.7080029277063,2227.697733799088,212.00362044827204,1130.7521877027586,9632.42167175999,3670.185990855408,69.60381881154908,3785.2029060727928,944.4040897702919,1001.8426275148545,4421.382557942694,48.91599604041867,10910.734408460572,679.2792744688369,3795.6462748423955,9353.2898849226,2281.4525275550545,6654.395472251115,7981.254703464505,1310.621059049199,2588.9920151386564,1104.202244025754,488.1571080322853,61.548979586518286,79.67248644243612,62.168981946845726,8.59567004632794,314.8258734894131,164.78400718409748,3367.735118988644,747.5945270095112,283.03968047852686,252.40732879391769,66.98396708497327,24.992343913396542,148.28051009926256,556.316305368608,261.9448726139129,15.210844438785616,55.0358393259838,37.89765680226206,88.56129111757981,129.99323827330792,29.641040100250628,46.42285688454419,247.5560958935572,50.39156920077973,43.950563487844185,12.130374119344708,135.2483441654899,57.16606442090188,43.83473330409605,49.0143998417599,79.97324276600592,33.50566845148889,67.37966116271069,13.202589807852966,298.59777611207335,82.07283957442627,43.69041800493413,39.7596488392928,17.726453081232492,286.5605430402644,145.35892292190667,45.52513227513227,3.611111111111111,21.13266622438449,19.42367195537052,20.59885178819002,31.70688209494324,41.290188297541235,186.0264105428837,5.794677871148459,96.23738086042975,1.5789473684210527,189.57101602904444,80.68702731092436,32.28842526754291,49.449298826388606,86.01770009122451,34.502656041665865,22.763852813852814,14.35332503371719,370.4426752635786,21.214285714285715,26.21895141895142,1.5126050420168065,32.89195566435468,23.569223985890652,29.731430477560508,67.45757261744103,76.69497272593247,6.119002525252525,4.901960784313726,23.498809523809523,57.099036777635845,80.1055926357784,55.816037666037666,20.80226892990051,21.763464167411534,253.59525474787986,16.38780195839019,471.27657631883835,119.91031935900357,60.27926138708623,27.343831588579487,31.418206975772765,4.158974358974358,22.291866028708135,1.8333333333333333,9.413580246913579,16.583333333333332,29.207535885167463,50.316987321244284,0.75,13.651773335596864,5.413324979114453,36.7469992129083,6.24419714057872,52.891735731373885,60.81004588728343,12.939169000933706,81.73094948280706,40.18669529099945,132.29143102482885,36.999957000344,41.96562792499325,0.6083333333333334,14.796918767507002,33.441290455576166,31.025446775446774,15.811202935351542,8.416666666666666,719.2421901757386,717.5044197897332,22.305555555555554,22.42278439153439,1.6666666666666665,0.0
343.8531026075618,24263.2328693492,62.09868166250944,309.51013791731623,2278.941571107371,169.23068935457673,1090.8534814620666,290.98885679466036,156.4359710466654,604.0272437424785,3945.603774980099,850.4911424994887,4383.420071198676,336.8032068246879,892.815817725053,125.10678673178673,33.559715821812595,87.70656700146831,106.46582086500817,1395.4708782901025,443.5204089144791,604.6509647449774,407.8784871204666,1436.604660824871,359.206355057112,821.1609202226288,874.6647161662494,1051.6636348822467,2957.5086792780253,2650.9402645692558,1132.5751922560237,104.18457901224853,1842.8758689980525,46.913245756200745,169.48211614318978,719.5145632773618,908.1374585642038,593.2376454269313,376.6017057417986,4775.904024577632,885.9043006494618,465.7526684058704,369.843680783717,212.35095225196218,309.6149508536699,573.074687290166,268.0789961603867,127.52154528478057,91.57882816666259,86.39866944296769,34.658400304730804,79.19650587507729,222.0751671294319,447.8181866257524,301.8198428653758,382.187116587383,2372.891279433217,1864.5885191147843,6780.7722085659825,617.1508630448734,5086.179365930715,1850.1114080271118,2576.5632094820635,1760.2610571173823,1053.642576439957,8205.39780600668,4147.288578414433,496.8923982932555,3440.5303969073493,696.0574696943146,3189.4772255556136,2241.554057183564,95.5888113818095,7302.430092839904,1097.1842847261637,2766.9378516444854,5912.675309577192,1269.300900132022,5934.4070891766905,10116.597593767647,1977.1721358428617,2446.9037681488485,3326.6214934166333,189.64007821352968,335.62260092357394,154.07440565969978,184.77769942092985,23.157738095238095,983.4755609496949,110.17058731932003,203.66934434336855,189.39373354472036,138.79032471554032,899.2479326851176,100.78346612955681,298.3872803604036,161.7985983089408,127.12298601739391,443.3132138186178,25.6031746031746,206.4830783023316,85.12047965528173,37.136882491537044,127.06674695273766,39.64523809523809,69.57650865216654,245.1071518423243,107.8183701976665,334.98786426526794,125.72081821052072,448.38175446091554,425.4210018969634,79.65378679962014,220.1009450964808,84.10881177093583,116.45643708143707,56.84521921345925,196.6783103062515,858.1259917260489,106.7505255709203,77.49452701348305,114.29448659805801,6.548295454545455,37.87847222222222,243.58939893474667,185.37522295825866,28.16197691197691,127.00831113331112,35.891612288196725,253.14497886372885,172.19050107470127,40.84747823860727,53.090356277219605,33.65151515151515,403.17501657970394,74.58442434758224,475.4403931769517,42.66958807716635,44.950146579610866,307.14092981183825,43.59936098759628,566.748364649119,33.26182626896912,3.095238095238095,79.88179181929182,95.68478380085523,163.87727272727273,7.968253968253968,61.927877677877675,80.46414485449573,79.20927881642167,68.73918311377989,62.31565371949987,157.74480419272086,200.71970578327327,26.874568563057405,495.1334863771191,459.7458525916043,23.96927146927147,33.38238902398566,26.405948583580162,112.65937508667717,79.98335553335554,296.54149097186547,22.814809914867517,48.81349206349206,99.35059235426883,39.94872949179672,89.40531459895786,7.771217357910906,22.34172368849788,10.473679546260191,8.627701080432173,34.01232101232101,40.914124764124765,15.59543010752688,55.123408337694045,12.253114866018091,51.80753968253968,13.352678571428571,64.05563921858564,31.753064395921538,22.92020202020202,262.02660993690404,67.77130556033507,56.96164021164021,65.49288048552754,45.77378951805643,40.84480135249366,9.21031746031746,65.32473164090811,160.67206933278362,22.82497034735999,6.196428571428571,458.2227485173209,22.001488095238095,39.37247474747475,11.730259324009324,18.334387834387833,3.6111111111111107
11.174603174603174,4577.296061604655,20.910714285714285,5.996031746031746,323.2194616315584,10.841269841269842,35.51893939393939,40.36704227145403,7.379653679653679,38.61111111111111,969.3033459201142,113.00712759462759,569.7634476634477,277.7804122047543,347.4656385281385,40.77878787878788,148.97408863066758,8.583333333333334,6.002453102453103,179.33664437414436,130.98929958929958,66.39833505866115,91.22700216450217,38.58867521367521,29.458333333333336,60.88449975949976,0.625,119.04015706515706,276.1225325736355,595.0604814054984,599.3502199067989,6.027777777777778,233.64020165658096,4.166666666666666,224.203182003182,31.68611111111111,495.6706349206349,89.33531746031746,18.98968253968254,215.00041625041624,42.45225996902826,115.60013227513227,9.696969696969697,6.6798941798941796,21.517857142857142,45.78787497905145,4.987380674880675,14.404639804639803,20.027236652236653,5.65079365079365,21.995421245421245,14.737301587301587,35.38534151034151,13.714646464646465,50.68943903318903,113.55101010101009,252.50504670767828,477.39907899834367,1279.9182635198938,74.18568653568653,580.3499333201919,305.30846377093167,126.07482193732193,168.28466302216302,828.0930908548186,726.6861360780066,246.34116947866949,22.954545454545457,361.64782287429347,24.125,116.49857781107781,154.75588023088022,16.977633477633475,945.7374575623734,335.27892042597927,228.8680143930144,1078.2136844092727,70.22772034728555,1685.5527884666003,1426.4413894071022,1403.6660862889123,160.99269247777312,59.2490943267259,160.1012990277696,27.785954785954786,2.2055555555555557,45.03721278721279,2.022222222222222,42.44047619047619,8.773015873015872,0.6000000000000001,9.242424242424242,11.902777777777777,6.537037037037037,2.5,0.8333333333333333,17.650793650793652,1.25,15.17361111111111,43.80955155955156,4.6581196581196584,15.787397787397786,10.333333333333332,0.75,4.944444444444445,2.5,31.513227513227513,7.322802197802197,27.216269841269842,2.5079920079920077,5.660416666666666,5.347619047619048,5.805555555555555,11.03125,2.4126984126984126,2.5,5.833333333333333,29.18792989417989,0.47619047619047616,0.0,0.7777777777777778,9.799603174603174,1.9047619047619047,7.259259259259259,1.6666666666666665,9.194444444444445,4.880952380952381,11.416666666666666,34.40873015873016,29.449404761904763,10.166666666666668,11.85515873015873,7.0,9.777777777777779,31.74722222222222,0.3333333333333333,121.65079365079364,153.08441558441558,3.958333333333333,6.176587301587301,40.81600529100529,8.412698412698411,34.49134199134199,7.698412698412698,5.0,30.917989417989418,7.708333333333333,2.5,5.305555555555555,2.2222222222222223,4.583333333333333,11.46329365079365,5.285714285714286,2.083333333333333,8.583333333333332,4.328282828282829,7.5183982683982675,1.5333333333333332,2.242063492063492,4.439560439560439,15.736291486291485,0.7222222222222222,0.5555555555555556,1.5656565656565657,1.0151515151515151,25.1031746031746,6.773504273504273,0.5925925925925926,42.9646164021164,0.0,59.80952380952381,56.79136141636142,18.03937728937729,8.333333333333332,0.0,3.4737762237762237,8.72420634920635,5.0,0.0,6.666666666666666,0.22222222222222224,0.0,8.305555555555555,12.895833333333332,2.0,0.0,0.0,0.0,1.0,10.81382275132275,13.044184981684982,29.050294612794612,6.45952380952381,8.125,0.0,4.583333333333333,495.8679653679653,5.625,29.291666666666664,13.696428571428571
32.23172198172198,9240.11978704952,3.9534007659007657,57.65754037629037,868.1675983831119,19.93276062173121,14.129785674953741,79.80090010504449,9.846382657746293,86.61624135941614,486.91231539147526,150.88427403370568,891.9056442648658,36.29028940459422,283.4717935413645,37.604031997414346,185.20443858331427,14.56965761511216,19.20759768553886,523.1858204062906,116.72694711532962,87.25751371091928,137.4770149011635,180.61460778773613,38.073211875843455,50.3071234692224,7.5966386554621845,213.63182900712025,765.5915666335168,311.155453311144,383.89479910527467,4.354359925788497,231.47171090903376,3.5365079365079364,132.77386869321174,52.754978354978356,64.43115438235759,211.57376466350587,82.85987253487254,816.0449127765447,209.46416528864546,57.442810022221785,16.144383394383393,27.01584656084656,11.922529342315437,76.224276540453,23.892183302686497,3.186253561253561,60.183340110979984,3.9213980463980467,25.591269841269842,4.618685919343814,8.57242883379247,25.863650238650237,46.904324188115446,207.16518475980155,252.4154984096843,471.09127327468167,1343.065577447121,119.63098994869131,937.9249701364582,395.7826470925912,864.2902944015156,6113.680172570297,634.0344109548178,2824.826717942814,381.34336856722155,66.15570981207345,617.1476212866532,26.46956168831169,139.44688359026594,99.3524517372111,141.36333088411092,1967.0710494840582,235.19707848185797,607.3246711235101,765.2442094219637,108.61144785049005,3424.000930819227,2609.193126412146,1535.683830656716,434.37092498194016,388.8187647286155,90.10350453801793,3.7208853238265003,2.3367211071756526,42.51108020806163,3.2583333333333333,265.1670190803594,6.613013594592542,1.1245004995004995,17.9460999240411,11.76783896275003,49.552287581699346,34.996654661128346,56.536297036297036,29.00792748917749,12.58080808080808,37.04989618224912,9.496574014221073,6.687894673020723,15.750878271195608,6.57142857142857,8.692640692640692,3.7973856209150325,0.6260822510822511,378.37007975896114,8.461167800453515,39.20583326366166,26.334826966405913,66.49732466483803,41.69766081871345,32.78658785648202,13.49846681096681,2.5,6.617424242424242,3.0357142857142856,76.29183960721394,165.74247270442922,32.09289321789322,11.080021939705734,5.994949494949495,12.572150072150071,11.064373126873127,3.116883116883117,15.322809135309136,62.27375921760948,9.791666666666666,7.793608016928175,25.60868424504788,7.99392420445052,14.708333333333334,9.144759281122917,5.34018759018759,75.15648289618878,1.3636363636363638,70.61091563665093,0.5042016806722689,1.4393939393939394,47.00532685794834,38.416838553603256,15.565042100756386,5.339285714285714,1.8181818181818183,0.0,5.764705882352941,1.5,6.932359307359307,17.914252414252413,63.36032082890372,0.47619047619047616,22.615918803418804,4.428571428571428,6.1119047619047615,31.46769896769897,12.226457752773543,16.952402172990407,32.887550194903135,6.798611111111111,25.356075604796832,1.25,14.476880826145532,6.2272727272727275,0.10101010101010102,4.199675324675324,8.435441370223979,11.969251336898395,10.698412698412698,83.17266435953049,2.2088744588744587,53.818132496731565,28.607602364955305,13.25,2.272727272727273,25.506705712588065,0.5,37.33195844559481,156.83668631627557,0.6926406926406926,6.394406247347424,6.2936507936507935,6.589743589743589,9.707107435048611,0.0,9.678571428571427,2.5,0.0,7.290764790764791,43.36846060093898,33.494194532588246,11.289954165358049,15.629387398103976,13.416080558097365,1.158008658008658,41.992176585846664,0.0,11.666666666666666,0.992063492063492,1.0795454545454546,38.867881602401724
48.09118350880477,13157.036714902555,76.4024621739534,50.20223351697036,653.6226608097714,35.954618398839244,1707.9464162082193,21.80453475286011,513.661517215155,328.2683407665606,7598.532791779709,466.2162108178538,2143.108077468158,20.81650125760033,480.77445252569737,63.88420806919259,9.558262108262108,24.933851869378184,20.616323953823954,1142.2072499829,10.387256018834966,622.4427255006202,253.1706112801314,237.73081085151517,30.490811965811965,47.535049373284664,718.3048532736614,195.38298304668757,843.8450957904698,2440.077557716837,717.2197849463228,234.73177886784697,269.39750408785494,24.41467192937781,186.4421046146419,220.08928583456446,395.236806515984,312.44841680858127,587.1473153795522,648.5835094240261,95.90623655097339,212.20869961018735,69.05309485835802,113.42142952077162,25.133634591529326,1016.6796911406725,27.85095238095238,103.80994120402015,22.960816563467493,190.26401147585358,124.713949013949,14.757309941520468,145.06878793720898,44.14719374193058,83.42887482553375,443.0359342660168,918.5264802198958,1040.1590778806494,4599.222516317517,813.0212502980398,2363.3534612958665,967.5025626587417,722.9846237843714,129.96062787607053,602.6749135388023,4400.059160491864,1128.4614520606751,31.486426536426535,1514.8425747483798,200.34860256702362,303.64363583756,1305.5526938878747,4.608946608946608,6672.575640275621,1217.1293376923463,2304.6111984537747,3907.535038797567,2230.0774107029724,4105.487555276375,6099.867299530675,1395.9952770251964,1686.6729025075097,645.5372612509609,121.95055604583467,7.317916002126529,260.5762282924048,112.26181987946694,6.589659494845254,85.16555186667968,43.07189067955322,1100.8389234609724,296.1296724161386,105.06498910446278,4.090909090909092,11.554321409584567,45.735624958212675,349.33981231302516,300.83845957319255,208.05292508011806,3.237585943468296,9.873547505126453,48.08326907011117,31.660512752927612,56.27374392177023,23.662593984962406,16.76904255588466,74.89162932583986,19.27742968532442,75.54920284393968,15.175282234105763,127.8111746278413,49.38401072611599,55.06265557359308,70.40935191351858,19.910448469658995,12.985779406161242,29.32713380673907,21.087015653192122,807.9629586683158,41.810076960076955,23.743006993006993,62.824929971988794,17.745607333842628,102.83764671001514,48.54229658370525,21.042422232050715,3.261904761904762,10.81453634085213,25.14271560443809,58.50835101717455,0.9473684210526315,25.966853408029877,50.22561604202471,8.692577030812325,111.7081130370604,9.526315789473685,218.41926280243194,21.581746031746032,61.07328023828024,10.037280701754385,22.365093021014072,9.060481331533964,89.96233766233766,9.572517896047307,230.01336485152274,8.685496420790539,34.47598605098605,1.469123033828916,10.83876357560568,39.416008882892,13.871679197994986,138.66071663067277,5.919242550821497,1.9191919191919191,6.3864962651727355,31.174337899802296,11.982932880959197,30.14517353991038,64.24892711455212,11.791311486357925,3.2507974481658692,99.48077358466935,12.251851851851852,1186.3725686794571,43.7422913343966,172.13011080715208,112.08631508547475,9.193476114528746,12.41602564102564,14.665945165945166,1.9285714285714284,0.125,3.0,7.373604465709729,10.846757044125464,2.4803226608782163,27.928429957841722,4.20843776106934,31.18856262109103,2.6363636363636367,20.21726665147718,20.734166133739997,8.339342574636692,7.5173558897243105,22.910569105691057,117.5880205564416,1.0614035087719298,31.656310201666237,24.347967772967774,6.040955776249894,49.350663364761104,21.82664557664558,177.32354350896017,0.0,248.1496178248423,95.01775271512113,0.0,7.087301587301587,0.0,0.0
95.74335812037424,13944.602684353622,45.361002886002886,183.72794117647058,1721.982854762989,113.61576617826617,2585.0119883434704,10.0,138.8004346153752,182.9550615449915,1804.6359286407062,511.9679532212427,3037.3149632070326,87.9375,1414.0495688991064,160.62896825396825,24.349025974025974,106.525,42.38159983291562,989.0712842906148,76.08333333333333,723.6475197194569,204.02882990397114,823.2405051542731,57.55833333333333,26.81806526806527,1024.1407655765258,327.67456591544027,1554.3094984019756,1964.011571544736,241.9364152126249,111.31704598506069,244.50286210975617,2.1825396825396823,86.15003052503053,13.608630952380953,463.1940261192196,151.4332264957265,53.60794413919414,880.8942732439835,97.81877917833799,120.24350649350649,62.18014705882352,84.76006499090865,24.770833333333332,1249.4462296255128,133.54182330827066,136.65811079601403,52.90760971055089,94.21967020051385,3.333333333333333,23.398809523809522,123.23238881216822,31.218984962406015,57.56048387096774,248.4785092819367,975.9228108707598,2196.2124894712438,3326.375986311939,752.4464401413998,2155.8244499206407,940.9179240526277,1827.7028348517597,305.02939924817287,346.77935564718246,4981.972417938731,981.7462382781353,58.49634502923976,3117.380154040742,104.7581755050505,314.247294442099,1653.7683142688838,19.72989040529363,6835.716772239477,500.5913771132936,2547.349039917147,2560.0748816985433,1684.2349671547395,4479.393037611157,3626.5174655805554,723.496712583427,3397.608480142749,456.1822888197114,227.70728869929408,7.3125,98.20951617826617,19.017857142857142,9.51388888888889,118.91664349462982,64.08006291810472,1210.3961487060267,467.2740881877979,53.329365079365076,695.8442947927615,28.458333333333332,57.09602815485168,9.283730158730158,321.90127245475543,132.38139270859858,3.7499999999999996,32.97714424951267,9.937910524011093,61.87067026540711,49.33482142857143,4.00297619047619,13.657329877724614,35.01516846514912,26.065531475748195,38.409774436090224,1.6768817375435023,15.125,16.916666666666664,107.32571010860484,94.05565064735572,18.376984126984127,33.46825396825397,28.689950980392158,15.84375,51.65540271132376,18.333333333333332,15.0426267281106,0.41666666666666663,0.0,66.26248685202826,0.0,37.27704678362573,1.1111111111111112,9.553571428571429,17.916666666666668,33.515151515151516,44.10765460030166,9.427083333333334,59.04861111111111,3.6111111111111107,10.625,0.2857142857142857,75.89176855827148,5.729166666666667,37.88919413919414,9.392857142857142,26.28429684115168,75.2338285229202,0.0,0.0,59.00568181818182,0.0,2.185185185185185,2.5,31.923088972431078,0.0,18.781179138321995,11.38888888888889,35.129960317460316,0.0,0.0,44.541666666666664,25.308373917748916,9.117063492063492,105.21339285714285,2.5,23.5172691343744,164.81657860113742,2.8571428571428568,255.08565209473716,120.16282894736842,3.9285714285714284,1.5625,8.473214285714285,2.2222222222222223,15.913220551378444,1.4166666666666665,5.0,2.0572916666666665,29.375,40.818556808688385,0.0,0.0,0.3483709273182958,5.7351190476190474,0.7111111111111111,0.0,41.63920063639491,3.5416666666666665,6.974067599067599,9.375,28.69097222222222,117.66666666666667,12.29123164417282,0.0,0.0,0.5555555555555556,0.0,8.333333333333332,0.0,198.87214027157913,54.77777777777777,7.1875,32.20833333333333,5.0,3.333333333333333
592.4253272369219,107408.09170693046,40.143852447963354,354.20806423651686,6843.85004796838,94.5888128088672,866.8469865526113,1073.046487776955,372.2205069789136,880.8956991746904,4208.24129116688,1013.3163461031666,6397.767693804186,2634.929138762215,2452.9545285350514,837.7856798666039,8280.082882053639,120.87674270672642,61.35900118400118,3016.297761147948,1739.8185938500778,683.6845820632353,3376.799203190702,461.0285026201404,226.4908883278876,446.7787686466616,142.44769749366523,1346.0962042713559,4990.193894153637,6241.031793296289,6750.651141713084,81.5172085523696,1641.2605493415513,49.56130233071023,1190.8010453816014,450.95264039079825,1460.08551283337,5018.607358951389,517.6018435161043,2254.6120099690734,534.2339106210151,765.9728942970536,119.53496503496503,137.41186996308912,156.36672240757488,360.5175622609231,73.54515135231458,74.15900614330327,291.25734613341734,50.31766885075709,270.2351851952395,591.3505468005297,437.00396584594915,164.56852441451227,706.3998150021537,2005.758962062537,3422.973456812998,2424.7753594422334,17939.747084805484,1210.7954782925988,7211.965770601732,6964.806937616272,3287.4909113113226,18814.568353443552,4197.924091088248,19078.775913681013,3632.5698166706006,280.8605307194371,5016.893103284137,623.7227989792767,998.4635061975167,579.2154333310963,568.0706048174584,21627.35078073945,2661.1882115156936,5258.153262658142,6927.215907582654,1083.0093221364734,23435.77139505621,17330.31491496151,32576.079288755845,4302.3809899151565,564.1411161492196,1887.6574984063975,439.84721853306564,35.41900684871414,550.3085401394974,134.46435588764356,377.9378601904792,27.612991261173622,46.331019088819836,38.50937229981348,25.796498182318338,660.8876553223396,105.7684494699085,135.43655267562755,758.485643303625,20.522837725140356,207.22692045380438,250.36515456140802,428.06466218484,63.8798908186657,45.57790346198515,41.18900543900544,11.697365270894682,7.442946351034586,909.4240764620914,209.97117200445874,380.8615762557154,399.5196786875567,401.743598178377,98.723542520387,114.58371490977893,116.37201449865923,32.066544566544565,36.26513764013764,23.671212039155588,473.1699890936559,233.1585111696821,127.39827019385842,133.0844496377523,530.3830933882052,89.98365970256037,10.122870793923425,112.52898762457586,75.10456995909583,387.73773726273726,45.36138861138861,352.0159493488022,97.90819466481231,23.358806226453286,155.66986430447056,17.745639963381898,186.85001156251155,192.19592032411467,13.192196692196692,954.9420885270762,210.8717066983196,9.785492285492285,248.5880655880366,186.24088381661912,97.20136416631729,232.09838772338773,156.5806277056277,33.890588578088575,156.44771754051672,96.14399489399489,370.8451859863753,51.45965420888022,511.07516440674334,5.455350205350205,149.67818979109302,67.46955750801904,138.18479706567942,174.7140177811431,236.1363239777281,64.1224873047937,80.97174525579308,88.8587311993562,136.4432286067506,17.688991563991564,60.000590240291125,397.3018489235972,43.02559428875218,41.14840088227185,603.6919677972363,233.75750517255935,7.8899711399711405,2465.650408273649,11.148446311752764,2120.6962087815054,411.4147277980295,314.1079261132595,50.86888111888112,18.104907510789864,114.04863916742474,227.02999745352685,973.9927701149729,6.059895833333333,43.42442696192696,4.337606837606837,15.295472756410255,139.3379011375335,66.54834401709401,1.6089743589743588,9.075757575757574,114.67338217338217,28.307239819004526,390.9592074497877,401.71216869069775,350.68104968013625,254.3548470506747,102.7760827348961,98.8482350982351,26.80611840442403,12.916666666666666,1082.915018637287,52.128063289355104,114.80205986823634,1387.2390364541159
231.608757981307,25548.566344452734,34.77020202020202,169.35241056583504,1559.2485264011132,167.73630580888644,470.20786239903885,57.3980762594893,286.8947543923034,164.82704142262966,2189.7112651236694,548.7388103306646,3280.5791582242055,491.66101121006966,669.7724060287013,160.18482832956516,854.0307765655988,20.177045177045176,20.511904761904763,1279.6178913290457,417.13306592153003,343.4545408295408,471.34396932616744,438.5050124167771,55.05428367928368,190.41374311962545,87.58934583934584,519.1770685774169,1827.3600590638387,3761.958400919775,1301.7848381832614,62.98575617325617,1051.5601107019638,18.9259768009768,225.45956407426996,166.05398028416963,351.2066274321176,1071.551456023424,59.5025960451657,2653.912099425915,693.2225135488293,231.50912975912976,64.62587893344472,81.12544228982586,77.26190476190476,187.17943167943167,144.75392180283484,35.368608074658304,127.6282934508741,37.197811447811446,78.60629892982834,26.366013071895424,172.0228475228475,107.8119658119658,141.42780972037937,533.9683895853235,1297.4367928847923,968.808526317537,4559.935030673523,295.8240195715686,1835.9734748803537,1479.034731186249,3181.485693842682,6336.98091316369,1118.9675393262855,6278.980373211458,952.3078425810811,120.16439342984997,1686.2968052778886,270.7052528234936,397.81711464588176,478.51430976430976,155.90874768506347,6585.663541312223,722.0145380791665,1452.4545915350502,1798.790575459604,892.7623809285119,5331.814872996231,8538.82021694811,4297.680163720483,1098.7818544105437,870.024742590919,351.4300545545138,12.293203371970495,29.333333333333332,196.72736985236986,15.621290545203587,345.91633864433027,54.059438927085985,168.63416213416212,132.81594794094795,16.261904761904763,172.1642275349172,68.52515169847294,132.60484526931896,35.255494505494504,41.861111111111114,119.16003441003441,87.21897546897547,134.7494302385816,48.68783068783069,24.317099567099568,37.07509157509158,33.78373015873016,13.761904761904761,351.3859647755964,50.27386502386502,257.84540482194944,80.56782106782106,326.7833573661747,170.47988122988122,36.08333333333333,123.77043558293558,3.261904761904762,2.5,21.12851634625828,78.05267281737869,425.84863763574725,33.439153439153436,100.21645021645021,95.42857142857142,26.055611055611056,25.40909090909091,0.0,68.30128205128204,150.8139083139083,36.53113553113553,25.166666666666664,139.08720446220445,46.51896059593428,24.52031302031302,11.416666666666666,105.34299469593587,91.18022663610898,12.685185185185183,347.2468260155028,19.50036075036075,10.684523809523808,100.41327397990194,31.759663042271736,157.75018748393362,44.83382140735082,26.049783549783548,5.0,69.68614718614718,26.285714285714285,18.780144806460594,12.583333333333332,115.1506549006549,15.86111111111111,48.978603096250154,35.32738095238095,46.0975135975136,46.275853775853776,13.548701298701298,108.42433218749008,154.75540064970843,24.047619047619047,48.47644018094837,8.452380952380953,178.54617604617604,75.20748841801473,67.09004884004884,23.908730158730158,23.317460317460316,14.239010989010989,17.25,250.82307771593486,2.3958333333333335,101.13054751406145,151.7300616050616,21.34077034077034,39.361111111111114,18.001221001221,20.69642857142857,47.76693628009417,148.7098942864663,5.714285714285714,2.5757575757575757,8.084415584415584,25.404761904761905,18.61111111111111,6.583333333333333,24.73739495798319,11.987484737484737,51.61111111111111,6.702075702075702,39.34804815067973,49.157647907647906,43.34903397124697,80.65596331772802,11.746031746031745,17.51984126984127,91.9534632034632,15.238095238095237,35.56442005706712,22.916666666666664,25.944444444444443,104.89931900769496
0.6946386946386947,6202.674641566302,5.110722610722611,5.60693330362448,207.42526075490946,1.9369172494172495,72.48611111111111,623.0461762967568,48.5281339031339,45.29644660894661,161.13372044622045,9.79522792022792,157.24804918288962,23.61938500096395,78.22674501424501,26.786541167527144,155.16856085720562,10.833333333333332,3.333333333333333,75.69097055180202,137.3496123741267,21.97039072039072,35.4228440977667,38.51443001443001,1.1363636363636365,19.083333333333332,9.45679012345679,91.23244284057873,68.08029058258013,613.4899820767467,378.2309046302854,8.75,26.24594645550528,0.7777777777777778,26.26849441408265,32.87698412698413,26.847846597846598,540.3075304382396,14.664902998236332,31.52947746697747,1.8614718614718615,164.0584831834832,9.816197691197692,6.702380952380952,9.37037037037037,5.333333333333334,0.8333333333333333,0.625,3.3031031468531467,3.333333333333333,2.083333333333333,6.892097264437689,4.833333333333333,29.842587967587967,35.84033421337246,26.87847222222222,168.1032121473298,115.98818980726875,2761.354794742417,24.73038073038073,372.7705805904335,143.40582648974592,164.76903651903652,315.4408584001386,377.51205044955043,1655.452768684588,672.9299883696168,6.136363636363637,582.6273027654606,11.68674136321195,60.79483479483479,32.04184704184704,5.694444444444444,1153.7795030679345,68.04113250858163,376.36795226368184,1068.8927185947484,291.7160296479518,1241.5250818128898,430.0914691965464,2019.177344102376,362.3381928355333,6.154401154401154,78.80557677616501,0.0,4.166666666666666,5.871212121212121,6.0,29.625069375069376,2.833333333333333,8.933333333333334,11.777777777777777,1.1263736263736264,16.62037037037037,3.333333333333333,6.117647058823529,225.2960189691473,8.873015873015873,2.8472222222222223,4.442209189549615,8.134920634920634,3.8247863247863245,9.133333333333333,0.38461538461538464,0.9259259259259258,0.0,7.058572146807441,15.803030303030305,2.2053872053872055,11.07103952692188,33.7037037037037,1.6666666666666667,0.22222222222222224,6.277777777777778,10.0,1.2142857142857142,0.0,7.197075800016976,6.25,19.003080253080253,0.0,0.0,2.708333333333333,0.0,1.4285714285714284,0.0,25.0,0.0,13.724292615596962,0.0,0.0,4.5,2.2222222222222223,18.264069264069263,4.166666666666666,10.701987406532862,26.709720834720834,3.333333333333333,0.6666666666666666,1.9507575757575757,3.142857142857143,0.0,13.787878787878787,3.9583333333333335,10.76923076923077,0.0,9.761904761904761,6.344666066256975,0.0,3.333333333333333,2.0634920634920633,0.0,0.0,17.471861471861473,6.765188834154351,11.5,0.0,0.0,0.0,0.8333333333333333,0.0,1.04235347985348,9.030375652716078,0.0,0.0,20.208333333333332,17.401960784313726,0.0,52.09722222222222,2.2222222222222223,45.7107991409462,12.511904761904763,2.4567099567099566,0.7692307692307692,0.0,1.1964285714285714,3.3333333333333335,12.685185185185185,0.0,0.0,0.0,0.0,0.0,0.0,0.0,0.0,0.0,8.472222222222221,6.343434343434343,1.2698412698412698,2.7976190476190474,0.0,0.0,6.222222222222222,0.0,0.0,19.357051516258675,0.0,0.0,24.728535353535353
40.766666666666666,6001.280498780823,5.2243589743589745,56.80631240905213,367.2077327102459,15.997017537257262,30.48801490906754,45.70439976689977,14.258250311332503,110.83686406186406,284.27539795313766,56.19785782457015,746.1554509670948,32.624363243227656,329.427907000407,84.11662319162319,287.20064988130775,1.777777777777778,19.80026455026455,377.0912143412143,111.84493746993746,115.78888888888889,171.50058442318715,15.328282828282827,10.8,41.55304325304325,1.25,151.51720127095126,614.525508788597,691.1014345940715,565.151524978066,3.468253968253968,196.2524380031733,1.1111111111111112,163.0696432652315,30.82089947089947,153.15418803418802,236.39109849845144,13.579695767195767,460.60277777777776,26.886870503003223,68.25635568135569,1.25,7.719696969696969,3.2738095238095237,12.785125206177836,3.333333333333333,11.920634920634921,32.61339198435972,1.7626262626262625,4.343253968253968,18.88095238095238,8.792857142857143,30.37008362008362,98.71188071188071,171.44383089677206,335.12612295112297,399.44011039699893,1418.1323054929521,150.43938561094907,369.6791183828855,764.4386785138398,195.76016249282378,267.90553391377426,320.91626565155974,1094.8145198679013,308.67477993139755,11.686507936507937,460.535481305858,29.563492063492063,163.29805148555147,63.3311862668027,31.1547619047619,1364.0396763057022,222.1775974025974,785.926919002745,729.8402395885881,40.34588744588745,1377.0713205468398,924.9633878696764,1714.187271504389,401.03763639957396,144.93172976261212,95.10988455988456,33.08686125965538,12.125584795321638,28.81060606060606,1.8652089919213206,63.285353535353536,10.7,0.0,10.317460317460316,33.92887667887668,9.069444444444445,3.106060606060606,12.916666666666666,14.079545454545455,14.0,3.0634920634920633,15.434523809523808,54.99366828561875,8.0,28.43310023310023,3.1666666666666665,0.9259259259259258,3.111111111111111,33.50496942062017,46.26190476190476,48.732804232804234,32.69397405426817,54.082723948165125,41.43488455988456,2.7559523809523805,12.304456654456654,0.37037037037037035,147.71666666666667,11.466666666666667,33.73935786435786,5.12962962962963,5.029411764705882,16.16190476190476,7.547381841902389,4.386904761904762,2.0,5.0,2.9166666666666665,33.45887445887446,0.0,46.45333333333333,4.965367965367966,12.021475256769374,0.0,0.0,6.584656084656085,17.593045843045843,0.0,57.68204573204573,10.555555555555555,3.125,65.14902382624985,24.893458393458392,13.045370370370371,34.37770562770562,5.0,0.0,36.462184873949575,5.833333333333333,14.142857142857142,0.5555555555555556,21.48989898989899,16.61904761904762,10.0,2.2720797720797723,28.333333333333332,21.332539682539682,16.666666666666668,1.3333333333333333,0.0,2.909090909090909,5.034844240726594,4.476190476190476,12.969696969696969,52.78482295482296,3.5277777777777777,11.25,0.5,32.767082590612006,0.5,103.07872815160486,1.714616402116402,53.50139615286674,66.64275466884162,8.952380952380953,18.05128205128205,0.25,2.5,5.619047619047619,52.46249390456287,0.9761904761904762,9.771901709401709,0.6767676767676768,1.6666666666666665,1.6857142857142857,0.8333333333333333,0.0,2.361111111111111,5.458333333333333,0.0,15.482517482517482,24.258297258297258,3.3066933066933064,13.076262626262626,3.095238095238095,3.6666666666666665,0.0,0.0,47.714452214452216,2.3809523809523805,0.0,103.54378905408316
265.3691101611558,10419.360843607119,16.67413935271078,148.08438798596362,669.0607530691739,20.242982621243492,95.69439356939357,177.86635242008532,31.211170142988323,639.3804570873554,562.7149446078495,259.4004894411834,1459.1125013504495,53.10620966648635,569.9845298241497,110.30323950092857,175.88113357033748,71.0243655313365,17.764550264550262,571.3300149080611,133.85382025803,345.9715072625787,110.96353937188651,264.2032426255171,49.70813908313908,70.89717353353717,117.66770212358448,445.33707742297315,1529.213411035544,1276.526012185826,794.5887576228486,17.4389997628634,535.2108146054637,2.8504828504828503,124.34495252249397,111.85988113193996,67.42357089759687,559.4423017317322,107.00992035508843,415.9385710791345,81.93601896224077,628.3015851879754,87.18117398474541,9.156392496392495,668.038243059272,97.97221231149803,16.930713419937817,19.159663865546218,31.370119850340288,11.251595626595627,127.26468079015473,13.912863756613756,41.075469652934444,76.11949733273262,323.3991639737056,377.3933735346657,534.2798227798991,950.8301466287102,3006.0463630011964,711.0491418193187,1667.4016360766673,565.4359871689026,960.1109136497944,2381.776888577206,1032.1642596337501,3021.918599992504,2519.344036164541,77.49562974693006,1643.5998473356265,15.201762523191093,369.49615364793937,162.63024966448276,70.88847924562211,2770.2176263930937,870.0086240665057,1430.9098152820316,2296.9417045177065,562.1472936515144,3866.717921513259,3705.70681664747,2265.9612072150017,612.9366744850968,285.05147305164394,60.451461915277704,20.484848484848484,22.793074530087516,192.8831612831613,21.218123146694577,161.63857611149135,6.29563492063492,1.2428702250130823,22.859049523993132,8.422274695001967,13.75,19.86834581294997,31.514068509364495,173.42567789335837,15.57142857142857,10.167055167055167,6.8,52.83892107892108,16.611428915000342,5.051373626373627,20.27064800279086,1.714285714285714,5.191475191475192,92.31427840285983,24.648850482281677,457.55788788268717,134.1465598671481,591.3214019228775,25.149453720882292,38.51887566181824,85.85710537026327,2.25277368134511,29.840118215118213,3.315018315018315,635.2070914934827,105.62144231429946,109.97509800141378,27.179966217256133,3.5754985754985755,4.522727272727273,0.31746031746031744,0.34090909090909094,9.40079365079365,118.70039682539682,29.86111111111111,15.685536685536686,59.73499283163149,3.6666666666666665,1.9047619047619047,16.353174603174605,25.309634809634808,227.9569940937975,6.953856749311295,71.07488471124834,0.0,15.329991437134295,15.826197267191056,36.45933985093649,6.095238095238095,3.9292929292929295,5.0,2.8703703703703702,12.631646131646132,68.84766622266622,19.29083250614351,13.382335257335257,252.54357732467778,1.9696969696969695,221.82022062904414,9.582155939298795,26.888172938172936,173.38189595998037,99.17577863549731,16.304639804639805,90.04152500076412,16.742502924034625,2.7737962520571218,1.507936507936508,35.700827036068716,37.4520202020202,207.04438200004702,18.408730158730158,71.31313131313131,112.35212703962704,0.0,78.03735244235733,6.1014283335711905,129.3199643493761,55.12087912087912,9.936683764414857,5.0,1.4986263736263736,23.696617108381815,93.20021922521923,60.97890859140859,3.0769230769230766,1.298701298701299,6.673044217687075,22.29095904095904,2.204184704184704,9.307387057387057,14.615199615199614,10.028138528138527,0.0,6.142290249433106,114.70443546463284,15.488428793428794,33.80266685695257,55.14141414141414,27.884199134199132,5.553030303030303,7.375457875457875,4.285714285714285,9.909016636957814,0.0,12.247474747474747,38.52558857551117
186.9578251102374,35275.32691832875,47.838877934930565,221.02930376317335,1727.676861380903,101.54117364117364,3056.0116952639696,29.34906869446343,716.178090126439,517.7954235411053,4207.413283187764,506.897830138011,3134.034842688492,140.63930051430052,3817.972086535679,67.38140508728743,70.58227199531548,120.5188492063492,81.79251973516679,1741.5494568534498,43.08306878306878,1022.9857905645795,235.43822680587385,599.0536346635664,3.871693121693122,59.169408369408366,1224.3605749356136,1260.1404183311433,2063.493554839107,6805.262867151536,1282.5998804801322,89.664549929488,398.982200469321,8.88888888888889,422.70387390190274,68.31769872639437,463.29815394773044,281.5099738108319,431.3387027446238,1292.1237604442804,474.7209721301108,196.74636817183608,42.201752645502644,266.90328282828284,52.259469696969695,1397.1020347738872,40.090314777814775,204.18189442757296,115.78039215686275,176.72434368750157,8.558123249299719,63.796587428166376,138.3847532097532,122.56133101348412,214.0869178634594,1370.7932772756044,3203.5967836729833,4276.9027065749415,7703.408878059945,829.4964132079124,2798.213514208545,8628.076949234659,2547.641473935675,259.8641238489182,807.5908324415922,16886.639009740684,1926.0496934319692,100.03655603655604,3440.9626717984547,194.38149634810384,464.363814190735,2290.7554451833657,27.29237134918953,11961.33653127209,1392.9024302173254,3294.924139459182,5045.445024555291,7300.22625046992,4032.8116546329325,14096.380772399192,1873.2619762108834,4850.723503035538,814.3691024829349,211.26780018227387,17.399801587301585,175.33323910494963,71.09524870554283,14.845760233918128,639.5242894673197,88.42949642949642,2996.257890413268,601.5579225048367,96.84588744588744,86.76851851851852,50.76722901158991,57.730692918192915,111.82647907647907,387.2405030140751,184.6123136123136,10.218915343915343,17.38179012345679,39.73002693491415,252.37260607326397,54.244528619528616,52.11607142857142,24.61868686868687,134.3619195308812,72.39888379594262,96.20936915586039,10.079365079365079,136.6888325269007,23.660453303310444,48.71093875260542,87.25648398318853,34.08976671476671,41.5436567789509,112.2364399260297,49.03242931532405,211.56401601044456,22.82738095238095,32.98119854002207,30.392857142857142,34.16978609625668,59.566308447887394,19.962962962962962,42.893483709273184,3.766233766233766,2.9360916860916864,39.22616272616273,110.10111416361417,10.81712962962963,46.577080327080324,27.100575512856214,6.037037037037036,216.99630738007932,3.0370370370370368,190.6916923627121,17.03015873015873,100.73888279476515,52.37009734093067,96.94686354542492,48.44960826210826,6.5396825396825395,5.395061728395062,131.76170245794304,4.082321817615935,7.748901351174078,0.41666666666666663,13.516835016835017,39.65554925673973,26.673556118678068,128.22421311631837,18.746170983013087,3.3333333333333335,2.6018518518518516,11.984126984126984,31.919943482443482,38.51499928762372,116.35215763072905,23.013054037644203,26.56542565621513,111.62722934291561,5.655555555555555,294.8184915932594,97.98248462064252,508.7188723974438,76.78799652728225,12.48394660894661,6.608796296296296,43.794642857142854,1.527777777777778,520.0184082892416,18.285409035409035,0.11363636363636365,23.23702686202686,8.76763587289903,28.78769841269841,7.9124895572264,22.25036075036075,0.7142857142857142,8.929112554112553,17.706601965855214,1.2962962962962963,28.450727513227513,10.251700680272108,63.43226911976912,32.888888888888886,113.9733705836647,99.5166847041847,16.34160052910053,63.85359300786932,10.300595238095237,46.79206349206349,0.8333333333333333,250.0385454731857,270.7761497761498,416.91287878787875,27.10989010989011,2.5,1.7824074074074072
27.559523809523807,5024.556534997933,20.75,8.083333333333334,397.91017372267373,3.5613275613275612,357.5429487179487,103.36457659987072,412.23493867243866,45.67857142857143,362.6285668035668,22.944832944832946,738.7301957301958,41.7034632034632,248.42415362415363,176.95238095238096,153.73605098605097,3.557692307692308,8.428571428571429,161.4047619047619,104.88610898905016,42.722860472860475,84.71581196581197,31.333333333333332,14.224358974358974,57.26282051282051,5.333333333333334,92.1547138047138,141.15154660154658,825.4208255660461,488.375814000814,2.6666666666666665,64.26443001443002,0.3125,30.484126984126984,37.26923076923077,140.0064935064935,737.9307634373424,8.88888888888889,111.19864394864395,84.42857142857143,126.79365079365078,3.9285714285714284,8.809523809523808,2.1978021978021975,37.80348306664096,1.25,17.916666666666668,29.355158730158728,12.145474351356704,23.09090909090909,35.21356421356421,99.35103785103784,14.762254901960784,8.147186147186147,52.345238095238095,312.3645487576939,884.21581181785,1919.5606083731084,48.508670380187404,284.9861111111111,447.6048966584957,210.25922177237968,171.82574869088026,312.3779711029711,1014.8042306807399,387.4707792207792,18.345238095238095,471.1825165575165,103.39270451770452,107.95502645502646,71.21367521367522,16.0870879851143,481.889065115168,210.37673055607837,265.01689976689977,670.7703823953824,283.6478295096716,1201.1425819550818,776.7447420799588,1716.2244715233844,278.50164437528986,39.26902726902727,102.64087301587301,8.410256410256409,5.0,56.61904761904762,13.392857142857142,24.18253968253968,0.0,3.333333333333333,0.5961538461538461,2.6785714285714284,272.49723424723425,13.055555555555555,2.833333333333333,33.72222222222222,1.25,8.11111111111111,17.886904761904763,15.744631185807656,32.6863722697056,14.333333333333332,6.166666666666666,6.428571428571428,8.61111111111111,8.791666666666666,1.0,16.666666666666668,16.59090909090909,37.805911680911684,7.678571428571429,0.0,3.1666666666666665,1.6666666666666665,13.5,1.6666666666666665,14.499999999999998,7.2727272727272725,7.19047619047619,54.416666666666664,5.333333333333333,5.617063492063492,0.0,46.75,0.0,220.79545454545453,8.301282051282051,77.69444444444444,26.297619047619047,32.916666666666664,1.0,2.6666666666666665,1.3333333333333333,11.0,0.8333333333333333,79.88023088023088,6.762820512820513,2.5,4.791666666666666,0.0,0.0,62.666666666666664,10.61111111111111,33.22222222222222,20.72222222222222,3.333333333333333,4.071428571428571,1.9285714285714284,15.119047619047619,5.0,5.621794871794871,0.8333333333333333,31.223776223776223,13.333333333333332,39.00047846889952,0.0,0.38461538461538464,0.0,2.8571428571428568,5.0,0.0,4.444444444444445,0.0,9.333333333333332,0.0,18.863636363636363,0.5263157894736842,75.48184593184592,0.0,63.518065268065264,22.480158730158728,14.583333333333332,0.0,0.0,2.8095238095238093,0.0,15.516890516890516,0.0,1.6666666666666665,3.7777777777777777,0.0,5.833333333333333,0.0,0.0,0.0,40.0,25.091540404040405,24.333333333333332,1.6666666666666665,0.0,0.0,0.0,15.0,0.0,17.384615384615387,16.96666666666667,5.111111111111111,5.0,1.8333333333333333
224.09459176444471,11791.247424423913,30.41813050006327,158.05898665957488,1742.0761762984757,111.18764589169001,1338.2889354052666,267.8898218531677,279.33495642121403,177.30888577653283,1563.6773072418032,339.76913674560734,4344.203587178393,277.88079103436246,703.0725178317819,234.22466422466422,51.67813852813853,59.182539682539684,44.92342743813332,574.3986144903714,285.48114973262034,141.25522519669136,754.9903956510227,520.4020252552833,147.003663003663,267.06059284630715,280.1541548437557,354.8785736419665,994.3872757251353,1165.4895992348547,706.2413188426347,45.781858757489005,548.0148097740432,10.357142857142858,115.24588256355173,302.46743217100357,568.3134278236748,881.5418452821394,96.59646673984909,947.5985616283687,261.858404595943,71.60684914517667,216.84921687674085,125.34656084656085,228.1584608202255,340.4198708664045,94.30167369978294,41.51985922574158,105.39401956509099,137.96480259220198,17.560214388785816,127.49626881055453,463.7209792250233,81.20039682539682,173.23896654815772,242.4074838295233,823.9447420402122,1298.0406233545702,3438.775093437806,312.2177745923749,2047.7853593367859,1348.7007969793096,1010.1885218476937,901.6194535896113,506.05635516387395,4498.464783507533,861.0414492363985,92.74151102865387,2104.543330287195,693.6318494591184,369.68678048560594,855.8409090315835,42.10976946334089,4035.4351344058337,543.1898445034709,1061.6617500433065,3126.900389825155,798.7591441308049,4163.402140591314,2357.8705445435426,1297.8860599978207,1831.4452448773156,461.15753231059733,306.6698302009226,124.69301813266098,13.547619047619047,109.74801587301587,24.184267040149393,495.5937537552558,51.09727891156462,297.81651327197545,117.67039072039071,67.94244603526165,3026.3431080910555,87.23455687830688,81.61552227140463,20.80736461251167,232.10753968253968,85.72261490803217,82.28337128337128,48.138888888888886,92.66895698900343,42.58190476190476,33.10663709928416,12.781746031746032,82.94047619047619,89.71815221815221,57.44965404965405,52.993997599039616,21.065800865800867,109.13537342287341,42.26031746031746,32.01529475426534,33.4520091020091,24.079831932773107,100.03630952380952,19.08625116713352,46.0479760979761,84.87888042643958,18.262590299277605,57.96394557823129,69.7571763286049,19.75,62.2578459015185,121.4836366979224,26.22754586683158,139.35743145743146,43.722973435778314,398.0530591630592,63.115440115440116,74.42280245431506,12.75,38.52452380952381,3.7777777777777777,82.4595238095238,21.703560703560704,86.60880230880231,25.926739926739923,40.51183673469387,84.04796570143208,33.324603174603176,113.36241675963313,71.76861797350519,7.5,91.23897531985767,57.035714285714285,67.35912698412699,48.83571428571428,59.88452842377261,11.0,27.37942612942613,15.200854700854702,25.067460317460316,22.166666666666664,29.8582312741286,24.617743868707358,65.01964595557033,129.4265790655607,10.580868205868205,8.492869263089851,14.206349206349206,37.68870881686008,54.95833333333333,87.41541950113378,26.875412286126572,12.238095238095237,15.297619047619046,21.083511182250678,50.44203944203944,11.666666666666666,40.79940476190476,23.609523809523807,40.05555555555555,19.404761904761905,18.69607843137255,24.23095238095238,6.207766439909297,1.6666666666666665,15.74206349206349,10.25,24.81318681318681,8.040037343608772,20.297619047619047,24.412451519069165,26.743021451004644,45.29265873015873,333.8071070870993,19.61904761904762,2.2,19.595238095238095,6.5396825396825395,12.226216244073386,0.4,44.68849206349206,40.79034391534391,15.671550671550671,36.37013125763126,6.055555555555555,16.53216374269006,23.133333333333333
22.424242424242422,8391.772091603949,4.841269841269841,31.001262626262626,1160.6830635620324,57.72624311962547,3.061224489795918,15.38888888888889,7.218253968253968,48.746392496392495,124.05757967522673,101.9524827024827,816.3287037037037,8.333333333333332,311.46406941632097,31.593129093129093,13.96135265700483,3.7777777777777777,4.761904761904762,520.8680355617468,91.01010101010101,108.14665427165427,494.72809829059827,867.3799759608582,26.73989898989899,146.45454776704776,2.5793650793650795,592.1309012320758,886.8848261450792,240.687116559297,995.9143227803942,8.458333333333334,580.7022221935323,4.259259259259259,79.72020803270803,199.11856661856663,598.9649264252845,57.42748917748918,46.18181818181818,1556.064533920958,244.02928206411178,196.7070128945129,5.801001251564455,27.427849927849927,24.87629922412531,214.12606837606836,99.08087844694987,8.345238095238095,20.307239057239055,9.956349206349206,25.416666666666668,0.7711038961038961,128.15175565175565,59.72186147186147,544.4952524327524,510.2557965688218,159.06644469426425,464.68663172339643,2709.0532146724654,162.93956506456507,1595.6555293463716,179.1851898101898,720.9825012950013,3393.6704303967113,1007.4304217007139,630.7162291101366,1283.8396633323105,42.186609686609685,258.84840556269125,5.603896103896104,125.80868205868205,79.96693121693121,21.695156695156694,452.81415504109145,242.8934313041456,391.7454027454027,565.1807544307544,89.58867684602978,3199.47238698602,8048.263212482615,352.450622459551,920.5860656033975,738.8659211159211,17.51202501202501,0.9259259259259258,26.06319143819144,92.14914252414252,3.6969696969696972,1050.4807011771297,17.996031746031747,1.6605616605616607,2.7777777777777777,9.16396103896104,30.661075036075037,21.20177045177045,87.96568015318014,12.809092725972521,0.0,317.7317196692197,7.144179894179894,45.32142857142857,10.572960178223335,0.0,11.708333333333334,13.38924963924964,10.13888888888889,54.12602212602212,56.6591107305393,102.56673881673882,53.305916305916305,138.8341427091427,50.503663003663,29.594516594516595,42.16000666000666,4.166666666666666,2.2083333333333335,1.875,38.43696581196581,315.2261904761905,37.773809523809526,2.5595238095238093,19.90079365079365,32.333603896103895,36.05838837088837,8.027777777777779,11.38888888888889,23.269230769230766,26.0261544011544,0.0,3.1481481481481484,35.0682261208577,9.523809523809524,11.818181818181818,3.095238095238095,29.273809523809522,17.45580808080808,124.27314814814814,0.0,2.7777777777777777,74.65346227846227,1.5151515151515151,33.32449494949495,7.5,0.0,0.0,21.363247863247864,0.0,2.0982142857142856,74.43537018537019,19.027777777777775,0.38461538461538464,168.49420024420024,29.33531746031746,0.0,178.86067608861725,0.9259259259259258,282.06811244311245,122.93369130869131,0.576923076923077,5.810185185185185,16.526806526806528,5.481481481481482,3.92512077294686,1.0416666666666665,0.0,8.333333333333334,14.752894164658871,18.61111111111111,7.364417989417989,1.9507575757575757,13.44155844155844,8.214285714285714,24.456099456099455,7.976190476190476,17.33531746031746,8.316738816738816,36.13756613756613,31.268453768453767,1.3888888888888888,9.656926406926408,7.783882783882784,3.4722222222222223,36.14224664224664,0.0,7.142857142857142,1.5624999999999998,0.0,17.194745069745068,2.9166666666666665,83.24470569113426,41.39179162340927,167.21476377158194,1.0,0.0,0.0,0.0,0.0,7.388888888888889,22.132936507936506,10.80547112462006
