42.72838642838643,247.08045614648668,24.968599033816425,1460.5887723425562,803.4864378509255,23.556791092505378,620.9013437900845,1627.5313426789587,1624.294902538128,1910.26516034899,1884.2178110669574,1965.0744867797548,178.53907833926607,1881.2104894545314,101.96894300393265,938.1776855601086,615.9623399478858,946.3334309576235,354.8400161566828,85.80334355964608,283.87910113540363,1333.6131641784061,5024.313357581747,1108.8520144690685,998.2327710662094,991.780168408843,8126.803306372577,607.9539464218735,3222.241715667503,1695.8011410949964,623.3812192219544,4443.649267376892,1321.3651790734423,1957.4155826238828,1474.2484250926477,7311.916189502422,501.0062097270921,238.69754584479648,2730.1425373168427,1602.1978357861108,1897.9648745200536,1991.9954812750634,179.20349442136245,1453.606928977237,548.7375639649799,605.6296199831914,3060.9758918822645,2151.289530513136,1518.1145101674315,24.83543771043771,85.54671201814058,62.51284675486356,371.7096609796648,146.47828282828283,152.96472178615036,256.1822985915423,270.6952871202871,263.02233885006996,1559.4906743920048,1001.0786465094466,903.8630272873487,712.7328827575482,3.8888888888888884,716.4365789169211,677.64777518526,338.0070386351899,20.138110799875506,1034.4531278167833,204.4944955190053,85.43509959539371,4662.495673213892,6.307671957671958,22.297153507867794,1.037037037037037,14.977513227513228,178.81651094781347,72.88749034967522,84.23715790675357,368.73648148148146,39.62418300653595,118.2160177202194,45.616118669690096,195.97336659441922,1095.5574643662178,665.3975579586923,108.30191199282528,358.39727154239586,105.66461148181602,224.26137790780646,65.8478835978836,81.91254829826258,842.4979177855566,131.46031746031744,183.9130183007376,395.02279561397205,167.48151499916204,568.6223795293823,8.920295390883625,62.36441645431007,118.45079591612313,504.98372682406296,43.32615498250173,88.24249699879952,32.53776874386118,52.59944684944685,639.3520455800344,79.20103596994353,7.339758125472411,40.86719576719577,578.2754968861411,75.49891774891775,90.15495107133762,5.675925925925926,281.84847474343275,102.4209219858156,90.65657475111256,23.502532326061736,37.17890590579666,58.61630308689132,15.756535947712418,465.0461497186287,432.53386966942156,286.2465527975809,151.28896245366832,56.947354497354496,2.9166666666666665,26.57142857142857,110.09114294979841,5.166666666666667,75.35056757745834,465.64441309679603,167.4935881933998,29.96667929798182,848.514381898418,4.848595848595848,3.3171296296296298,71.04267638679403,1.1111111111111112,40.87401715931128,76.50274832155084,138.10149273384567,37.339317208364825,98.53061582053178,41.99118165784832,30.377705627705627,53.75433729047174,39.299299719887955,135.97277244231026,31.22169312169312,7.334656084656085,217.18245853897113,9.062830687830687,25.629761332142284,9.021957671957672,6.281746031746032,41.50826997465653,17.263279048993333,337.4264322103016,19.378521478521478,4.448412698412699,35.272193220722635,9.208333333333332,20.073544973544973,52.58584747030125,16.313492063492063,11.420634920634921,12.001499118165784,5.264550264550264,9.624338624338625,24.337784002489883,19.756049506049507,90.57550729693587,8.35921035080699,1.4444444444444444,1.0714285714285714,13.702279202279202,10.420634920634921,41.125850340136054,91.03015873015873,34.478456028876195,5.14654481321148,2.7777777777777777,18.752645502645503,78.99965907108763,181.90191025905312,10.852116402116401,4.821428571428571,55.27066180007356,14.353655603655604,13.515653428696908,41.545143309849195,0.0,21.874338624338623,60.912774200589325,65.07397209474806,41.437325637325635,10.03968253968254,3.3333333333333335,66.51000690131124,1.418300653594771
263.27777777777777,49.09259259259259,5.0,191.25,64.02777777777777,19.388888888888886,224.05555555555554,630.2380952380952,91.7361111111111,881.4246031746031,271.50925925925924,179.16666666666666,294.77777777777777,231.1706349206349,79.98941798941799,51.858585858585855,78.88888888888889,93.66666666666666,256.2628205128205,58.74999999999999,31.666666666666664,228.70238095238093,71.68013468013467,50.86507936507936,425.6626984126984,265.9858104858105,2347.9836459836456,122.05555555555554,945.496693121693,188.16666666666666,409.7678571428571,479.98148148148147,237.8968253968254,897.7592592592592,330.40476190476187,711.8650793650793,681.2407407407406,302.01388888888886,705.3373015873016,179.5,246.25925925925924,226.05555555555554,95.55555555555554,572.5952380952381,44.58333333333333,79.96031746031746,264.13888888888886,62.67063492063492,153.0,61.11111111111111,15.238095238095237,17.333333333333332,92.94444444444444,139.44444444444443,106.38888888888889,117.30555555555554,236.30555555555554,36.388888888888886,145.38888888888889,130.0376984126984,117.85858585858585,103.46230158730158,452.5198412698412,44.55555555555556,13.472222222222221,31.666666666666664,49.44444444444444,45.27777777777777,26.888888888888886,6.666666666666666,33.19444444444444,24.166666666666664,43.464646464646464,54.99999999999999,26.658730158730158,2.4206349206349205,20.97222222222222,5.396825396825396,34.02777777777778,28.333333333333332,13.666666666666664,48.33333333333333,93.19444444444444,15.555555555555554,27.555555555555554,43.05555555555555,29.999999999999996,74.42460317460316,20.555555555555554,85.98465423465423,7.083333333333332,0.0,35.0,12.305555555555554,58.74999999999999,7.999999999999999,1.6666666666666665,0.0,10.0,88.63636363636363,64.94444444444444,32.22222222222222,8.333333333333332,10.0,14.999999999999998,47.55555555555555,5.694444444444444,10.194444444444443,12.222222222222221,17.22222222222222,26.805555555555554,6.111111111111111,55.888888888888886,26.111111111111107,80.66666666666666,12.777777777777777,14.722222222222221,0.8333333333333333,39.166666666666664,0.8333333333333333,63.80555555555555,29.39285714285714,65.83333333333333,23.194444444444443,35.0,1.6666666666666665,18.333333333333332,17.5,6.499999999999999,38.388888888888886,24.444444444444443,17.77777777777778,7.222222222222221,22.777777777777775,8.333333333333332,11.666666666666666,6.666666666666666,3.333333333333333,32.44444444444444,23.749999999999996,0.8333333333333333,4.166666666666666,5.277777777777778,13.333333333333332,25.11111111111111,7.5,8.333333333333332,9.166666666666666,7.777777777777778,4.166666666666666,14.277777777777777,12.222222222222221,6.666666666666666,1.6666666666666665,2.5,6.666666666666666,22.444444444444443,47.0515873015873,10.277777777777779,4.444444444444445,15.555555555555554,8.166666666666666,1.6666666666666665,12.777777777777777,3.333333333333333,11.249999999999998,0.0,8.333333333333332,20.0,7.5,5.555555555555555,10.833333333333332,1.1111111111111112,0.0,0.0,0.0,19.166666666666664,0.0,0.6666666666666666,0.8333333333333333,12.5,5.555555555555555,1.1111111111111112,28.999999999999996,3.333333333333333,0.0,1.1111111111111112,6.666666666666666,1.6666666666666665,9.583333333333332,0.41666666666666663,0.0,1.25,0.41666666666666663,6.666666666666666,4.166666666666666,2.142857142857143,1.380952380952381,5.0,4.166666666666666
53.50296196734369,253.98112971993288,50.7687400117981,719.5110119303588,269.121180582308,24.984808401475068,311.2943845836703,769.9411357891609,204.09521935864646,2069.3460690068623,600.4305081950753,390.9184415202744,67.79567964301293,524.7324083909157,73.73256573329645,70.38119045598037,72.83115403115403,211.56076677627797,280.55799113171685,77.98951758118424,64.97828868662202,190.9728253552969,1413.0923200198026,113.98549367299367,516.5449827930523,471.59961288991286,7510.599790382449,108.68044392370832,1875.9206433391682,672.6056780406764,452.2244817917761,1061.5460869842161,551.7559073480126,1642.6185363106251,787.6817387233825,3812.0525691366256,502.51545295234126,1204.4809002560055,2337.3241643810043,444.6270091144188,453.5326105304475,678.8751521354462,238.18157684059835,915.1398951913566,68.20359501609501,238.0888980415296,840.3820779381173,394.92865736651964,325.10702058390063,15.859987234987235,34.885754543363234,11.844720035042615,201.61021318913475,122.9820845750637,55.00707163207163,40.2227441870299,40.16676379176379,28.061313414254588,179.42258785476912,275.22639049403756,262.22913082946286,930.2880155553215,5.809941520467836,218.40870455395074,47.447903947903946,202.58966896802917,13.231794131794132,100.04270163906018,110.98353344186677,50.96276272746861,763.0769578224152,83.04279735858682,2.8743240886098027,19.70016326266326,15.223544973544973,54.838897810672,8.407407407407407,10.640858052622757,39.90576746350038,14.92828798185941,12.507111935683364,7.3132816257816256,244.87444818792304,192.72267547267546,119.1543254849656,18.62211862211862,56.00223173447981,121.58629601283663,82.00776012766823,48.3080933227992,13.125485625485625,108.6925875050875,36.91800020966687,98.22512617586054,33.621820309320306,40.13326422254994,55.06280756280756,6.736873284667402,27.51743789243789,17.006455554249673,82.57471926221926,19.87512025012025,9.87999037999038,2.4761904761904763,13.300354737854738,120.40935453435453,7.545010545010545,47.22184255403793,66.07093017379228,79.58829822363657,41.4901205032784,16.121489621489623,12.156975156975157,27.822490830555346,28.78515311848645,12.736672278338945,5.742063492063492,21.726190476190474,25.684854497354497,10.94251700680272,47.11507936507937,97.57248885373885,69.52325022281163,11.820436507936508,13.452972214526836,21.378417107583775,4.865079365079365,27.413387610554793,2.976190476190476,14.730564298675754,31.454466829466828,8.281903281903281,15.876293459626792,328.0694634632678,37.87986814772529,17.642354335902724,15.739835700362015,3.402872260015117,26.729256854256853,33.102927773980404,10.015385686438318,6.365079365079365,13.236243603890664,30.77588416874131,22.59946226612893,3.3174603174603177,10.251262626262626,9.448588448588449,41.57275132275132,2.878787878787879,27.872120934620934,12.03968253968254,8.121607228750085,48.45276999688764,9.238751203917916,5.31084656084656,2.128835978835979,43.05679505679505,42.35320235320235,16.397065897065897,5.802028218694885,33.10663608877894,15.362433862433862,12.938552188552189,2.4537037037037037,20.02200577200577,11.241159711747947,2.4580280830280827,28.21043771043771,1.2222222222222223,14.940688940688942,15.241300366300365,6.91005291005291,20.615533345796504,3.118796257505935,13.327490592196474,1.6666666666666667,15.395983645983645,33.75466901676579,3.7301587301587302,3.5546642899584073,0.16666666666666666,26.544282715335346,12.554232804232804,35.48850019805902,1.738095238095238,126.73179289845956,1.0714285714285714,8.58994708994709,5.582705941401594,4.87037037037037,113.36945073764707,18.447186147186144,10.263588263588263,6.606128747795414,150.96894216894216,0.0,51.582926590666524,8.98049118637354,28.380782616076733
253.18803418803418,11.540598290598291,213.47710622710622,290.69113756613757,28.488603988603987,26.867504409171076,58.152726902726904,298.80597643097644,14.074074074074074,196.83896774521773,49.06888481888482,144.18712768712768,18.701923076923077,44.23587369420703,61.65384615384615,33.26495726495727,9.967948717948717,111.77140128390128,99.66712454212454,51.583333333333336,18.166900093370682,84.76066988566988,61.368335368335366,4.316239316239316,100.87271062271061,77.16396874730208,1102.889035279354,10.194444444444445,339.7542735042735,112.11721611721612,38.51343101343101,358.8453398453398,29.154914529914528,267.630698005698,257.7811864061864,172.01953601953602,169.66737891737893,65.7173890923891,399.309998643332,173.79237891737893,155.21153846153845,9.166666666666666,60.48478835978836,358.1723137973138,1.9999999999999998,46.62713675213675,152.7870879120879,15.407407407407407,35.95141432641433,12.226190476190476,4.354700854700854,6.709615384615384,12.583333333333334,100.68233618233619,74.58811558811558,7.717948717948718,285.8048143758928,22.435897435897434,22.937016687016687,42.88021751910641,10.5496632996633,16.666666666666664,13.416666666666666,7.205128205128205,7.0,17.09035409035409,10.416666666666666,9.903846153846153,7.833333333333333,104.47725885225884,85.01989214489214,11.060897435897436,9.722222222222221,110.77884615384616,24.489417989417987,0.8333333333333333,16.885076252723312,27.083333333333332,0.3333333333333333,22.822649572649574,6.5,3.333333333333333,40.05270655270655,21.07977207977208,11.976190476190476,26.546398046398046,5.0,13.773148148148149,106.56125356125357,43.074786324786324,17.15277777777778,5.166666666666666,3.4999999999999996,0.23809523809523808,2.3290598290598292,6.07051282051282,1.3034188034188035,22.951923076923077,69.33333333333333,6.222222222222222,11.75925925925926,13.376068376068377,3.1666666666666665,3.333333333333333,20.305555555555557,2.1666666666666665,3.5542929292929295,66.92704517704517,0.0,3.194444444444444,10.33641975308642,0.625,601.2503561253561,0.0,3.0185185185185186,6.888888888888888,3.666666666666667,54.31074481074481,1.6666666666666667,10.777777777777777,0.0,3.333333333333333,8.416666666666666,0.8333333333333334,7.222222222222222,15.36111111111111,6.25,0.0,25.17063492063492,3.611111111111111,9.166666666666666,0.0,14.027777777777777,12.87037037037037,0.0,22.5,0.41666666666666663,11.793650793650793,3.333333333333333,0.0,0.5555555555555556,27.935185185185183,1.6666666666666667,1.5277777777777777,2.972222222222222,1.9444444444444442,1.4102564102564101,5.888888888888889,0.37037037037037035,27.0,17.167735042735043,13.432539682539682,0.2777777777777778,4.722222222222222,29.66025641025641,0.7901234567901234,3.194444444444444,0.0,0.345679012345679,1.25,0.8333333333333333,0.9444444444444444,0.8333333333333333,2.8472222222222223,1.3786008230452675,0.0,3.5,27.667735042735043,0.0,3.1111111111111107,0.3333333333333333,0.0,2.0555555555555554,10.13888888888889,14.041666666666666,5.666666666666667,1.1111111111111112,0.1388888888888889,5.0,0.2777777777777778,4.111111111111111,48.6531339031339,1.6666666666666665,2.7777777777777777,2.5,5.833333333333333,1.282051282051282,0.0,1.1111111111111112,0.0,4.583333333333333,0.0,5.722222222222222,0.0,2.297008547008547,0.0,3.5416666666666665,0.7051282051282051,0.0,0.0
172.4518192577403,88.15154658427154,9.86111111111111,406.3177024659601,31.31267063832853,6.361111111111111,113.58379028379028,174.13827372544415,52.36109415276082,1274.8925162695773,120.50306830880834,158.23896019510053,19.12517067759003,169.85669827747626,5.111231361231361,116.63690063185678,28.814500631902593,216.50585117401423,55.05970503667872,99.91290191290192,8.99074074074074,48.512649536843085,301.55266565637373,16.921085858585858,200.33403338526676,216.60671200930113,1228.2026036222346,75.79169071669071,940.7753902959939,258.9669766192755,170.84237012987012,338.6697377535725,86.62983033048822,422.26173522774815,244.02587600594566,524.8482696325267,242.3589458158643,194.13225253492655,501.88776126296847,104.82353728143201,120.1080200681856,67.55496031746031,124.78158143599319,470.9466624390931,19.796441991101435,117.20249656317768,261.1105886599095,63.148352378615535,50.53892266107636,39.09613997113997,5.376262626262626,18.408262884069334,69.0726557393224,32.06430278204471,3.2096052096052095,29.75300625300625,35.56481481481482,0.8443562610229277,95.3500724186208,74.65777469864157,79.47072740031143,63.83696916988637,8.614357864357864,25.447418086849325,4.5547138047138045,23.67634486182873,0.5555555555555556,53.46909571909572,26.99669312169312,21.232323232323232,152.36489059186428,12.383838383838384,4.09469696969697,18.718849206349205,11.203703703703704,2.0276497695852536,18.282618310482086,1.25,24.376653439153436,22.989417989417987,13.38867845117845,6.344847468492979,30.32959426051531,19.866332497911444,30.36748354691903,10.75986975986976,15.391067937438905,29.274831649831647,52.148877094697525,3.0555555555555554,2.2467532467532467,1.2593610093610093,15.736050986050987,20.71454478255949,1.400462962962963,18.443121693121693,9.428571428571429,5.337814232551074,56.03787878787878,5.744836182336182,3.2009680134680134,2.266023328523328,1.9484126984126984,2.4007936507936507,2.4706890331890334,19.709967320261438,1.3678451178451176,3.2735840548340547,1.1666666666666665,36.39231601731601,15.75135975135975,4.4226190476190474,0.0,56.71270858770858,1.4166666666666665,6.624338624338624,15.568524068524068,1.6666666666666667,4.6536696328363,14.666666666666666,34.06555399937753,20.95271742146742,12.574409849409848,7.624007936507936,3.9080687830687832,38.526785714285715,2.823232323232323,4.245246955773271,0.0,8.172808672808673,3.5388888888888888,10.296777296777297,22.602413019079684,23.62022711693764,0.0,83.99436469514742,5.479624542124542,1.6666666666666665,28.52777777777778,17.297979797979796,2.8015873015873014,0.16666666666666666,4.448412698412699,2.8456790123456788,21.901882975412384,0.8838383838383839,0.5654761904761905,11.902777777777777,61.12394027254708,0.6666666666666667,8.663394597605123,13.47089947089947,0.0,5.103174603174603,5.983956306536951,6.170634920634921,1.2698412698412698,3.078204203204203,14.936660561660561,1.4074074074074074,11.505411255411255,1.9444444444444446,11.047619047619047,0.8333333333333333,1.6666666666666667,8.84920634920635,102.62425033400265,0.0,4.166666666666666,3.3078703703703702,1.5595238095238093,0.2232142857142857,0.30864197530864196,2.8287037037037037,26.89040648718068,1.287878787878788,0.0,10.555555555555555,2.014750482492418,0.3472222222222222,0.0,1.9550264550264551,0.37037037037037035,4.4907407407407405,3.75,0.0,2.5,4.4874847374847375,1.6666666666666665,6.1726190476190474,0.8333333333333333,7.791175968595323,4.656084656084656,0.37037037037037035,0.9041806958473625,42.66232351526469,0.0,0.8333333333333333,0.2777777777777778,0.24250440917107582
136.13276861957857,122.1381591401116,5.740190530088663,667.3218164609697,171.8508099043215,24.07150268143477,258.2845138857872,469.333972108382,64.51899691674734,981.1518927082918,280.28773667173107,251.9632229352443,10.81268134493941,263.81455096574524,17.81286549707602,131.1203145140822,67.59464952095865,271.7297640250984,64.2600424672793,48.50042837947895,15.309815538168678,68.064556552672,269.3503545059347,34.00543135914653,282.6385366812915,251.93693289512473,2024.970379626668,166.8640823402425,1026.5415543838799,388.803789330712,151.58032141557325,521.5394771121244,231.49249819931057,726.7970071088059,306.46678590781255,849.1215808620578,340.10198192038314,236.13558299236877,547.1361103058039,223.82862032536622,251.1810007155225,207.7234369457912,234.36265813167358,520.5138591806515,54.55733769644436,119.82446225532607,485.87765615821644,122.02874097595377,121.84738886937556,82.52859870432026,5.027141105451801,16.801672585939706,197.02165334979426,6.566308243727598,15.290102496384328,20.70869985421069,41.545321637426895,3.395753557892777,121.62645806320113,146.65601832204166,114.20688818821246,151.55849052716957,0.4678362573099415,53.65843077095199,2.8595952246206915,43.802907024539735,16.57714177917913,69.74676754317387,28.25859026163214,2.2354497354497354,230.78923701589235,1.1520467836257309,6.50031328320802,28.844081799823424,18.20891243259664,3.3662280701754383,11.630011232311574,12.73454469507101,15.036797273813402,20.847809862170358,21.06315616958656,4.12274429044711,40.90134601533158,31.500418085236987,82.4178700355483,3.0752957662974643,16.818991154729694,11.615965316517098,23.75018549959127,44.5894097302766,4.7164122427280315,5.486953011146559,20.613563986371002,13.913016324729432,0.7095920805598225,9.025628587598028,13.235925433010888,8.36048454469507,51.24542277138485,14.071203281092924,1.855510752688172,6.276180839848072,4.525900324287421,10.483500417710944,2.543615984405458,11.623603336826147,2.6203289259316422,2.0965226686788654,13.014902848519148,51.0781485068412,24.019562795878585,11.077281016160473,0.4678362573099415,12.806494282300735,23.502757790533682,8.191149645592203,10.503015440197103,0.7017543859649122,33.40693617257001,1.2573099415204678,104.82726387674538,12.883878807478128,8.968736533960076,25.760829448329446,28.393652141105452,95.88812009114781,3.1433691756272397,9.395579428117628,1.490088858509911,13.104612020246694,8.99247671149199,10.85131395884084,3.0322109036030938,68.5672084904343,0.5753968253968254,74.96200890437133,38.997484564158306,0.8333333333333333,28.42940685045948,32.90077269038785,5.228096375945838,0.5,5.8812995546866516,5.382695088976923,22.281133839914368,6.173598980616524,8.347593376880303,9.22465886939571,39.21577432127051,2.807017543859649,38.18145680981702,0.7692307692307692,1.4585927183550274,3.533721180780004,4.318017265385686,12.618838763575605,13.033755535792887,17.020554004778678,34.33563293431715,3.063973063973064,16.19579462123322,1.6666666666666667,3.0319388214125054,0.10752688172043012,7.676112323820303,12.963899648110175,56.498847642660685,0.6172839506172839,19.763841421736156,8.74873012606459,1.769980506822612,1.0434419381787803,2.807017543859649,0.1388888888888889,9.595029239766081,3.616161616161616,0.21505376344086025,3.7652928617840895,2.661172161172161,7.129758760701035,4.699561403508771,2.200339558573854,0.0,0.23391812865497075,2.0,0.0,11.349206349206348,0.3709991825441741,0.8333333333333333,10.662862965494543,0.0,0.47619047619047616,8.166531227057542,0.8333333333333333,3.0092812676853424,84.78685878391761,0.0,0.6349206349206349,0.0,4.62962962962963
133.6280081925243,8.679723502304148,10.37378392217102,113.83847804354717,60.67524321556579,3.032258064516129,71.96486011002139,218.98067577269615,19.415770609318997,466.0318953746373,104.29631763099505,123.82368395386828,32.73297491039426,52.32607953575695,25.15786528286528,68.74537230988844,13.230286738351253,262.82456709010603,101.58679283679284,5.555555555555555,8.476702508960573,38.30521420037549,54.216026625704046,11.11111111111111,137.11719343977407,209.0741230823843,792.7152809691174,11.960829493087557,348.7762753658339,256.3586362860556,101.7613287250384,164.2868346175781,89.75115595276885,328.8381172292462,242.09202349715932,208.9836083868342,198.75183173627875,31.787793598277467,264.0432618456812,96.39829171623374,54.48006059054446,43.730926779313876,69.3306777247779,322.3659493370868,2.779377880184332,28.84690220174091,69.55000853387949,51.86294589520396,45.54173067076293,22.448924731182796,0.2329749103942652,10.013402069853683,27.73227086533538,34.69406041986687,55.081605222734254,4.325396825396825,94.8611111111111,2.7259344598054276,13.883399775680882,61.3958013312852,60.743983614951354,17.433862433862434,0.4761904761904762,3.913530465949821,3.9085381464413724,32.62459464072367,4.050776583034647,6.627624167946749,5.68010752688172,12.407203907203906,71.01911260782228,3.958333333333333,8.793447293447294,49.75953773322194,22.206349206349206,1.736111111111111,14.185931899641576,1.6666666666666667,3.7992831541218637,32.83352534562212,11.008064516129032,6.116487455197133,29.68125960061444,10.775174944529784,4.802227342549923,4.867011976571379,2.913082437275986,27.70910332200655,2.1804062126642774,0.7738095238095237,0.0,1.30568356374808,16.296296296296294,0.22222222222222224,8.016513056835636,1.3978494623655915,9.178059395801332,1.48989898989899,93.32125789383853,14.955197132616487,4.675712578938385,3.531874039938556,13.571684587813621,13.569902319902319,8.626984126984127,4.221966205837173,6.505376344086021,22.339563065369514,1.3655913978494625,4.565412186379928,0.0,1.8100358422939067,21.19656283566058,0.5990783410138248,1.9592293906810034,3.2965309779825906,7.231206069915747,0.0,2.921146953405018,3.611111111111111,4.050477897252091,1.8359575012800817,16.0942140296979,0.33333333333333337,5.728195937873357,14.282916392363397,0.2329749103942652,0.41935483870967744,1.6666666666666667,3.6904761904761907,31.662186379928315,5.313620071684587,3.172043010752688,2.6582181259600612,0.0,66.45289298515105,6.678187403993856,11.203703703703702,0.0,1.0902031063321387,1.021505376344086,3.333333333333333,5.321684587813619,0.695141377937077,0.0,7.751322751322751,2.2646356033452806,0.8125472411186696,4.801075268817204,0.6666666666666667,17.964413722478238,0.0,0.2795698924731183,0.0,0.958994708994709,0.0,0.6989247311827957,1.507168458781362,0.0,0.0,7.777777777777778,0.0,5.108225108225109,15.035842293906809,5.1813022700119475,0.0,2.9175627240143367,0.0,0.0,15.166922683051714,0.0,1.4523809523809523,0.0,0.0,1.6666666666666667,0.6666666666666666,0.34946236559139787,0.8333333333333334,0.0,7.149641577060931,0.0,7.713709677419354,0.0,0.0,0.0,1.6666666666666665,0.0,0.34946236559139787,0.0,1.3888888888888888,0.0,1.6666666666666665,0.6666666666666666,10.0,3.508064516129032,0.0,3.972222222222222,0.0,11.666666666666666,0.9567901234567902
43.419871794871796,4.465811965811966,14.627849002849002,57.15608465608465,17.435592185592185,2.611111111111111,15.370726495726496,55.017556517556514,8.251322751322752,70.4045584045584,84.9490231990232,12.528490028490028,2.8682844932844933,3.128205128205128,6.061965811965812,7.117521367521367,2.02991452991453,35.587606837606835,6.7004985754985755,17.694444444444443,0.8333333333333333,5.5503108003108,6.037393162393163,1.3974358974358976,18.701872201872202,52.01495726495726,260.8139453139453,4.611111111111112,97.06267806267806,20.480413105413103,17.04884004884005,49.05120573870573,1.235042735042735,81.56018518518518,96.85576923076923,61.394332519332515,57.63390313390313,5.709706959706959,65.05443630443631,34.73575498575499,24.213675213675213,2.7777777777777777,7.42063492063492,66.33547008547008,1.277777777777778,5.512820512820513,13.05982905982906,7.12037037037037,4.580840455840455,2.111111111111111,0.6282051282051282,1.1965811965811965,2.7083333333333335,9.766636141636141,5.3739316239316235,0.0,31.986060236060233,0.4487179487179487,4.07051282051282,0.0,34.166666666666664,6.513227513227513,3.5416666666666665,0.9529914529914529,2.5555555555555554,1.5064102564102564,0.0,4.1915954415954415,0.5833333333333333,3.798076923076923,9.837606837606836,1.8653846153846154,2.7916666666666665,9.0758547008547,11.226190476190476,0.0,0.8333333333333333,1.25,0.0,1.3942307692307692,0.0,0.5555555555555556,1.2606837606837606,3.0897435897435894,0.41666666666666663,1.300213675213675,0.0,3.388888888888889,5.395299145299145,3.2264957264957266,0.8333333333333333,1.3333333333333333,0.0,1.1111111111111112,0.9188034188034188,1.0897435897435896,0.0,1.905982905982906,18.958333333333332,0.5555555555555556,0.0,3.867521367521367,0.0,0.22222222222222224,0.6944444444444444,0.0,0.20833333333333331,6.955128205128204,0.47619047619047616,0.5555555555555556,0.0,0.0,99.73193473193473,0.0,0.0,0.0,1.277777777777778,2.1858974358974357,0.0,0.1388888888888889,0.0,0.0,0.0,0.0,0.0,8.694444444444445,0.0,0.0,4.652777777777778,1.1111111111111112,0.8333333333333333,0.0,1.25,3.7499999999999996,0.0,7.5,0.0,1.1111111111111112,0.0,1.1111111111111112,0.0,2.4259259259259256,0.0,0.0,0.5555555555555556,0.41666666666666663,0.1282051282051282,0.0,0.0,0.9722222222222223,3.8675213675213675,1.0833333333333333,0.0,0.0,3.6976495726495724,0.0,0.41666666666666663,1.4444444444444444,0.0,0.0,0.0,0.0,0.8333333333333333,0.20833333333333331,0.0,0.0,0.3333333333333333,0.2564102564102564,0.0,0.0,0.16666666666666666,0.2777777777777778,0.0,0.0,0.9722222222222222,0.0,0.0,0.0,0.0,0.0,0.8333333333333334,2.6225071225071224,0.8333333333333333,0.0,0.8333333333333333,0.8333333333333333,0.0,0.0,0.0,0.0,0.625,0.0,4.166666666666666,0.0,0.17094017094017094,0.0,11.597222222222221,0.0,0.0,0.0
4.5,40.86904761904761,19.715057319223984,6.895743145743145,35.23412698412698,0.6666666666666667,107.38888888888889,55.674723424723425,2.083333333333333,601.9947910885411,134.47905643738977,164.48677248677248,3.333333333333333,251.15398027898027,35.93386243386243,11.444444444444445,0.8333333333333333,0.9722222222222223,102.39021164021163,0.8333333333333333,68.97222222222221,1.0317460317460316,2.2222222222222223,8.194444444444445,88.84896893230226,135.25707163207164,1532.4289414289415,48.16931216931217,210.48867336367334,99.8985088985089,78.04365079365078,105.46395502645503,108.3066748066748,299.40235690235687,106.66512345679011,1286.7171717171716,236.21717634217634,23.032203907203908,292.50628306878303,144.16402116402116,49.41005291005291,19.808658933658933,4.222222222222222,200.72652116402116,34.404761904761905,2.2222222222222223,148.8366402116402,1.3888888888888888,14.19047619047619,1.1111111111111112,3.7222222222222223,1.507936507936508,2.25,166.760582010582,76.89153439153439,3.702380952380952,0.0,0.0,0.0,77.10858585858585,41.43518518518518,15.517195767195766,0.0,0.0,0.0,2.333333333333333,21.58862433862434,0.0,2.384259259259259,2.888888888888889,0.0,26.878968253968253,0.0,0.0,0.0,13.25925925925926,0.0,0.2777777777777778,3.75,0.0,0.0,3.8095238095238093,0.0,0.0,30.785714285714285,0.0,124.86691086691086,141.98478835978835,5.615079365079365,1.6666666666666665,3.0595238095238093,0.0,16.799783549783548,0.0,1.0,3.007936507936508,0.30303030303030304,8.791666666666666,0.0,0.0,13.814814814814815,0.0,0.0,0.0,0.0,0.0,0.0,26.112026862026863,65.70436507936508,0.0,0.20833333333333331,0.0,0.0,0.0,0.47619047619047616,0.0,0.0,168.22156084656083,0.0,26.567460317460316,0.0,0.0,0.0,33.797619047619044,4.722222222222222,1.8333333333333333,0.0,0.0,0.0,0.0,0.0,0.47619047619047616,3.0555555555555554,0.0,46.01037851037851,6.621392496392496,0.0,0.0,10.067460317460316,1.6190476190476188,0.0,0.0,0.0,67.30382696007696,0.0,0.0,0.0,0.0,12.5485347985348,46.86111111111111,0.0,0.753968253968254,27.802910052910054,56.21560846560846,37.07275132275132,0.8333333333333333,0.0,0.0,17.984126984126984,97.17890211640211,0.0,3.8888888888888884,8.543650793650793,0.0,0.0,9.994949494949495,0.0,0.23809523809523808,1.0317460317460316,0.6666666666666667,42.164021164021165,0.0,0.0,28.53932178932179,0.0,0.0,25.465608465608465,6.943783068783069,4.191919191919192,0.0,0.0,0.0,0.0,0.0,4.833333333333333,0.7638888888888888,0.8333333333333333,0.0,9.941919191919192,0.0,0.0,15.635531135531135,13.005411255411255,0.0,0.0,0.0,0.8333333333333333,1.5132275132275133,0.0,4.087301587301587
68.06095039966007,42.930741749290135,5.587906716938975,81.83785628946919,71.76935348104702,0.7526881720430108,103.68515673892017,545.4830456431263,98.08288819901723,256.99364419928935,135.85033007613652,90.390004260972,26.16874210019371,116.44357941938587,3.029100529100529,221.45395785516752,16.87651148135019,114.51127053949635,13.448412698412698,7.2896825396825395,21.06618023553507,41.03326079535757,186.1524839407904,31.20899470899471,164.7111095296579,235.59119014989508,1178.6910354579709,67.57611474546958,485.67004401413004,282.5920924124329,233.52482565721812,689.1160476321767,444.01381332228107,477.001150432602,662.8619974708685,721.2556376817129,175.7574161783391,45.26181942310974,840.8234369423885,199.1354867504061,143.35120734999768,48.464349718381975,32.455069124423964,172.02008039749975,12.047917733401604,135.24505810796134,137.12975860758118,202.27579700765185,74.8601995376189,56.117767537122376,40.52768177163338,5.69839718226815,21.783410138248847,3.935483870967742,15.684986061330147,12.708333333333332,70.90560365560366,32.41532258064516,65.44420643076556,129.17535033664066,118.2067566543373,10.071428571428571,0.37037037037037035,30.90036695681857,36.13456122730316,40.58798429766171,3.1653865847414235,19.726905188598735,19.758064516129032,35.74298941798942,88.47333162655742,1.2962962962962963,9.755291005291005,42.888888888888886,3.888888888888889,10.722222222222221,17.0556728963987,14.557539682539682,21.664490527393752,28.077231609489672,16.093595323434034,35.26036866359447,119.09744623655914,52.2556953948083,51.50613290532645,8.146857398873527,51.24125374326987,61.58282130056323,41.73185483870968,13.70138888888889,2.5,68.58912190106845,25.8015873015873,28.98743386243386,16.42803970223325,18.368929457639133,30.913978494623656,0.3571428571428571,223.84575594656238,14.67153097798259,47.4502688172043,1.1603942652329748,2.5152329749103943,7.067307692307692,23.390873015873016,38.457871081526996,2.8291517323775386,0.0,4.276497695852535,19.52586347344412,30.916666666666668,6.391577060931899,0.7275132275132274,13.517385516713473,10.872759856630823,21.9005376344086,16.736559139784944,0.0,8.756656426011265,0.23809523809523808,27.313620071684586,17.551971326164875,26.41327444956477,16.34027777777778,18.4242191500256,30.1410650281618,2.3540706605222734,25.331242532855434,0.0,9.138888888888888,20.929851510496672,0.18817204301075272,1.4944956477214542,47.74980470544987,3.675213675213675,80.75665642601126,10.607339792823664,1.8749999999999998,45.013888888888886,15.30689964157706,6.177838290741517,6.230599647266313,4.482164191841611,3.859148318825738,5.440476190476191,7.652777777777778,8.134707287933095,15.691798941798941,2.025089605734767,0.0,29.602854582693293,6.666666666666666,0.3010752688172043,0.0,0.0,2.3095238095238093,5.109831029185868,32.67313861028282,0.0,1.4285714285714284,2.361111111111111,3.7499999999999996,5.306878306878307,1.8548387096774193,4.500448028673835,50.32539682539682,74.06928154481918,0.0,0.0,13.206701228878648,0.0,32.49702380952381,3.6515151515151514,2.0555555555555554,2.2727272727272725,10.706349206349206,0.37634408602150543,0.41666666666666663,1.8518518518518519,1.7191500256016385,1.1111111111111112,0.12544802867383512,0.0,4.404761904761905,1.9696969696969697,0.0,0.0,5.376344086021505,0.9374999999999999,11.11111111111111,1.1428571428571428,0.0,0.0,31.077380952380953,4.721000325839036,0.0,14.75,0.0,2.9761904761904763,0.0
49.86111111111111,3.5185185185185186,12.36111111111111,21.02777777777778,4.166666666666666,0.7638888888888888,24.64351851851852,312.38425925925924,15.259259259259258,141.00720164609052,49.41296296296296,117.64814814814814,1.4814814814814814,18.52314814814815,3.1296296296296298,8.166666666666666,6.481481481481481,28.269444444444446,22.85185185185185,6.296296296296296,1.5277777777777777,15.555555555555554,57.32037037037037,3.6111111111111107,41.3260582010582,37.88333333333333,476.08695144724555,3.7037037037037037,287.5824514991182,76.00462962962963,30.26851851851852,111.075,29.25925925925926,182.6851851851852,56.44907407407407,74.6574074074074,84.16666666666666,19.75,138.31584362139918,96.76851851851852,55.879629629629626,12.055555555555555,36.8287037037037,169.2334656084656,0.41666666666666663,24.113888888888887,58.727263374485595,15.264550264550264,28.500925925925927,5.555555555555555,0.0,2.8009259259259256,8.518518518518519,17.707407407407405,9.222222222222221,5.555555555555555,35.37037037037037,2.2222222222222223,15.462962962962964,7.12962962962963,4.277777777777778,4.365079365079366,26.034391534391535,4.0740740740740735,4.648148148148148,5.777777777777779,0.2777777777777778,8.712962962962962,0.0,6.111111111111111,15.369444444444445,2.236111111111111,2.0277777777777777,17.962962962962962,17.666666666666668,0.5555555555555556,0.5947712418300654,1.6666666666666665,2.1666666666666665,2.7777777777777777,1.4814814814814814,8.777777777777779,3.1018518518518516,6.796296296296296,0.0,5.5,2.2222222222222223,1.3194444444444444,43.044444444444444,2.5555555555555554,3.908333333333333,3.5370370370370368,0.0,15.166666666666666,0.0,3.3333333333333335,1.1111111111111112,3.375,2.7870370370370368,2.611111111111111,0.37037037037037035,0.37037037037037035,0.4444444444444445,0.6666666666666666,0.5555555555555556,4.555555555555555,1.3888888888888888,5.0,0.0,2.3611111111111107,1.9814814814814814,0.20833333333333331,355.6269841269841,1.6666666666666665,4.62962962962963,2.388888888888889,1.1111111111111112,2.8333333333333335,0.37037037037037035,0.0,0.888888888888889,0.5555555555555556,4.777777777777778,0.0,0.5555555555555556,0.22222222222222224,0.5555555555555556,0.0,0.0,0.0,1.4074074074074074,0.18518518518518517,0.0,4.444444444444445,0.0,1.3888888888888888,0.37037037037037035,0.8333333333333333,0.0,0.0,0.6481481481481481,1.9444444444444442,0.0,0.0,0.0,0.0,3.333333333333333,1.1666666666666667,0.0,4.722222222222222,3.2916666666666665,0.0,0.0,0.0,2.2916666666666665,0.0,0.0,0.0,0.0,0.41666666666666663,1.7777777777777777,0.0,0.0,2.2222222222222223,0.0,0.0,3.333333333333333,5.300925925925926,0.0,0.0,0.0,0.0,2.6666666666666665,0.6944444444444444,0.20833333333333331,0.5555555555555556,0.0,0.0,0.0,0.0,0.0,3.125,0.0,0.7407407407407407,0.0,0.41666666666666663,0.0,0.0,0.0,0.0,0.41666666666666663,0.0,0.0,0.47619047619047616,0.0,0.0,19.083333333333332,0.0,5.0,0.0
16.70175438596491,1.8506683375104427,2.2222222222222223,11.374987974987974,4.164578111946533,10.208333333333332,7.277777777777778,33.90594541910331,11.435185185185183,76.064580643528,6.203703703703704,12.083333333333332,1.1111111111111112,12.158045576905225,3.0,13.91812865497076,3.3333333333333335,28.813947748158274,4.444444444444445,6.537037037037036,10.58641975308642,12.777777777777779,6.48015873015873,8.666666666666666,17.892857142857142,22.215538847117795,121.0996968431179,1.9696969696969695,92.61401768309662,10.073099415204679,12.615079365079366,32.49001924001924,24.23348143084985,34.11062378167641,33.91228070175438,51.02918217260322,39.65422077922078,2.862990810359231,42.15758778258778,34.52850877192982,12.029594820384293,8.333333333333332,3.984962406015037,22.515873015873016,9.444444444444445,11.887806637806637,17.149749373433583,15.782894736842106,0.0,15.925925925925926,0.37037037037037035,0.11904761904761904,11.666666666666666,3.0317460317460316,4.742424242424242,0.47619047619047616,11.966991341991342,0.41666666666666663,7.499999999999999,4.38749502990989,4.347326649958229,4.2592592592592595,1.1111111111111112,4.25,0.37037037037037035,0.0,7.5,3.333333333333333,1.277777777777778,0.47619047619047616,13.373015873015873,0.5555555555555556,0.0,0.0,8.357142857142858,0.0,1.8518518518518516,0.1875,0.41666666666666663,0.16666666666666666,1.1111111111111112,0.1023391812865497,0.0,0.0,4.75,0.0,0.0,0.0,0.0,0.0,0.0,0.41666666666666663,8.333333333333332,0.0,0.0,0.0,0.0,0.9055973266499582,19.944444444444443,0.0,0.0,0.0,0.0,0.0,0.0,4.428571428571428,0.0,0.0,0.0,0.0,0.0,0.0,4.655555555555555,0.0,0.0,0.0,0.6666666666666667,0.0,0.0,0.0,0.7407407407407407,0.0,0.0,0.0,1.2962962962962963,9.610119047619047,0.0,0.37037037037037035,0.0,1.8518518518518516,0.0,0.0,0.0,0.7167919799498748,0.5,19.833333333333332,0.0,0.0,0.0,1.1111111111111112,0.0,0.0,0.0,0.0,0.0,0.0,0.0,0.0,0.14447884416924664,0.0,0.0,0.0,0.0,3.333333333333333,0.0,2.2222222222222223,0.11111111111111112,5.0,0.0,0.0,0.0,1.0,0.0,0.0,0.0,0.0,8.10735171261487,0.0,0.0,0.0,0.0,0.41666666666666663,0.0,0.0,2.2222222222222223,0.0,0.0,0.0,0.0,0.47619047619047616,1.6666666666666665,0.0,0.0,1.3888888888888888,0.0,0.0,0.0,8.531746031746032,0.0,0.0,0.0,0.0,0.0,0.0,0.0,0.0,0.0,0.0,0.0,0.0
243.74382810107616,26.757633943117813,77.33511575043833,383.5375842299377,47.404082160723526,20.279687556569275,96.84603529420892,353.51825717827415,35.6593763415,693.5420526350573,98.93132854166578,274.02385285738404,14.86566487135747,168.4389093420977,17.635270774976657,113.9465389165234,19.4440300340838,427.68107237012316,106.52332659678564,45.45958766648422,30.45233371941152,84.56831126459095,146.24008130459742,12.516594516594516,164.35375781981443,259.67093226581164,1667.4978123927694,28.105420964410527,628.1703840225241,156.96018635755735,181.97845812856377,374.0098314286839,257.0601340803231,460.4604463964363,404.41709879489514,539.497560702993,301.94331742813966,140.9880949532709,573.472069786839,137.41961439969768,218.4937954816987,75.66574145189736,209.23353917268096,592.4504254577025,7.6165377805870165,131.53835330100625,178.45270651943807,82.87193944048782,28.714168696695577,57.07780764635603,2.3608124253285543,26.182987153880738,79.95853839328913,99.44063717047588,40.7402927120669,5.395622895622895,230.22545275511806,3.8790555322813387,19.70169048394855,60.22390744792178,33.43782745530057,14.219750765803397,7.0801795006340456,20.88028028690168,11.531676209095563,67.35812872005442,37.62608806963645,11.446080104682256,28.408446989092152,14.746031746031745,97.70680512239652,6.092592592592593,21.417696785021345,37.57666610213753,87.67254232695409,1.378968253968254,25.880981303590243,4.432178932178932,2.818786947819206,40.21996131460078,18.824545295300812,5.776155370913435,9.505689135454531,85.07937057466627,14.496108870397295,11.127415598796402,16.37808577324706,94.74681292423227,12.484794178342565,10.697009277730281,15.641214845760299,10.373783922171018,8.453703703703702,0.23809523809523808,5.391406383341867,2.5461876832844577,11.156379462831076,10.272727272727273,151.3554760973325,8.651503651313899,5.8713750407298795,9.070032118419215,7.818996415770609,67.46771284271284,15.389169472502806,13.478162851976894,0.926197458455523,25.45088691098878,10.583713535919419,11.334392310198762,13.558846036118762,3.7810904746388614,21.738826232247284,3.3299197815326846,33.783081971791646,9.976997315706992,5.980670762928828,10.195286195286196,6.072416432631487,3.777657527657528,4.982761563406725,14.67375366568915,10.728463591366816,1.574074074074074,7.408497416561932,70.60329011532929,3.024833589349718,3.4252199413489737,31.701358826358824,3.7037037037037033,15.059217365668978,1.7150537634408602,4.726702508960574,27.846062002513616,7.904761904761905,451.44238173586325,15.435225915064624,3.627450980392157,4.9297340607501035,9.516326863101057,2.4623655913978495,2.1439393939393936,0.581622678396872,4.305007318448179,9.34307948768733,2.234126984126984,5.923672205930271,2.8723974438260154,2.4731182795698925,20.748366013071895,33.5844132611426,26.448412698412696,0.8440860215053764,3.3939393939393936,0.35185185185185186,3.3838383838383836,14.941624385172771,6.595680305357725,0.3193843193843194,0.37157287157287155,7.935432758962171,6.398989898989898,0.0,0.2583438067309035,6.2790781168917364,51.73810616992435,35.67435829093174,3.944444444444444,0.5194805194805194,11.99143508820928,0.16666666666666666,2.7777777777777777,0.4673721340388007,7.547619047619047,18.936868686868685,1.6666666666666665,0.4301075268817205,34.519841269841265,43.814333814333814,3.4332029977191265,4.41919191919192,6.539833822091886,1.2037037037037037,2.3529411764705883,0.0,3.009259259259259,0.75,0.7078853046594983,3.333333333333333,6.966329966329966,0.20833333333333331,7.730158730158729,6.583103764921947,0.5555555555555556,2.4372759856630823,3.642135642135642,1.4285714285714284,0.2777777777777778,6.666666666666666,0.15712682379349047
80.96375106375106,75.11305356927399,23.795835337502005,370.14248497390014,106.29663959860038,42.504629629629626,87.99703805822806,249.1171133332898,301.4907979003567,500.71964201217776,219.21465432715434,231.2266872335838,45.15219718553052,181.5362012987013,64.21816578483245,501.9321908598224,80.47429280958693,324.17784698054305,54.42093073324957,57.82007248817594,103.26422959756293,129.845987918875,574.2563511586242,57.755989437121116,246.82498569165236,251.48993660660327,1738.8354526452483,101.30815060508043,599.8987790182011,420.74838126047274,232.16493631167543,508.41217860590376,195.88325584589953,575.4526528320607,434.33211834008404,1304.4385177492902,190.50087504590616,98.88203966953967,549.4458381444603,318.1537651391818,263.2874475976656,159.19791798378753,145.0648148148148,342.004126265891,54.51190476190476,158.14708630887625,462.8231363576698,422.0837341670675,272.23067272233936,16.748015873015873,20.749074074074073,12.514584957401048,64.68955150851703,23.618077601410935,39.23648881982215,23.491398108064775,111.65379796874049,33.454585537918874,228.99903643923253,156.14709796376462,84.58560205226871,191.4919963025355,14.05864197530864,78.01568681112292,105.0051649331061,55.82624859708193,12.608024691358024,137.7170634920635,42.687289562289564,31.434628026294693,381.9409571909572,35.77619047619047,16.415079365079364,7.580246913580247,15.531746031746032,24.100829725829726,13.893713040771864,12.250837742504409,25.797171347171346,14.003968253968253,35.157407407407405,20.265893057559722,36.32374003991651,369.48488455988456,63.5421221480045,16.48001443001443,140.18486970545794,51.01587301587301,55.83386335886336,55.796119039892986,29.205190796857462,78.54644059644059,22.785052910052908,20.958838383838383,60.83324514991182,60.93541211874545,204.6404200737534,1.3888888888888888,80.82720479871017,25.995116956772158,59.264550264550266,4.131613756613756,17.85698252364919,14.051190476190477,7.484126984126983,106.23667628667629,9.27404295051354,2.761904761904762,24.997040459540457,78.43700897867565,44.359848484848484,11.168518518518518,37.76483388150054,15.519400352733685,20.969973544973545,6.949164851125635,18.46749238415905,4.707671957671958,5.525813692480359,7.698412698412699,84.7034595034595,80.95462962962962,96.20267037489259,14.492592592592592,16.814935064935064,20.842171717171716,2.1031746031746033,19.16111111111111,3.666666666666667,64.24825637325637,22.127175131561096,17.526094276094277,16.275781625781626,69.28044774916816,0.6878306878306878,39.61030077696744,17.236507936507934,2.0555555555555554,15.28433541766875,22.30787037037037,19.60185185185185,4.083333333333333,23.801388426388424,161.76719576719577,15.782687991021323,11.681746031746032,2.2703703703703706,8.519841269841269,16.173456790123456,7.083333333333333,26.417360109026774,0.8333333333333333,7.962962962962963,3.0539682539682538,0.4012345679012346,11.238656405323072,8.856878306878306,67.02283206238582,15.677513227513227,2.888888888888889,10.590608465608465,0.779320987654321,17.67037037037037,69.97979797979798,7.055555555555555,10.175925925925926,14.88753900420567,0.0,8.503968253968253,9.707407407407407,2.4074074074074074,14.206204906204906,11.629148629148629,0.8217338217338217,5.05050505050505,0.5396825396825397,0.22222222222222224,6.906746031746032,3.9777777777777774,9.610449735449736,0.47619047619047616,3.4656084656084656,2.3664021164021163,10.356709467003585,17.258818342151674,1.8777777777777778,0.8333333333333333,4.074074074074074,2.2222222222222223,7.7447089947089935,2.388888888888889,1.3095238095238095,5.489814814814815,4.553030303030303,16.137991021324353,5.797720797720798,2.8293650793650795,0.9126984126984127,38.33862433862434,0.0
1.6666666666666665,19.310405643738978,13.242504409171076,184.32949457949456,9.502104377104377,5.464285714285714,90.63078279744946,145.52704856871523,28.419973544973544,298.5228498353498,48.81261022927689,14.395502645502646,14.987484737484737,34.33201058201058,11.838624338624339,2.7777777777777777,1.6666666666666667,21.492724867724867,61.665079365079364,12.277777777777777,8.4508547008547,76.49023199023199,23.510893246187365,2.1666666666666665,74.29761904761905,162.46227152477152,1247.2070051861717,27.04292158458825,173.92768805268804,68.06393298059965,55.199500455452835,136.89357864357865,41.773148148148145,393.1451705145314,151.7878213834096,205.0463217338217,57.9033374033374,353.7955632330632,169.91760862594197,128.90384846634845,82.62449124949124,59.1531339031339,10.444444444444445,168.09343434343432,7.817460317460317,2.0496031746031744,161.6657647907648,6.744047619047619,19.02821869488536,1.0714285714285714,10.097883597883598,1.2103174603174602,9.517094017094017,24.875661375661373,29.95899470899471,5.646825396825397,3.492063492063492,1.5277777777777777,2.138347763347763,86.30299847211612,13.681250847917514,17.99206349206349,72.00667388167388,4.583333333333333,2.5198412698412698,8.742063492063492,21.125,3.8492063492063493,60.148569023569024,13.396825396825395,5.21031746031746,12.759700176366843,0.7142857142857142,12.631673881673882,2.2222222222222223,3.22542735042735,2.361111111111111,0.0,8.496472663139329,2.5833333333333335,0.5555555555555556,1.972222222222222,4.404761904761905,3.1666666666666665,25.243735100877956,0.5158730158730158,16.62169312169312,31.529761904761905,5.698412698412698,6.538034188034188,2.380952380952381,0.0,1.9999999999999998,3.571428571428571,2.4444444444444446,0.0,0.5,1.3888888888888888,0.0,5.880952380952381,10.74074074074074,3.0370370370370368,1.25,0.0,0.2777777777777778,0.7222222222222223,0.18518518518518517,6.76984126984127,11.706349206349206,1.4087301587301586,1.2037037037037037,1.8650793650793651,0.0,0.3333333333333333,0.0,0.3333333333333333,0.25462962962962965,8.535714285714285,0.0,9.125297541964208,6.417989417989418,7.868827160493827,2.0,0.7407407407407407,0.0,1.5909090909090908,0.0,0.8333333333333333,25.831349206349206,0.0,0.0,0.7936507936507937,8.981583231583231,0.0,7.368386243386243,2.5,0.0,2.462962962962963,15.444444444444445,0.0,0.0,0.6613756613756614,1.1111111111111112,7.685185185185184,9.755952380952381,0.0,0.47619047619047616,1.4285714285714284,9.547008547008547,1.375,0.0,6.9230769230769225,0.753968253968254,3.5303030303030303,0.0,0.0,0.0,0.0,0.376984126984127,6.497354497354497,0.0,11.732397232397233,0.0,0.0,0.18518518518518517,2.9166666666666665,0.0,0.16666666666666666,11.208994708994709,2.0291005291005293,8.333333333333334,0.3333333333333333,0.0,6.546296296296296,0.0,5.348084014750682,49.89592352092352,0.8333333333333333,2.1865079365079367,0.3333333333333333,4.444444444444445,0.0,3.537037037037037,0.0,2.638888888888889,1.0416666666666665,31.842712842712842,0.0,3.861111111111111,0.5555555555555556,0.3333333333333333,21.082010582010582,0.0,0.0,0.0,1.8333333333333333,0.0,51.407407407407405,0.0,0.11111111111111112
2.5185185185185186,48.942051831603024,7.515400978133897,99.55941347932176,44.18939548106215,2.0436507936507935,140.2092457136453,213.02424089586134,194.43402109162977,441.06667912679785,271.0415143984923,178.00577848455535,24.47808036666806,446.92728200017683,40.72270852802457,103.94329810401238,47.97105440855441,30.144506326229013,88.00289679933643,36.70416157916158,56.98508127674794,93.31627618663639,397.12419759477024,27.79472687806021,304.62634189102664,90.96662999138056,2456.0433159322583,112.57236692097742,682.3427791660812,400.66479864086494,161.10778089402038,449.45846157334205,280.7073349490016,977.095738533429,291.690440175034,1521.6908002310163,355.5840440339092,381.3805861890356,661.3344344587139,153.92773729538436,149.32989078703636,476.6347371764038,36.47101279787615,188.58533248207505,2.7734487734487736,128.94318952652284,352.0356676796311,239.49530946918438,189.21048331397793,7.29066304066304,33.16860361860362,4.153099342852664,48.77882217923497,73.87368276884406,13.484817651484317,5.034073730502302,3.5093795093795093,21.965751704722294,538.2094605767631,64.90642875642875,81.74724543529888,1246.1936345179952,1.353615520282187,70.73637190169448,4.197464572464572,37.022144770800686,0.21164021164021163,54.68295196866625,78.88969690440278,5.067460317460317,207.79463393749108,9.368145743145742,0.24234693877551022,2.1033364783364785,3.7037037037037033,21.923786903704677,1.5873015873015872,0.9686310421604539,121.41735222449508,8.456916099773242,4.267118243308719,4.4007381507381504,78.84101034125966,36.25389344954562,35.08965527773131,1.8764568764568765,11.56211888469953,44.60060288036478,14.522486772486772,38.214823188507395,3.333333333333333,131.93884125134124,34.7779489029489,60.91336378742394,58.935649318002255,4.683484504913076,0.6349206349206349,0.5128205128205128,10.955923798029062,4.980255855255855,10.961338044671377,4.613425925925926,10.901755651755652,33.157499907499904,4.971200096200096,17.58994708994709,0.744949494949495,14.511913351199066,35.4445646945647,3.5104445818731533,3.3872634646628454,1.6666666666666665,3.0866434616434617,9.16364341435499,24.713684463684462,5.110910694244027,1.7893217893217894,6.408850408850409,0.2777777777777778,8.196762893191464,14.203703703703702,54.00453712953713,7.623695748695749,2.741210178710179,0.0,0.0,2.3333333333333335,16.429917226059597,0.2142857142857143,2.1664814851089362,66.19787402140344,5.622461779324524,8.110569985569985,91.44007626360568,3.1310118452975595,0.7279860505666957,4.297739297739298,1.1452119309262165,3.691919191919192,3.6203703703703702,0.75,6.624338624338624,19.75269564743249,3.3877551020408165,21.05779405779406,0.0,2.644300144300144,1.1035492285492285,25.168542568542566,2.6636604136604136,2.604437229437229,2.816137566137566,10.872959673379842,6.875994375994376,15.121349615114863,0.6547619047619047,0.31746031746031744,55.62244237244237,10.654551779680778,15.68928293928294,1.9576719576719577,1.1505029362172219,1.9047619047619047,1.6798941798941798,1.6666666666666665,12.106541606541606,7.460939931528166,0.2777777777777778,22.26471059804393,0.0,26.56641969141969,2.8852513227513223,6.91358024691358,16.710139547113098,1.4930875576036866,3.3221288515406164,0.2564102564102564,10.869218744218744,1.8010424462037364,1.8703703703703702,4.46969696969697,1.9999999999999998,4.52020202020202,1.917989417989418,27.66197691197691,4.537037037037036,18.920334295334296,33.966931216931215,9.476190476190476,1.6718426501035197,0.7063492063492063,49.84750756879489,2.333333333333333,24.051248134581467,2.453904120570787,21.125245125245126,0.17094017094017094,24.242969992969993,2.9761904761904763,4.3710918710918705
152.5336372381827,93.21482683982684,1.1111111111111112,709.486441697538,72.73252364919031,7.7964165464165465,75.04968734968735,229.21199263699265,75.05453651286984,534.0908464509512,127.98563618386851,227.1211034063975,3.7229437229437226,144.57596909263575,0.8441558441558442,424.9429348149045,16.972162097162098,291.02611429585136,90.10807374443738,171.41488603988603,43.58600658600658,235.78718391597178,273.8750222000222,4.931096681096681,145.5146905563572,372.38311506114536,1661.8526645320624,43.76899951899952,875.3463902352792,306.5192841565543,213.2301818832122,378.7628744712078,136.87847642123958,786.7546444284743,358.2511454594788,903.619394652976,378.81324989228216,216.4827660087761,787.6735389470238,244.98778166278166,142.1724217140884,85.90078563411896,255.58254948161365,603.0442858908768,2.868867243867244,52.162296738054316,273.0569575486242,91.30790043290042,23.79858639303084,108.27867965367966,2.7962962962962963,6.391855058521725,125.63160198387472,35.537758537758535,16.924242424242426,12.889309764309763,25.31060606060606,4.2201779701779705,59.28800057966725,157.00240037740036,130.97984237984238,60.10693241943242,7.210372119463028,41.79229104229104,6.390489140489141,46.116320127683764,1.1111111111111112,33.733645983645985,44.47863556196889,1.2222222222222223,252.0506374716901,8.521885521885523,14.482212232212232,53.716166913894185,66.7329661079661,5.748237873237873,45.71845438512105,7.1641414141414135,8.85064935064935,57.85608064774731,17.410020632389053,12.05076019659353,12.187786960514233,64.39813812730479,31.977994227994227,29.751082251082252,14.5377886002886,13.673280423280422,12.475709475709476,23.782500327954875,25.266965357874447,19.73158323158323,4.861111111111112,0.23809523809523808,1.3518518518518519,3.8762626262626263,15.465929132595798,2.7398989898989896,214.0124434506155,23.51818181818182,0.3896103896103896,8.409090909090908,4.444444444444444,26.939574314574315,15.234006734006734,28.533249158249156,2.95959595959596,2.72188995215311,4.542929292929293,25.493085618085615,124.46411809290596,4.811026936026936,2.5,2.4808201058201056,13.806709956709957,29.40812890812891,22.997474747474747,8.257575757575758,7.002405002405002,1.2886002886002887,10.07435465768799,42.63961038961039,15.243073593073593,0.9848484848484849,7.667388167388167,151.48340502090502,4.0476190476190474,3.3177609427609425,14.43001443001443,1.7824463118580764,4.697643097643097,6.706188872855539,0.0,229.64800384800384,1.8253968253968256,221.66602568307113,59.095418470418466,0.0,26.905188246097335,9.959235209235208,4.419753086419753,2.9797979797979797,1.9191919191919193,1.5,20.120864731975843,4.959315375982042,14.627705627705627,3.2537878787878785,14.190155523488857,9.722222222222221,60.621208477269086,3.333333333333333,0.7777777777777778,25.50167806050159,1.7195767195767195,8.0347923681257,8.54040404040404,12.361693861693862,16.072310405643737,0.8441558441558442,4.9646464646464645,6.3686868686868685,3.333333333333333,7.8896103896103895,6.44949494949495,20.013566399930035,35.022375772375774,0.2777777777777778,4.426647426647427,11.923310485810486,0.7142857142857142,1.507936507936508,3.641975308641975,0.5,10.224456099456098,0.0,0.0,3.077601410934744,0.3571428571428571,2.702020202020202,2.575757575757576,1.1313131313131315,0.37037037037037035,0.0,0.0,5.277777777777778,0.5681818181818181,4.12037037037037,0.0,19.100468975468974,0.0,8.912818662818662,12.755148891512528,1.898148148148148,3.5103785103785103,24.325517075517077,0.0,0.3365384615384615,0.41666666666666663,1.4141414141414141
220.22669623404917,19.666666666666664,0.11904761904761904,409.1255973715651,93.82967631497043,0.20833333333333331,141.25163398692808,867.7884026305079,37.34920634920635,1122.5243845817374,290.0515873015873,181.69563751426494,8.924019607843137,22.92203548085901,3.751322751322751,395.4645969498911,12.222222222222221,246.44613030397343,13.591581076875194,2.666666666666667,1.1111111111111112,24.450708061002178,137.36111111111111,24.333333333333332,333.32150007150005,221.4966931216931,2682.0893274154605,52.65639589169001,899.7232632819209,407.46560846560845,117.44195755225167,204.64646702698172,175.22222222222223,640.2787064968437,427.9259259259259,487.10124234879135,550.2264878173492,82.66484341484342,495.8868479015538,427.5512740183793,104.66137566137566,64.93055555555556,305.75936948853615,434.99976247809064,10.333333333333334,37.63486513486514,104.78968253968253,69.37037037037037,71.82936507936508,6.574074074074074,4.166666666666667,0.8134920634920635,49.0,2.8373015873015874,6.3852813852813854,9.238095238095237,19.696482439129497,10.0,29.862055933484502,84.7531746031746,139.41666666666666,0.0,20.53174603174603,23.94200244200244,3.9999999999999996,6.469135802469135,3.333333333333333,7.072310405643739,11.833333333333332,1.349206349206349,66.99118165784832,1.6666666666666665,2.268518518518518,4.045530492898914,29.83399470899471,0.41666666666666663,2.7777777777777777,3.8888888888888884,15.0,35.35185185185185,15.416666666666666,3.8888888888888884,6.833333333333333,26.870370370370367,11.170634920634921,5.694444444444445,48.78174603174603,4.092592592592593,0.0,0.0,1.1111111111111112,1.6666666666666665,5.481481481481481,4.166666666666667,16.22222222222222,0.0,5.071428571428571,0.0,125.91541541541541,0.9150326797385622,4.555555555555555,4.166666666666666,1.1111111111111112,7.428571428571429,28.039682539682538,13.055555555555555,6.944444444444445,3.571428571428571,3.8888888888888884,11.527777777777777,1.1111111111111112,5.0,65.5052479977292,5.046296296296297,20.194444444444443,4.722222222222222,2.2261904761904763,1.1574074074074074,5.555555555555555,0.0,1.1111111111111112,3.333333333333333,10.021825396825395,2.0,21.35978835978836,13.007936507936508,3.333333333333333,1.1111111111111112,0.8333333333333333,14.087301587301587,18.88888888888889,4.555555555555555,0.0,11.5,6.944444444444445,33.57470279345279,2.301587301587302,1.1111111111111112,0.13071895424836602,19.814814814814813,1.5277777777777777,0.0,3.333333333333333,0.0,6.0,1.6534391534391533,0.0,2.4074074074074074,0.0,0.19607843137254902,5.5,0.0,0.0,1.6666666666666665,0.0,0.6666666666666666,0.17094017094017094,1.1666666666666667,1.6666666666666665,0.0,7.230392156862745,0.0,0.0,0.0,0.37037037037037035,0.0,3.1388888888888884,0.0,0.8333333333333333,6.71957671957672,0.0,1.7142857142857144,0.31746031746031744,0.0,5.444444444444445,2.944444444444444,0.0,0.0,0.0,1.8055555555555556,0.0,0.0,0.0,2.7777777777777777,0.0,0.0,0.0,1.6666666666666665,0.0,0.0,0.0,0.9523809523809523,0.0,0.6666666666666667,0.0,0.0,21.416666666666664,0.0,4.444444444444445,11.180555555555555
170.81625177940967,214.85851802518468,266.5523915736635,628.8929244875065,426.9014235046008,129.15290470846026,852.053341961313,1699.428888697851,656.7183093271349,4472.763846773888,1310.9854600870003,550.316503974373,549.2425577671191,1095.5932755979065,96.49726343615232,167.45713950174735,112.11415875790875,92.67634186800854,987.0393152370555,252.10928715533979,215.32595645095645,373.56383080761304,566.8308861379037,205.4154430446097,1756.8613677676,1329.6192753046628,16239.49456960185,726.4841110964583,3307.3792715667396,1518.5618979038386,1657.2749937427,2550.611473254232,571.4648128181376,4534.892004084158,2002.6443407101997,3308.833681774884,1365.966124034362,6139.073011805598,3130.402254504097,785.3510259754335,889.5378645418007,739.053529622157,116.53795599825011,1755.779308048247,175.39607133969878,481.41378220544885,861.5410969672837,190.0883118424785,499.22569730041124,9.896224146224146,268.8999731749732,13.712361712361712,251.55397434549798,647.6199358929492,146.77163731330398,159.40801605801605,249.33030395530395,64.38252963048528,105.54371754788421,652.2989619679021,510.81967089896284,5261.074875345722,330.37776604541085,61.74910918783468,67.89626684231948,131.51514149430815,313.93386676252806,105.4202847805789,607.6006298681953,86.45073753407087,116.16326798395829,363.3105255184965,10.848544973544973,121.2277676027676,36.55555555555556,97.3968099801433,26.556674806674806,5.625432437932438,79.94141483710514,17.53240740740741,18.454144620811288,67.8048928195987,364.86254655140937,55.21858289952919,219.71026900788806,10.062169312169312,319.56484876778995,648.230114389299,105.70807016675312,75.98610176373334,22.429065719855192,12.72971102971103,248.65266970640056,84.3558756058756,173.56476632444324,82.71981721981722,5.353835978835979,50.80491635271047,10.605820105820106,42.3286104327771,416.09667647167646,107.19597532097532,12.354978354978353,12.207886557886557,15.918868168868169,66.39462199021023,16.055675805675804,340.18020993656415,176.96557353322058,13.63322911656245,80.952033871589,7.665079365079365,66.96969696969697,24.513511139222715,25.39567192067192,4.156585698252365,18.312650312650312,265.48069042431786,7.966269841269841,117.8186904064097,45.92861952861953,165.4032053337609,134.8223258223258,81.5049395049395,12.239153439153439,9.258207070707071,2.2777777777777777,32.939466318942024,32.0787037037037,35.73377702544369,24.958200441533773,36.37611970455108,114.26657663324329,45.111896273660975,41.82216703050036,9.61574074074074,8.786492747019063,42.19470344470344,219.08843223769694,48.84920634920635,10.639200124494241,3.7638287638287635,18.570732143100564,113.97374848144283,49.82233398409869,3.503703703703704,8.318518518518518,4.90079365079365,150.76009818641398,18.90674603174603,5.170767195767195,22.06308506308506,63.55823660725621,94.25142405903276,29.86195286195286,12.981481481481481,5.621164021164021,36.353343388637505,86.73060126816577,65.14100782115487,1.3333333333333335,62.175934903876076,0.586111111111111,44.48412698412698,4.832010582010582,35.18315943315943,0.0,44.27969715469715,68.55769600769601,11.93068783068783,120.21898132519794,38.43068783068783,4.2028218694885355,139.96105757545243,1.8148148148148149,7.925281508614842,141.887987012987,16.862073112073112,50.63822751322751,1.7916666666666665,11.731481481481481,6.517857142857142,55.731140772807436,0.7916666666666666,84.77505133755133,7.065079365079365,694.5211334598589,0.0,67.94275461380724,9.216931216931217,27.084656084656082,1152.5987254593915,21.756613756613756,3.775573192239859,1.3515832932499598,61.90314623647957,101.8103378103378,873.0419374411758,12.282581453634085,93.68961131461131
0.47619047619047616,6.666666666666666,4.225589225589226,13.268879268879267,5.037037037037036,1.6666666666666665,3.984962406015037,16.246031746031747,8.126705653021443,38.63251563251563,11.793650793650793,4.523809523809524,2.7777777777777777,27.49134199134199,3.2804232804232805,5.555555555555555,2.5,50.6468253968254,11.11111111111111,4.166666666666667,1.8055555555555554,6.019300144300145,16.076580339738236,1.1111111111111112,4.055555555555555,6.944444444444444,60.6635101010101,11.11111111111111,26.724867724867725,4.842105263157895,6.675925925925926,14.497970779220779,8.333333333333332,18.85185185185185,12.142857142857142,50.02053745474798,15.166335978835978,18.333333333333332,30.99001924001924,8.88888888888889,5.984962406015037,32.666666666666664,27.21527777777778,62.58465608465608,4.920634920634921,10.396825396825395,27.81228956228956,3.5087719298245617,15.564327485380117,2.2222222222222223,3.333333333333333,0.0,0.0,0.0,0.0,7.388888888888888,10.769841269841269,6.666666666666666,14.554580896686158,10.303030303030303,0.0,1.4444444444444444,28.730158730158728,4.476190476190476,5.0,5.888888888888888,2.7777777777777777,4.144736842105263,4.444444444444445,2.738095238095238,6.786549707602338,0.0,1.6666666666666665,0.37037037037037035,12.0,1.3888888888888888,6.349206349206349,2.0,0.0,6.777777777777777,13.333333333333332,0.0,6.666666666666666,6.666666666666666,0.0,0.5555555555555556,1.4444444444444444,0.0,3.333333333333333,4.722222222222222,3.409090909090909,2.2222222222222223,0.0,0.0,0.0,5.0,0.8333333333333333,0.0,5.0,0.0,3.333333333333333,0.0,3.333333333333333,0.5555555555555556,0.0,0.0,0.0,0.0,129.16666666666666,4.166666666666666,5.757575757575758,3.333333333333333,1.9999999999999998,1.6666666666666667,3.333333333333333,0.0,0.0,0.0,5.277777777777778,0.0,0.0,0.0,18.895622895622893,0.0,0.47619047619047616,2.095238095238095,3.888888888888889,0.0,2.5,0.0,0.0,0.0,0.0,0.0,8.80952380952381,0.0,0.0,0.0,0.0,0.0,7.894736842105262,0.0,6.666666666666666,0.37037037037037035,1.6666666666666665,0.37037037037037035,0.0,0.0,0.0,0.0,6.666666666666666,0.0,0.0,0.0,0.0,0.0,0.0,0.0,12.777777777777777,0.0,3.3030303030303028,0.0,1.1111111111111112,1.9532163742690059,3.333333333333333,0.0,0.0,2.2222222222222223,0.0,0.0,0.0,0.0,0.0,0.0,0.0,0.0,0.0,0.0,1.4285714285714284,1.6666666666666665,0.0,0.0,0.0,0.0,0.0,0.0,0.0,0.0,0.0,0.0,0.5555555555555556,0.0,0.0,0.0,0.0,0.0,0.0,0.0,0.0,0.0
65.98605098605098,33.550344717011384,29.97788256716828,246.42978024249953,59.90436507936508,7.43987493987494,76.60234144162716,248.97619518274465,27.350749559082892,426.77387115358147,122.89406085134745,59.86747125519055,71.8324777167509,64.11770020103353,26.90613706338178,6.018858126000983,2.5,34.74357520786092,190.43947548175123,13.148148148148147,40.75596625596626,21.44208129379698,72.8166109036207,14.232323232323234,124.50316623411861,262.6875583650855,2542.624062252882,52.32385708137588,680.9606458587399,168.19631184239395,140.89309631212183,506.6629264284493,181.52601682993838,635.8214618722801,219.10270524614103,508.93926309460613,209.35922584133368,987.5618373398423,536.4350862831393,143.50162183495516,154.70579464627085,82.20292207792208,111.6402663262098,240.5148154314821,6.302248677248677,26.36736411736412,134.8312775835535,37.64166851666852,59.37719823749235,0.5897435897435898,12.568339068339068,6.609103859103859,8.267977392977393,41.71059496059496,5.88054538054538,5.01149247577819,12.521645021645021,1.5,24.807800004228575,47.27490809843751,65.89453570756386,108.58467778085756,10.058128436559809,26.145502645502646,5.283730158730159,54.90420073753407,23.91882483987747,3.7176870748299318,41.31803112767165,0.7142857142857143,58.8390022675737,51.45536562203229,0.34013605442176864,88.39967902467903,4.7023809523809526,2.9365079365079367,1.574074074074074,0.3835978835978836,50.083094154522726,2.0294784580498866,1.5665154950869236,18.082010582010582,56.52901683717694,6.781144781144781,42.8872311550883,0.15151515151515152,22.412698412698415,33.24457615623029,12.314474106140773,2.777777777777778,2.142857142857143,3.388888888888889,12.686102883471305,20.86763535823686,1.9444444444444446,2.5332577475434617,14.105820105820106,3.111111111111111,11.637806637806637,11.911252327918994,11.267676767676768,2.683862433862434,3.888888888888889,0.6666666666666666,1.492905242905243,3.2275132275132274,3.333333333333333,18.407358998298356,10.547076380409713,0.596546310832025,10.946127946127946,1.3445378151260503,7.731481481481481,2.0370370370370368,1.4885361552028218,2.876984126984127,0.0,16.703703703703702,5.25058275058275,3.9977808787332596,7.181818181818182,19.41078366078366,9.124458874458874,1.371031746031746,0.4501800720288115,0.37037037037037035,0.0,3.1084656084656084,2.142857142857143,0.0,6.111111111111112,0.31746031746031744,2.1790123456790123,15.771672771672772,37.9041740886979,0.9259259259259259,1.3333333333333333,1.1700680272108843,32.29557816910758,2.1960784313725488,0.0,2.1944444444444446,0.7792561469032057,9.7890700569272,14.718890042419453,0.4761904761904762,8.517917267917268,1.0156510156510157,6.164021164021164,0.3333333333333333,1.545815295815296,5.642857142857142,0.17006802721088432,8.16017316017316,2.9333288871103993,3.517316017316017,0.0,6.738095238095238,4.020562770562771,9.30976430976431,0.4761904761904762,7.664897272040129,2.566137566137566,0.0,0.0,5.187728937728938,1.6666666666666667,0.37037037037037035,0.5353535353535354,0.0,5.778989307697442,2.190957190957191,1.4285714285714286,5.925740330711091,0.0,10.084099136730714,7.476190476190476,0.0,1.6282560032560032,0.0,0.8333333333333333,0.0,16.255050505050505,3.564814814814815,7.0396825396825395,0.3333333333333333,31.552189459052205,2.8095238095238093,7.301587301587301,3.8095238095238098,0.6666666666666666,73.54774945524859,0.5050505050505051,1.6666666666666667,0.0,2.7239858906525574,1.0317460317460319,50.72288087729264,0.0,3.7671957671957674
1.3675213675213675,80.55958393458393,7.333333333333333,286.32804232804233,44.39417989417989,9.722222222222221,157.54761904761904,256.19973544973544,183.05535205535205,453.6544982794983,218.79431216931218,48.09920634920635,146.74537037037038,238.8546176046176,31.22156084656085,70.70117845117845,23.988095238095237,5.984126984126984,56.31030543530544,4.0,10.682539682539682,94.82244607244607,118.50775613275613,113.31580687830687,493.40638528138527,570.0180932128301,2280.408552866886,134.28941197691196,743.1413817663818,540.623556998557,325.13492063492066,501.8385642135642,83.46693121693121,556.1067460317461,344.63953407703406,312.7826109076109,463.9697802197802,723.639880952381,989.364417989418,432.1744829244829,137.4124949124949,206.5,1.5873015873015872,1366.02683982684,103.97925685425685,284.1904761904762,567.8433140933141,5.810185185185185,183.5593573093573,0.0,91.61294261294262,17.365079365079364,182.5248015873016,59.58273208273208,12.03063603063603,47.584776334776336,34.89484126984127,18.63888888888889,2.2222222222222223,62.87842712842713,350.37213712213713,87.4755291005291,13.222222222222223,10.40079365079365,13.50925925925926,50.45238095238095,21.77777777777778,39.290302290302286,204.48842592592592,8.285714285714285,20.896825396825395,5.031746031746032,3.619047619047619,1.1111111111111112,0.41666666666666663,12.531746031746032,21.333333333333332,2.9761904761904763,29.337301587301585,2.5,2.365079365079365,39.75,339.01551226551226,3.253968253968254,20.635836385836384,2.0634920634920633,41.32539682539682,163.42796092796092,7.444444444444445,3.5555555555555554,21.108465608465607,0.8333333333333334,22.202380952380953,83.35383597883597,16.93145743145743,13.031746031746032,13.680555555555555,8.115079365079366,0.47619047619047616,16.899140211640212,70.76577126577126,22.785714285714285,2.3055555555555554,6.23015873015873,3.698412698412698,38.89417989417989,4.0476190476190474,66.33808321308321,14.375420875420875,5.842105263157895,14.964285714285714,1.1111111111111112,0.6666666666666667,5.136363636363637,1.3888888888888888,0.23809523809523808,31.337301587301585,10.907407407407407,2.2222222222222223,13.21957671957672,1.5,15.303030303030303,81.6521164021164,37.72751322751323,3.698412698412698,0.0,0.47619047619047616,35.13492063492063,1.25,77.630291005291,13.165242165242166,0.0,7.9563492063492065,0.0,2.425925925925926,0.0,1.6666666666666667,0.9523809523809523,1.0833333333333333,2.4206349206349205,2.115079365079365,7.361111111111111,0.0,2.4444444444444446,0.8333333333333333,0.2777777777777778,0.0,7.361111111111111,9.773182957393484,0.0,0.0,2.7777777777777777,10.226190476190476,6.546296296296297,2.2222222222222223,5.0,3.5555555555555554,1.8055555555555554,101.29040404040404,12.914631664631665,0.0,5.587301587301587,0.0,25.146825396825395,0.0,2.398268398268398,0.0,5.277777777777778,1.5,0.5092592592592593,1.3985890652557318,0.0,1.1111111111111112,0.5555555555555556,0.0,0.6666666666666667,6.333333333333333,0.9722222222222221,0.0,0.0,2.5185185185185186,0.0,18.924603174603174,0.5555555555555556,4.814814814814815,3.3333333333333335,18.38085063085063,0.23809523809523808,21.52777777777778,7.698412698412699,2.7777777777777777,52.07059314954052,0.0,0.0,0.0,7.476190476190476,0.6666666666666667,10.35846560846561,3.4761904761904763,1.623931623931624
18.217711301044634,81.18965663965663,9.778712028712029,86.1964886964887,46.64954181620848,0.18518518518518517,77.67599822205085,165.62546100413746,41.91118438569419,275.8886382035505,163.60103931156561,117.2322831489498,6.0476190476190474,67.41629049962383,13.518371546149323,25.234247234247235,9.05932030932031,7.764559514559514,31.703274234452724,21.26434368101035,14.083333333333334,8.558922558922559,47.69258056758056,22.776455026455025,135.76186942436942,106.99409561184923,1248.872035620224,21.158990700657366,360.7867800137408,252.701702600232,69.9244967994968,209.11253100662285,64.23620116267175,487.36555310349166,174.21396314226214,531.852289043659,138.71585435357366,242.41048890691746,340.99764157490074,98.11542760072172,65.48855773855773,163.1089607922941,50.33195309981024,174.66869112044552,11.857142857142856,76.8522126022126,327.7547344630678,28.058008349675017,72.79352473566028,0.37037037037037035,4.052910052910053,1.349206349206349,97.07048189646228,6.904411764705882,13.306878306878307,9.554193899782135,2.1515151515151514,32.871719898035686,57.51262626262626,56.924068215734884,108.07957028351765,259.1836037291123,3.368606701940035,12.833333333333334,0.9188034188034189,102.8208442791776,2.227838827838828,21.96139953002698,14.27387735721069,61.64386865857454,72.9361872695206,29.087962962962962,0.6666666666666666,1.3888888888888888,0.6878306878306878,25.86706349206349,2.7407407407407405,3.783700704753336,16.406787656787657,1.6666666666666667,2.148148148148148,1.777777777777778,34.46211196211196,8.634920634920634,16.795010545010545,6.354497354497354,25.73110223110223,1.9722222222222223,14.133333333333333,27.198121552223718,17.885787701577176,3.9444444444444446,49.63670126170126,28.438729480396148,19.582010582010582,6.907407407407407,5.619047619047619,0.9090909090909092,0.6006006006006006,3.2884800384800386,14.471230158730158,12.829365079365079,1.9663299663299663,0.6666666666666667,3.2407407407407405,6.036495911495911,0.22222222222222224,10.195480445480445,32.87500925000925,2.3566339725760015,29.013139638139638,0.0,5.23561061061061,9.564814814814815,3.333333333333333,1.7901234567901234,0.0,0.8835978835978836,1.0123456790123457,1.8777777777777778,12.467592592592592,24.070683945683946,18.041446208112873,16.742063492063494,1.9576719576719577,7.939153439153439,0.8333333333333333,3.4035594035594037,0.6666666666666667,2.4665242165242165,3.997354497354497,1.3876863876863876,4.007936507936508,16.036363636363635,6.317460317460317,0.0,0.7407407407407407,0.42592592592592593,1.6666666666666665,5.265111431778099,0.75,3.8888888888888884,1.5993265993265993,0.0,2.503787878787879,0.39562289562289565,0.5833333333333333,0.2777777777777778,7.722222222222222,0.0,3.2688792688792687,2.2777777777777777,0.5401234567901234,12.229090354090353,1.619047619047619,3.7777777777777777,0.3333333333333333,22.142857142857142,32.51832426832427,2.523148148148148,3.738536155202822,0.0,0.7407407407407407,4.444444444444445,0.5555555555555556,4.295454545454545,1.0173160173160172,0.23809523809523808,36.545414462081126,0.2777777777777778,0.45370370370370366,0.0,1.857142857142857,1.9503519356460532,0.4809269162210339,3.727272727272727,0.47619047619047616,3.4896384479717812,3.573717948717949,0.0,0.0,0.0,4.492784992784993,0.0,55.02104377104377,0.0,28.365800865800864,2.865079365079365,3.5396825396825395,0.41666666666666663,6.134920634920634,7.324527324527325,6.5244708994708995,0.0,0.7502341712868028,75.15807803307803,0.6666666666666667,2.388888888888889,0.0,25.166666666666664
174.13222638519753,31.390088092630986,16.48651197887191,417.0526868267839,62.361209414053214,4.53856690847353,221.05208908779892,345.5687530913196,126.43025401153584,815.8820202676407,178.72518389078738,159.45656102999055,12.503650173005012,134.1419959825095,4.5031518189412925,311.9288201644468,9.064598405430324,276.2689399957358,54.74785032440535,34.465155945419106,13.063088439574008,116.80827547754028,121.18303824861549,23.093030767430715,243.93561682102828,232.76232543043642,1732.4283019990053,80.59184462395454,735.2150985728343,202.09182122429408,324.9623813438569,338.8531641585688,253.35680267287927,440.2244503280157,279.06453880601237,812.8063959127946,465.30261087007295,126.6064805257436,629.2955210792371,375.81014548620055,221.9488738011658,75.90258273111397,301.8408888199033,353.1664711505305,21.622801198989652,182.99588924249366,108.23969996812384,76.71496969671841,77.0548396514847,97.36447954359669,1.763757512059719,13.578546398580354,70.59384712212626,7.707726264177877,26.591742062879582,13.136502873344977,79.06154217777025,12.966870377311803,92.2035953759921,172.18578041307242,74.3370173968646,20.875421402833684,6.234036365017226,52.07052408856313,4.718739970649987,37.06592137019286,16.88087153367289,6.7462344767098585,27.44264717078809,0.0,123.32396376653593,2.6004784688995213,17.290759070364334,37.881829746542664,74.18174873992727,4.342105263157895,19.9735125121373,20.435007974481657,6.671321510031188,69.2154522704308,43.21506927958541,17.993587953265372,7.86946146951549,82.35570261185711,29.06755545592557,7.506970832098166,23.91470734509784,14.458642125025825,13.965211170644107,38.70719038183153,7.691757869987534,4.290706605222734,9.660373853372809,2.453355611250348,2.1678187403993854,3.1883778360858157,18.035890067299235,0.8939393939393938,130.56048771597725,7.071667438390698,8.411953637760089,6.3088010838435284,3.6568100358422937,26.196514012303485,12.964380648591174,22.179726678790395,0.8175987378024729,2.9254042976453842,11.702730473952885,10.750304402256864,23.80251075346769,3.902136818096071,2.587719298245614,0.5069124423963134,21.3439795521714,7.958818417010267,9.779368692993481,1.1416799574694312,8.354327901866101,1.4753740411635148,9.897127145004903,17.168135188084253,6.8787248954906,5.033670033670033,14.785454594452895,90.8051691393918,1.586021505376344,2.9425580079230333,2.1318447634237105,4.569757727652465,12.861799537945547,4.314516129032258,0.6499447543590158,29.822282816849878,30.365079365079364,278.4124016383154,27.263412618109843,0.37254901960784315,38.56755410104692,22.92784114897867,0.6164874551971327,3.4595959595959593,1.6694362984685567,9.979909451046971,44.18121960885119,2.997076023391813,8.406305352824877,0.3822434875066454,4.40714016223354,3.859649122807017,19.323190789268978,0.0,2.703977686150861,0.0,0.7719298245614035,15.749126604389762,10.684678837480195,2.843749702266963,4.885964912280701,0.0,7.284083525311595,0.12121212121212122,0.6432748538011696,0.1911395056556347,13.773720101818572,37.180411428019084,14.429513313788755,1.6975308641975306,7.616389458494721,16.017914817999706,2.546157059314954,0.8771929824561404,3.859649122807017,0.0,12.89739500265816,0.0,0.29569892473118287,3.560985797827903,0.11904761904761904,2.104983050653679,6.42796384901648,3.025466893039049,6.666666666666667,0.3216374269005848,0.0,1.0185185185185184,0.15151515151515152,0.5101238759982394,0.0,4.728791676160097,0.0,4.191919191919192,7.94379716508903,0.8333333333333333,3.334983965289568,1.4754689754689754,0.0,0.0,0.41666666666666663,0.0
28.69030163385002,1.1904761904761905,2.6984126984126986,215.50305021541578,11.297619047619047,4.495884773662551,53.92129629629629,167.21228219212088,14.0521423021423,52.55576890254309,25.08772246272246,17.76228555395222,15.277777777777777,36.336339586339584,10.94428046700774,1.6893939393939394,1.6666666666666665,5.922364672364672,54.38492645347484,0.7222222222222222,2.795698924731183,44.854497354497354,16.14858906525573,0.5555555555555556,159.22234247234246,83.15581657158718,597.8113430186988,17.041847041847042,76.39850755576562,34.07275132275132,48.29256854256854,86.14945667633839,68.71452203710268,166.43231614064948,50.25751563251563,93.87347588691674,33.12926887926888,55.84854497354497,157.81780619818252,83.09630827820791,29.046843240391627,40.118506493506494,27.65559776923413,121.23201937449248,0.7566137566137565,10.11111111111111,19.101669537153406,6.668771043771043,7.161887694145758,7.777777777777777,2.5003885003885005,4.166666666666667,6.29563492063492,10.549382716049383,13.9429012345679,3.5277777777777777,22.96212121212121,3.444444444444444,5.138888888888889,38.43457423699359,9.926184926184925,8.624338624338623,25.476190476190474,3.1137566137566135,4.017857142857142,4.166666666666666,39.757296466973884,3.888888888888889,20.774863676745397,2.5985663082437274,3.82716049382716,0.47619047619047616,3.333333333333333,29.26924001924002,0.0,0.42328042328042326,0.0,0.0,0.32342657342657344,0.0,3.134920634920635,0.0,3.315295815295815,3.3670033670033668,2.238095238095238,3.333333333333333,4.285714285714286,17.107142857142858,0.30303030303030304,4.444444444444445,0.0,0.6666666666666666,0.14336917562724014,4.35626102292769,7.160493827160494,0.22222222222222224,0.0,2.944444444444444,0.0,5.464191324406378,0.0,5.7407407407407405,5.833333333333333,0.8333333333333333,0.5555555555555556,3.3333333333333335,1.6666666666666665,5.813492063492063,3.8095238095238093,0.0,0.41666666666666663,1.9523809523809523,11.893939393939394,1.4068100358422937,0.0,3.333333333333333,1.6666666666666665,3.148148148148148,2.501248751248751,5.811965811965812,2.1515151515151514,32.132306595568245,0.0,0.8465608465608465,0.0,0.0,4.444444444444445,2.5,6.666666666666666,2.083333333333333,0.0,1.1396011396011396,3.179396370256585,0.0,9.382034632034632,0.0,6.666666666666666,0.0,1.1111111111111112,0.0,0.14336917562724014,0.0,0.41666666666666663,3.6363636363636362,0.0,0.47619047619047616,1.25,0.0,0.0,6.318996415770609,0.0,1.8333333333333333,1.4814814814814814,4.685185185185185,0.0,0.0,0.0,0.0,0.0,0.2272727272727273,0.0,58.47354497354497,0.18518518518518517,0.0,0.0,1.25,0.0,0.0,5.198412698412698,0.0,0.0,0.0,0.0,1.6666666666666665,0.0,10.658730158730158,6.666666666666666,1.693121693121693,0.0,0.0,1.6666666666666665,0.875,1.8209876543209875,0.0,0.3333333333333333,3.6666666666666665,4.768518518518518,0.0,0.5555555555555556,0.0,0.0,0.9444444444444444,0.0,0.0,0.0,0.8333333333333333,0.0,1.3997113997113997,1.1111111111111112,69.05280337941628
534.9538366352882,111.24659599659599,129.07666253499585,1399.5357929312704,243.9269411144411,106.59116809116809,543.4891737891737,2610.6617934155074,256.96759259259255,2269.7045986045564,609.9144164477498,379.2656032239365,270.2241927825261,520.2631626820223,47.57959306488718,179.88754360200437,145.90602106227107,287.1000121701102,429.51946445336705,84.20767195767195,115.36170848267622,501.5421075837742,356.842758321925,87.18384462759462,1016.9057385969151,683.5383206425663,6359.294237997118,259.9992353325687,2796.1284026482276,707.1543549043548,1373.8169400497832,1435.0094767830851,672.1291533960335,2374.2149634707685,1120.1944836799003,1835.2668360715065,1203.291216816952,1151.6028986445654,2432.892534387158,854.4166033215092,967.3591268697451,574.577380952381,320.2195767195767,2621.8962616400627,60.40917107583774,211.5841902953014,533.923206153,162.68474118474117,318.4464659892079,81.94444444444444,93.6179538054538,38.150284900284895,149.83757292090624,262.40279393808805,250.63252950752948,120.57775403608736,475.7065187898521,97.81445868945869,343.8551433134766,472.81135421726816,194.72841625966626,536.562737416904,648.0061728395061,88.66330891330891,71.53751803751804,85.01666157916158,189.20809154008077,133.5431166056166,139.88569644214806,164.79827604693196,125.98830891330891,31.26816239316239,37.047839506172835,194.7703899223507,78.2594537815126,45.51448859782193,45.95092203548086,16.049603174603174,85.81084656084656,101.09396621896622,53.46494708994709,65.00947971781305,271.00043243793243,79.0764659722993,84.0510815437286,68.57964489214488,75.56111712361712,171.9166206886795,126.74668803418803,91.40988050015828,89.84783950617283,30.07353825368531,74.6081740342493,47.20238095238095,115.66500474833808,42.76743318409985,33.53678266178266,23.44169719169719,90.46908628771374,107.23171616316777,103.8317901234568,59.071225071225065,21.219135802469133,17.02640415140415,27.10078964245631,93.70436507936508,11.62037037037037,177.45260295260294,33.916977902272016,53.076627384960716,60.49999999999999,12.055555555555555,891.3245193078526,44.401421084888824,107.39814814814814,36.94003527336861,29.040684624017956,37.98924840591507,27.412037037037035,50.37181337181337,102.16402116402116,168.5413679808841,115.72207524985302,36.60548941798942,37.81084656084656,13.402777777777777,30.670634920634917,37.916666666666664,60.556517556517555,121.0787037037037,37.73015873015873,11.25,64.54316501897146,108.61965811965811,17.38888888888889,22.151986720614172,11.322751322751323,13.217592592592592,61.149971941638604,14.120370370370368,13.480969448711384,27.757936507936506,31.430555555555554,20.731922398589063,58.00217864923747,8.958333333333332,16.405982905982906,36.86111111111111,44.479717813051145,64.22465437788019,46.896842355175686,36.72222222222222,4.444444444444445,16.685185185185183,20.282526115859447,8.959876543209877,37.235449735449734,96.91796348168897,17.564814814814813,8.967086834733893,32.916666666666664,82.54990071656738,5.416666666666666,51.94444444444444,4.069444444444445,35.37037037037037,3.8888888888888884,25.756410256410255,34.27777777777778,30.35615079365079,8.88888888888889,89.18287037037037,6.3505291005291005,24.85185185185185,6.666666666666666,19.52777777777778,39.53703703703704,8.125,12.222222222222221,6.230158730158729,41.11111111111111,33.73626373626374,11.222222222222221,5.424836601307189,82.87808641975309,10.777777777777777,313.53046953046953,13.24074074074074,25.17361111111111,12.5,2.638888888888889,8.08910533910534,11.99074074074074,12.442460317460316,7.438293188293188,20.373015873015873,41.07275132275132,15.714285714285715,21.72222222222222,193.4557945041816
3.5185185185185186,17.904828598105908,3.412698412698413,71.86322306700458,39.69417020887609,3.964474678760393,25.728431776751105,432.8303210172958,440.86715320678906,97.1374640765397,431.25637337297,339.59590654443593,1.9047619047619049,840.1609600587192,57.56103552532124,356.76578072306364,61.544372294372295,161.95698279311725,8.002645502645503,25.932106175803654,128.0747228184203,584.6602703241358,704.4997082360528,29.801133079494424,348.41688589447693,37.41032395864328,1644.5408962730392,48.31761812469095,74.25575785869903,133.86820936610852,13.400093370681606,654.5418717992247,251.66162184894677,1259.9917878055132,48.25997671795991,2234.31289542494,461.7505797579327,16.835667600373483,946.2796254476926,177.2925035333999,206.01958561202258,403.1351663042839,11.58994708994709,205.02306089490963,64.40664599173003,41.58898913100594,1441.6415712101987,746.3894708362495,400.0650839589915,4.92063492063492,14.767573696145124,6.853771811755005,42.10828775954826,86.46164021164022,16.688208616780045,17.903861544617847,3.9285714285714284,35.44306611533502,1093.6034467011357,97.41045357536954,240.2503153164918,124.76360478146192,4.166666666666667,112.02401566687281,38.2764131293543,200.5954514673002,5.185963274198568,109.15187034409723,22.248755057578585,1.2222222222222223,630.8444693339651,0.0,2.820294784580499,1.6560846560846563,2.142857142857143,54.10002159371907,24.83357181256341,10.111731716773733,10.523809523809524,4.4300497976968565,12.612144857943177,12.404383975812546,166.23200873200872,226.37353148977797,116.44247423133977,22.96353895093391,13.713040771864302,13.76267173536081,10.45738851095994,10.595238095238095,7.482993197278911,154.97611419600216,2.1666666666666665,0.8333333333333333,94.92931061313415,5.920479302832244,83.81688922655309,3.7123404917522564,6.349206349206349,2.9494909074741007,62.34104753012316,7.103174603174603,27.672846916544394,14.877633881835562,5.87049062049062,98.79859822716965,14.816159797252235,7.006802721088436,15.944444444444445,68.44540947692208,4.666666666666667,18.774798808412253,0.0,14.266484371526388,2.0238095238095237,9.823704229166413,2.7661064425770308,4.918256191365435,9.017572296984062,12.168067226890756,33.30652260904362,185.35139717632714,74.11324327710882,4.88799762329174,8.809523809523808,0.0,0.5952380952380952,25.891928488567146,2.6666666666666665,4.600795873905118,71.84784721969596,18.555399937752878,5.604686318972033,193.24444774024607,16.876984126984127,0.0,13.24179469767705,2.2222222222222223,6.666666666666667,10.721788715486195,26.176081543728603,6.256802721088436,96.03067474075877,0.8333333333333333,5.436507936507937,6.725556889422435,8.004668534080299,20.05963496509715,8.333333333333334,2.4801587301587302,25.71608643457383,20.066137566137566,16.77526111454683,3.9880952380952377,11.944444444444445,10.178237961851407,0.8758503401360543,33.640506319077744,4.75036075036075,1.607142857142857,7.723417649888238,3.240740740740741,0.7936507936507936,22.74724536279158,2.1560846560846563,5.858585858585859,1.7361111111111112,1.7724867724867723,10.164141414141415,2.4976657329598506,49.5487752987753,5.815192743764173,3.839202347605709,0.41666666666666663,2.6785714285714284,0.9285714285714285,0.4761904761904762,21.331821617535905,0.4761904761904762,0.5362144857943176,9.936908770242104,1.6666666666666665,12.421296296296296,16.725245653817083,115.35903250188964,9.506715506715507,0.0,2.2836912542794896,12.746031746031747,0.5555555555555556,13.084847070141187,0.0,0.0,34.90504686723174,8.757002801120448,76.91678691678692,0.7936507936507936,0.0,12.261904761904761,0.0
