740.1432973079839,13866.286359859881,1802.0062880557446,3289.0425398745756,542.1293584359634,2406.892027471439,2439.628477930084,778.0748207774524,119.79978354978354,324.19767413301895,1394.7515625212993,1427.3244720965308,1800.2876498258076,612.6294978169977,98.30637464387465,125.44110811574046,483.63721917272613,1093.6041422836047,1249.851452565752,1352.9531312716658,1949.360008047508,1842.3210362894185,439.5816798941799,113.4313973063973,1839.052845101758,3869.021464658014,1562.5681182482906,1657.7374443639148,731.4196207523413,3450.416502032229,11440.860228422194,902.0617158958036,318.3189333814334,615.8139360231272,2640.179670003199,4300.6870141087775,871.9504532776591,1754.5178145563013,359.43033355533356,2987.4902988764297,1627.950695137766,561.1152593021014,797.5904014830485,931.5742556055055,3120.0348920429415,2206.103084007496,2192.424944705421,699.5366756890844,374.3108001353938,76.21230158730158,1018.9191457033876,240.33169512948925,40.49810606060606,19.440058479532162,34.99034299034299,304.0137778277991,80.5050505050505,5271.150209050209,1361.8921067236856,448.2427825986649,983.6344250692548,6570.208057783882,79.38229104773222,8.291666666666666,1487.4398589714378,223.9632497132497,123.23358585858585,378.59021487771486,260.48125485625485,121.80651725896567,61.5453551078551,42.13824288456641,17.98421717171717,80.00343753468754,21.96031746031746,134.37844239094238,48.27949134199134,74.65148944193062,268.3770396270396,5.00297619047619,3.75,168.43957431457432,447.0550595238095,134.72552216302216,175.35150613275613,89.94651875901876,77.6569264069264,1095.2173286952698,319.6577194233928,183.0443399193399,122.12635488293382,7.055555555555555,81.2368881118881,14.12087912087912,36.570616883116884,22.773809523809522,8.465277777777779,557.1524655899656,71.3444264069264,57.84565897065897,192.9751221001221,2.895021645021645,56.94083285135917,67.43948412698413,4.375,394.07838689088686,45.47835497835498,46.79236319236319,340.7815425315425,33.04680735930736,44.029761904761905,240.86302586302585,19.765873015873016,2.5,342.24810606060606,90.13660644910645,95.18009768009767,597.6857355607356,114.36681374181374,414.6454285093991,157.42449421493538,76.20878427128427,103.89136557886557,21.822089947089946,62.96249787793905,35.09758297258297,5.083333333333333,52.62301587301587,172.90068347568348,4.057539682539683,44.82016594516595,67.17230339105339,1.3194444444444444,68.62670662670662,46.2493894993895,8.599386724386724,13.458333333333334,606.4920634920635,66.0530303030303,834.2434903059902,19.37989094239094,225.10753339797458,45.63528138528138,5.662698412698412,2.0865384615384617,352.17625179174365,1134.0466592656517,15.177128427128427,16.520833333333332,47.24900793650794,74.0,32.7849025974026,52.74623987123987,5.575396825396825,7.430555555555555,661.6711596152386,109.17361111111111,7.5,43.22308941058941,16.96428571428571,6.956439393939394,0.0,17.376082251082252,70.04085497835497,0.6325757575757576,261.1709945025734,102.16338522588522,0.17857142857142855,30.06691919191919,39.06268037518038,26.59731240981241,5.505636724386724,22.846560846560845,52.463023088023085,66.38949938949939,46.368922743922745,1.4285714285714284,2.4839743589743586,18.430555555555554,0.5,14.225709475709476,83.9672619047619,29.049783549783548,3.6309523809523805,30.785908535908536,33.307539682539684,66.40265752765752,102.54009185259184,35.635586635586634,1.9607843137254901,108.09790658687717,6.777777777777778,8.645833333333332,1.6111111111111112,56.51038748832866,121.12842712842712,3.333333333333333,31.102182539682538,9.166666666666666,9.953703703703702
396.0416666666667,4560.3940656565655,576.202380952381,1388.3156565656566,346.4940476190476,1285.3492063492063,96.22857142857143,90.8892857142857,380.0178571428571,90.20833333333333,674.4444444444445,170.0,326.44444444444446,56.041666666666664,44.416666666666664,109.18055555555556,305.5833333333333,272.07142857142856,468.29536435786434,208.16666666666666,264.7142857142857,214.54166666666666,63.5,19.107142857142858,190.33333333333334,936.8930375180375,330.7,449.6620670995671,208.23611111111111,1842.1031746031747,1085.3895021645021,888.4142857142857,30.833333333333332,820.8079004329004,601.6985930735931,621.0178571428571,305.0683261183261,427.4166666666667,163.20833333333334,1819.5744047619048,527.8452380952381,121.70833333333333,738.3055555555555,113.58928571428571,97.06746031746032,1623.311507936508,571.4319264069264,44.916666666666664,168.5,40.5,62.83333333333333,37.5,40.0,6.25,26.0,57.93055555555556,77.21428571428571,54.75,52.29761904761905,81.59722222222221,119.70833333333333,115.16666666666667,562.0555555555555,3.958333333333333,130.41666666666666,273.9166666666667,11.333333333333332,38.5,96.25,146.25,29.375,55.541666666666664,15.833333333333332,30.0,15.0,46.233333333333334,39.166666666666664,5.0,108.83333333333333,16.25,2.25,39.76190476190476,295.0,18.333333333333332,50.0,10.0,23.75,7.291666666666666,44.583333333333336,53.39285714285714,16.5,32.583333333333336,23.75,64.16666666666667,62.5,129.16666666666666,66.28787878787878,75.91666666666667,7.5,25.0,7.5,14.125,6.857142857142857,33.25,11.666666666666666,39.833333333333336,64.5,56.375,118.33333333333333,10.166666666666666,25.555555555555554,71.83333333333333,5.416666666666666,713.5319264069263,9.5,17.666666666666664,71.25,20.125,54.023809523809526,22.083333333333332,4.583333333333333,17.5,40.58333333333333,18.416666666666668,36.0,1.6071428571428572,2.5,42.38095238095238,26.666666666666664,11.0,11.666666666666666,8.333333333333332,15.714285714285715,32.75,32.44444444444444,11.875,13.75,5.0,10.833333333333332,57.5,20.71428571428571,101.875,10.333333333333332,86.75,8.75,99.06746031746032,37.0,5.0,60.44642857142857,20.0,3.5,3.75,4.166666666666666,0.0,8.75,2.333333333333333,10.833333333333334,6.625,7.5,26.25,10.625,5.0,0.0,1.6,0.0,64.83333333333333,77.08333333333333,0.0,11.875,6.25,5.833333333333333,5.0,22.083333333333332,8.214285714285714,10.0,5.333333333333333,26.0,3.333333333333333,1.0,2.5,2.5,3.5,16.666666666666664,9.416666666666666,0.8333333333333333,1.6666666666666665,0.0,14.375,10.0,6.25,10.0,17.083333333333332,0.0,13.0,3.333333333333333,0.0,0.0,4.166666666666666,10.121212121212121,36.32142857142857
2353.691964024096,15340.666550104796,1475.9655483997672,4539.840797060525,477.21091905528823,1652.725948273713,1460.4052474018547,291.56912410345075,160.20181874225992,284.5712822355414,782.6430469032002,421.5739123499766,1204.4968507624917,151.1050658491835,59.007839973338356,57.661217297923955,565.0248263488672,241.11332471994237,938.1433633574887,754.3709834662815,836.8327972369945,238.50424008252955,120.62267103811222,142.2257959211486,960.4758659585958,3588.3766635652755,556.7941623278648,677.6150701696898,208.83719275972047,4533.22134412591,5950.066608414114,678.1946259186626,271.4337935212935,2707.7526821856827,1437.7690632314168,1645.052181329782,434.867467206283,1405.8726171558121,546.8081782732518,3795.9952327360056,961.3329532265593,217.66090544557866,929.4517519602899,327.1286500108979,449.8723849067599,2038.848563900996,1501.5707485737325,210.76802595552596,267.73656968962695,34.57128684807256,288.879368256013,158.49997016872015,137.37964907376167,27.991338951688594,75.95654476242711,286.74118143761,49.440612165612166,857.5988336425643,556.0714215017787,66.1281436817151,169.87008313324102,2080.7786056502728,165.08882783882783,390.7799079169216,248.98368226559015,118.62449899928447,54.839032742283514,93.9809934217829,60.833004857461376,27.571485131321303,14.86620082815735,8.008269508269507,249.13388580787876,47.43299755799756,32.28373015873016,60.69823865218602,18.23514355237044,77.38832926332927,116.12097822812109,4.77056277056277,68.69324650381152,70.36346978185213,95.72585978835978,47.52913059163059,173.30103883045058,30.81241433687086,35.17560421604539,120.7705327080327,72.81666694874899,169.995829198751,214.22109949161032,13.099206349206348,18.771428571428572,44.59145299145299,37.02684468309468,11.972222222222221,43.15304834054834,58.31090967855673,35.47793617201512,11.82260101010101,89.02047258297257,1.1597222222222223,18.505874060150376,135.02740446258247,28.957306582306582,94.20644330085119,88.9432996340891,43.513670969553324,38.08582852332852,69.51940532377839,106.76308923919218,111.17487826314216,45.19831913728972,11.61372655122655,90.83171707678287,27.13311688311688,51.34136696636696,38.99314713064713,47.1367451992452,55.98212065712065,56.83057914307914,17.200702075702075,42.82447066822067,18.030031806817522,48.384261149354025,16.742923742923743,13.272086466165414,24.669938857438858,18.272748085248086,68.89975065139538,13.763095238095238,21.350930523724642,41.323593073593074,10.728650978650979,120.48972545168196,25.41848633392751,9.723031598031598,68.24759037259037,92.33614672364672,115.39470492062404,48.529942279942276,22.258012820512818,8.531926406926406,126.65643327475757,94.1474726254138,61.34065225233704,389.37846490383254,13.757575757575758,7.211291486291486,65.64387899682018,20.24985361860362,19.959235209235207,13.215367965367966,98.78678266178267,116.63577240660574,94.7040612895876,18.3486568986569,1.728583916083916,9.107905982905983,11.672619047619047,46.738666426166425,125.02463323713323,45.00254837754838,27.06878306878307,29.39485351393246,38.29158510621359,23.90430402930403,32.732602339181284,17.494075369075368,6.208333333333333,28.98205266955267,5.454545454545454,7.2288267288267285,12.773268398268398,69.43738029399795,15.840608465608465,3.716810966810967,14.31060606060606,17.943181818181817,1.7149470899470898,6.43073593073593,3.2869674185463658,8.375,161.3542846042846,44.57353043781615,12.1994301994302,18.93073593073593,0.9098124098124099,16.678571428571427,15.09287609320504,15.263870116811294,12.164277158027158,27.25,100.15234193918715,14.26700124494242,41.262462175505654,14.351190476190476,28.71217671217671,18.210497835497836,147.5411075036075
20.553571428571427,1420.9271825396825,239.74940476190474,332.1039682539682,12.916666666666666,308.6488095238095,30.95238095238095,10.666666666666666,149.78679653679654,15.777777777777777,96.56944444444444,42.916666666666664,74.625,4.166666666666666,52.58333333333333,2.25,91.38888888888889,61.46944444444444,40.948593073593074,65.71666666666667,45.47222222222222,19.166666666666668,1.625,5.875,9.595238095238095,410.56369047619046,62.08630952380952,130.0638528138528,29.25,335.46502525252527,221.27579365079364,306.1312049062049,7.291666666666666,70.75595238095238,140.97619047619048,273.124549062049,41.20833333333333,101.5,25.916666666666664,189.86607142857142,31.87797619047619,13.202380952380953,55.60059523809524,108.733658008658,20.17989417989418,465.89742063492065,366.9326539201539,2.5,21.083333333333332,13.166666666666666,9.083333333333332,3.75,10.0,0.3333333333333333,41.58333333333333,14.5,9.738095238095237,64.375,47.291666666666664,1.8333333333333333,24.833333333333332,28.5,302.3875,0.0,24.41785714285714,13.45238095238095,127.58333333333333,1.6666666666666665,78.36111111111111,3.694444444444444,0.25,0.0,205.81666666666666,11.416666666666666,0.0,12.5,20.0,116.98809523809524,3.5,8.335497835497835,2.0,57.45833333333333,356.00396825396825,12.166666666666666,53.13095238095238,2.5,0.8333333333333333,14.763636363636364,0.0,15.97037037037037,1.3125,4.791666666666666,4.333333333333333,1.9444444444444442,0.4,608.093253968254,85.29166666666666,1.5833333333333333,15.333333333333332,3.4166666666666665,0.0,37.77777777777778,21.5,3.75,2.8571428571428568,5.3125,0.41666666666666663,21.666666666666664,0.8333333333333333,0.0,22.464285714285715,0.0,0.8333333333333333,24.404761904761905,3.916666666666667,23.0,0.16666666666666666,7.966666666666667,1.6666666666666665,1.25,0.0,0.0,2.4833333333333334,2.5,1.0,2.5,22.666666666666664,11.25,0.0,1.4285714285714284,9.083333333333332,0.25,40.83333333333333,1.6666666666666665,0.0,66.83333333333333,22.391666666666666,0.0,0.0,11.555555555555555,0.0,0.0,15.416666666666666,1.25,0.0,0.5,9.5,1.8333333333333333,24.466666666666665,36.85,3.75,5.3999999999999995,0.41666666666666663,16.583333333333332,0.75,8.0,7.5,18.583333333333332,0.0,0.0,0.0,0.0,0.17857142857142855,1.6666666666666665,1.0,0.0,7.5,0.75,0.6666666666666666,2.857142857142857,1.5952380952380951,0.0,4.083333333333333,0.0,2.5,1.25,5.0,82.69166666666666,0.3472222222222222,4.333333333333333,0.41666666666666663,0.8333333333333333,3.75,0.0,11.994444444444444,5.0,0.0,0.0,0.0,9.583333333333332,0.0,0.0,17.5,0.0,1.875,5.833333333333333,5.25,6.0,4.916666666666666,0.0
704.0561681470323,10528.314854985558,3285.8085986922065,5021.416461134295,944.3146449139095,1490.0701338944566,469.70298647430997,259.6232741523183,89.97264875360851,567.7756623142652,955.0662316613466,379.89687904258335,955.0615657626687,247.24699202824203,26.188431938431936,80.31567044067044,170.6684488192007,99.32420357420357,1411.6089022361082,1010.449995769481,803.4259697119963,175.1696047008547,20.43037518037518,126.96051001014236,498.52617105117105,2805.6447805056746,793.9935687950393,914.3392947330447,366.81747044521813,3736.939882241891,4144.855185774016,1007.191043231794,125.66991522470846,1098.3071924243668,1603.1459216378857,1580.582211239401,696.7300767859591,1438.9208440266877,1125.5408547349336,2363.328232924769,699.9142398422584,440.7175128112628,558.4629589620122,691.0115899312327,275.0669881044881,2261.4045269312073,1188.1685290848438,75.58451983746102,110.3748895554623,25.390589569160998,119.305028061607,52.63589060793008,13.663239538239537,8.196822548796233,34.573781773781775,344.6973301934768,18.443160597572362,524.0490574118863,355.7964336258979,71.28105426319712,332.59824060743176,864.8430631868132,581.4060476560477,52.170815295815295,248.85958630149807,54.20407647907648,50.15664727429433,80.69363275613276,50.37851037851038,20.51555827213722,31.078282828282827,41.64115514115514,45.04676573426573,35.61628487253487,13.038690476190476,12.78426665926666,26.680272108843536,154.54071275946276,69.73744013922585,5.482739482739483,18.78174603174603,101.76532356532356,24.725739538239537,92.36127761127761,192.32351329226327,44.42063492063492,31.03681041181041,59.17781524031524,103.45259115884116,61.31066156066156,106.31583610676103,2.27328431372549,50.117100220041394,12.652958152958153,12.464285714285715,11.277777777777779,137.07469945513424,73.00412985707104,27.071728108492813,15.729166666666666,5.695707070707071,14.277777777777779,28.835358097354998,142.36156204906206,1.857142857142857,99.58301975801976,46.56681094103695,10.11149961149961,96.56272431272431,12.67314118629908,55.59967463092463,68.94885656282715,62.53493867243867,5.095238095238095,74.6380772005772,23.291847041847042,59.11327561327561,6.454166666666666,35.589648777148774,78.6526489592279,19.208004033004034,9.364069264069263,49.726526945276945,23.02841933199076,14.808968200415569,13.180555555555555,7.774891774891775,171.63505680049798,41.243437118437114,16.944444444444443,25.310542235542236,11.933136308136309,434.36061577311574,48.153703703703705,331.56324925074927,26.67506105006105,28.84157509157509,40.88623413623414,238.3096632412422,240.8484494263906,84.05314923172065,11.421987734487734,2.8472222222222223,5.618055555555555,41.323428383210995,35.789862914862915,138.7503368771751,18.32260101010101,74.4251984126984,64.78473813767931,80.9857307044807,29.392533855033854,9.978354978354979,218.90364496614495,102.99824064824064,13.176136363636363,10.718253968253968,2.8125,7.7142857142857135,14.383658008658008,51.304125735375735,29.153518232129716,56.44083694083694,42.73452797202797,2.3446969696969697,15.297619047619047,2.099206349206349,5.17156862745098,24.452288208867156,7.5,2.727106227106227,3.5668498168498166,13.465728715728716,11.5255439005439,8.142526455026456,8.539529914529913,15.464285714285715,47.11951447245565,1.25,1.2142857142857142,5.916666666666666,7.828814460393407,30.930074555074555,18.72970779220779,207.0831941867656,1.8181818181818183,19.88934676434676,5.537114845938375,7.070707070707071,49.29805194805195,12.299797424797424,4.8657407407407405,0.0,53.43900787679812,2.3333333333333335,0.9027777777777778,3.194444444444444,2.7777777777777777,6.402997737556561,22.14484126984127
96.76690416996144,3232.3753823296584,486.4877898660793,1806.9838373228079,448.4791016001542,1096.4801587301588,193.27245196324142,224.52845765345765,196.6438492063492,264.8580907396697,488.57374703756284,109.85214540361599,339.31516955266954,18.461329773829775,19.678571428571427,16.410714285714285,346.71726190476187,161.18987817737818,693.2360968709653,521.7929894179894,148.39642509050404,22.238095238095237,8.958333333333332,15.2390873015873,159.7718253968254,1249.3443053814376,414.5087481962482,371.4922619047619,303.4001899802983,1207.2455447330447,1069.587451899952,824.0491554741554,67.74754901960785,265.8137001887002,314.5597643097643,625.4859099234098,118.99603174603175,661.6915904210312,347.7790898915899,1341.5019529082028,426.1545954045954,153.80697774447773,352.52392073252173,703.3471484533984,150.59699074074072,1122.441388935139,973.0973748473748,46.379329004329,45.79391186299081,48.567460317460316,27.25,37.65277777777778,2.625,6.792207792207792,160.93682121971597,55.796502109002105,12.21031746031746,204.4101037851038,196.20535714285714,46.169642857142854,216.12003968253967,199.41666666666666,530.0603775853775,7.231206293706294,75.68015873015872,63.14861111111111,72.16666666666667,5.57979302832244,192.29265873015873,6.180555555555555,37.983225108225106,22.069444444444443,41.33257575757575,44.287157287157285,3.2222222222222223,4.489594083247334,8.0625,399.00747863247864,21.833333333333332,4.805555555555555,1.0,32.875,208.32936507936506,53.21825396825397,31.13392857142857,9.270833333333332,19.226190476190474,45.86732804232804,11.108333333333333,132.99117063492062,7.1193957115009745,5.618055555555555,74.75956819131162,11.666666666666666,1.8666666666666665,142.5515873015873,79.30573593073592,19.55952380952381,9.38888888888889,47.5218253968254,4.2559523809523805,11.166666666666666,19.158963585434172,2.0,2.083333333333333,8.194444444444445,22.891377005347593,10.923160173160174,94.71663059163059,1.3392857142857142,18.208333333333332,16.996753246753247,7.321428571428571,14.333333333333332,11.497023809523808,24.72222222222222,9.86111111111111,19.387103174603173,10.27015455304929,6.541666666666666,3.333333333333333,40.666666666666664,10.383261183261183,11.25,3.793859649122807,45.71428571428571,3.5476190476190474,184.07142857142856,19.666666666666668,4.444444444444445,16.35972222222222,20.96825396825397,439.1323953823954,13.738095238095237,14.98611111111111,8.283730158730158,2.466666666666667,12.833333333333334,10.842141411220359,11.821428571428571,29.720071595071595,20.713293650793652,6.416666666666666,2.0,7.222222222222221,8.468614718614718,23.21891534391534,19.958333333333332,134.62575202575204,76.43938492063492,36.05429292929293,3.3904761904761904,12.902777777777779,135.65277777777777,1.9615384615384615,2.821428571428571,0.5,17.083333333333332,7.833333333333333,12.81547619047619,0.25,19.72222222222222,3.4404761904761902,12.333333333333332,8.75,28.087301587301585,7.46031746031746,2.233974358974359,9.916666666666666,10.220238095238095,8.809523809523808,0.9027777777777778,31.663533834586463,7.758928571428571,9.444444444444443,3.142857142857143,15.444444444444445,104.99712301587302,0.0,2.5,6.065476190476191,4.208333333333333,29.069444444444443,2.121212121212121,76.38492063492063,0.0,15.416666666666666,5.416666666666667,7.227513227513227,64.32066544566544,26.053571428571427,0.8333333333333333,1.5416666666666665,0.0,1.25,9.097222222222221,2.718253968253968,4.724206349206349,0.0,3.5256410256410255
10.541666666666666,700.8150613275614,139.075,235.2220238095238,40.763888888888886,108.90277777777777,13.595238095238095,18.95138888888889,14.184523809523808,4.583333333333333,64.55357142857143,17.11111111111111,110.65575396825396,1.6666666666666665,16.470238095238095,0.41666666666666663,2.5,5.783333333333333,72.36111111111111,17.65,3.5238095238095237,6.488095238095238,0.625,1.9999999999999998,6.25,68.52638888888889,29.51388888888889,33.30555555555556,45.81944444444444,261.3984126984127,67.40079365079364,136.39126984126983,1.25,12.083333333333332,31.408730158730158,99.00099206349206,8.958333333333334,51.09722222222222,10.083333333333332,135.29861111111111,11.229166666666666,1.7619047619047619,30.101388888888888,49.10092592592593,7.509920634920634,106.66845238095237,213.31626984126984,2.013888888888889,2.638888888888889,7.5,0.0,1.25,3.5,7.0,0.5,2.388888888888889,0.4107142857142857,15.729166666666666,12.91468253968254,3.083333333333333,13.494047619047619,15.454365079365079,99.30601851851851,0.8333333333333333,5.769444444444444,1.3611111111111112,6.666666666666666,0.6666666666666666,1.25,0.8333333333333333,2.75,7.708333333333333,12.52142857142857,2.5,0.8333333333333333,1.0416666666666665,0.875,21.952380952380953,0.0,1.25,1.0,3.9583333333333335,6.972222222222221,0.25,0.0,0.0,0.857142857142857,1.8666666666666667,2.5,5.633333333333333,0.5,0.0,0.8333333333333333,0.0,0.2,41.333333333333336,7.75,2.75,0.5555555555555556,8.482142857142858,0.0,0.0,1.4583333333333333,0.0,0.0,0.0,0.0,0.0,0.0,0.0,0.0,0.41666666666666663,0.41666666666666663,0.8333333333333333,0.0,0.0,0.0,0.4,0.0,0.0,0.0,0.0,0.6166666666666667,0.0,0.0,2.9166666666666665,0.0,7.928571428571428,0.0,0.0,7.5,0.6666666666666666,11.819444444444445,0.0,0.0,0.0,1.425,5.5,1.0,0.0,0.0,2.083333333333333,2.5,0.0,0.0,0.0,2.6666666666666665,1.6666666666666665,14.187698412698413,6.466666666666667,0.0,1.8666666666666665,0.41666666666666663,0.375,0.0,0.0,0.0,0.0,1.5833333333333333,0.3571428571428571,0.0,0.0,0.0,0.41666666666666663,0.0,0.0,0.0,0.0,0.3333333333333333,0.0,0.0,0.0,0.0,0.0,0.5555555555555556,0.0,0.0,4.741666666666666,0.0,0.41666666666666663,0.0,0.0,0.0,0.0,8.292460317460318,0.0,5.4978354978354975,0.0,0.0,0.0,3.333333333333333,0.0,1.6666666666666667,0.3333333333333333,0.0,1.25,0.0,0.0,0.0,0.0
9.51388888888889,1419.287487974988,3.75,288.36267436267434,136.92775974025975,66.96428571428571,8.18452380952381,33.529761904761905,109.47619047619047,2.125,154.68371212121212,21.833333333333332,80.89171476671477,37.34126984126984,28.547619047619047,3.005952380952381,132.63888888888889,1.0,132.63492063492063,118.33450577200577,124.35930735930735,1.0,19.813672438672437,2.25,28.220238095238095,163.62103174603175,99.41089466089466,230.03869047619048,43.07142857142857,361.30838143338144,710.9780242905242,215.15079365079364,5.0,55.988095238095234,84.0297619047619,149.8661616161616,38.42063492063492,65.18163780663781,1.8333333333333333,383.5833333333333,109.97023809523809,30.684523809523807,203.6946248196248,10.583333333333332,3.214285714285714,197.34475709475709,117.44246031746032,11.583333333333332,0.0,5.0,0.8333333333333333,23.452380952380953,57.013888888888886,0.0,13.938492063492063,32.53769841269841,2.083333333333333,0.0,0.0,0.0,19.535714285714285,0.0,5.0,10.214285714285714,0.0,0.3571428571428571,6.25,56.51785714285714,158.74621212121212,0.3125,5.5,9.583333333333332,9.869047619047619,0.0,15.596230158730158,0.0,0.0,5.0,0.0,15.624999999999998,35.95238095238095,13.75,0.0,0.0,2.5,0.20370370370370372,2.5,0.0,202.6931216931217,58.54365079365079,0.0,13.44047619047619,0.0,2.3809523809523805,3.388888888888889,0.0,0.0,0.0,0.0,0.7142857142857142,1.3333333333333333,15.214285714285714,0.8333333333333333,2.2916666666666665,6.041666666666666,0.0,21.540584415584416,0.0,0.0,65.76785714285714,0.0,5.0,6.849206349206349,0.0,0.0,0.0,0.0,0.0,0.0,0.0,16.166666666666664,0.0,0.0,1.0,0.0,0.0,24.1031746031746,0.0,0.0,39.95833333333333,0.0,0.8333333333333333,4.226190476190475,0.0,16.685185185185187,44.47222222222222,0.0,0.0,0.3571428571428571,0.0,28.702380952380953,0.0,1.6666666666666667,5.0,8.333333333333332,0.0,0.0,0.0,0.0,0.0,0.0,20.65079365079365,0.0,25.14484126984127,7.5,0.0,3.75,0.8333333333333333,0.0,0.0,0.0,381.74891774891773,0.9583333333333333,0.0,18.397727272727273,0.0,0.0,8.214285714285714,0.0,0.0,24.003968253968253,50.50595238095238,0.0,0.0,3.75,0.0,0.0,0.0,18.75,1.976190476190476,6.5,0.0,0.0,0.0,0.0,0.0,6.287878787878788,0.0,0.0,0.0,0.0,0.0,0.0,0.0,0.0,0.0,74.11904761904762,0.0,0.0,0.0
95.4863455988456,4140.544498730973,136.635989010989,851.3894554519554,62.976190476190474,1683.2655587468087,2296.2569153069153,87.96773088023087,23.803661616161616,30.414285714285715,639.162851037851,100.56368850447798,150.14880952380952,109.04193722943722,7.023809523809524,22.220238095238095,65.65327380952381,31.821167911609088,789.5819790775673,114.63639693639693,94.48575036075036,141.39597763347763,12.23015873015873,16.37169312169312,28.605158730158728,1883.5541978854478,317.4612193362193,130.83810726310725,87.27895021645021,1932.1894675177764,1188.703233109483,554.7405958556694,150.17646242646242,146.6279310966811,428.4499925999926,731.1251838439338,148.38691509299093,291.32285538535535,66.75,744.895115070115,813.9600162264636,39.49393176268176,784.5200328674593,132.1574074074074,162.13647324897323,290.4777365880307,820.6455648396437,68.49054834054834,30.316137566137566,11.716720779220779,51.8024531024531,11.805555555555555,6.575757575757576,1.1875,1.0416666666666665,57.5625,12.208333333333332,228.33098845598846,304.6526041088541,17.93419312169312,248.89048497798498,299.15394327894325,219.70009157509156,0.5555555555555556,198.94901312138154,83.17453379953379,17.67526455026455,22.00542328042328,51.166666666666664,10.484126984126984,2.268518518518518,15.316176470588236,21.5,9.680059523809524,7.519841269841269,39.75456349206349,0.25,126.51785714285714,21.959415584415584,13.738095238095237,5.125,3.9889705882352944,393.0448024198024,16.070436507936506,4.166666666666666,20.039682539682538,17.404761904761905,23.053266178266178,47.64305046805047,16.888157894736842,65.21626984126983,0.0,3.2596153846153846,5.833333333333333,3.8106060606060606,6.875,139.43617216117215,40.44660894660895,10.637265512265511,9.472222222222221,5.7976190476190474,1.875,6.97579365079365,10.068181818181818,0.5,15.061507936507937,49.52777777777778,2.333333333333333,13.363888888888889,15.178571428571427,4.583333333333333,11.922619047619047,1.25,0.0,44.33261183261183,4.8173076923076925,9.80952380952381,20.034188034188034,2.561688311688312,19.858630952380953,4.357142857142857,3.954365079365079,5.597222222222222,5.208333333333333,8.077380952380953,2.5735930735930737,0.38461538461538464,21.547619047619047,21.483424908424908,5.0,5.347222222222221,0.6428571428571428,173.59371184371184,7.375,4.5588235294117645,0.0,3.822916666666666,4.279761904761904,5.833333333333333,23.510531135531135,5.0,31.603556166056165,8.586124401913876,1.0,3.214285714285714,83.40588023088023,157.4424603174603,7.271464646464647,13.669871794871794,32.67516511266511,9.831198893698893,5.625,3.5555555555555554,36.507936507936506,261.5733682983683,42.80624236874237,0.0,0.0,0.3125,2.5416666666666665,1.0,0.0,5.15625,2.9166666666666665,0.0,14.397619047619047,22.9084145021645,1.982142857142857,10.01923076923077,7.951770451770451,0.0,0.41666666666666663,10.190656565656566,20.911706349206348,4.1937229437229435,6.111111111111111,0.0,7.549450549450549,1.8749999999999998,0.8333333333333333,0.6666666666666666,1.5,1.3333333333333333,2.857142857142857,492.8239989177489,0.7142857142857142,6.296296296296296,2.6587301587301586,11.922619047619047,52.48611111111111,0.0,3.833333333333333,0.625,11.996392496392497,5.892857142857142,0.41666666666666663,0.0,38.80208333333333,4.090909090909092,3.8888888888888893
15.33008658008658,658.8541666666666,40.78472222222222,231.94642857142856,91.08333333333333,306.2521645021645,67.53246753246754,8.541666666666666,39.58333333333333,7.5,43.15277777777778,4.583333333333333,41.388888888888886,6.666666666666666,4.791666666666667,1.25,78.53267973856208,3.125,14.0,53.345238095238095,25.27777777777778,21.875,1.6666666666666665,0.5,10.625,222.14746732026143,29.13690476190476,86.51984126984127,1.6666666666666665,339.05555555555554,30.746794871794872,181.95833333333331,0.9375,41.08578431372549,27.604166666666664,137.7772435897436,4.541666666666666,104.66666666666666,43.55952380952381,198.91071428571428,14.166666666666666,1.25,68.244227994228,3.6666666666666665,9.75,124.51388888888889,89.75,3.333333333333333,10.25,1.25,11.666666666666666,0.0,5.0,0.8333333333333333,0.0,0.0,0.0,6.666666666666666,13.75,1.6666666666666665,0.0,88.75,173.13888888888889,10.833333333333332,6.25,3.7878787878787876,3.333333333333333,0.0,0.0,0.0,0.0,5.0,4.166666666666666,0.0,1.25,2.5,0.6666666666666666,1.25,1.4583333333333333,1.0,0.0,5.833333333333333,53.84722222222222,1.6666666666666665,0.0,0.0,0.0,8.0,0.0,0.0,0.3125,1.25,0.0,0.7142857142857142,1.25,696.0694444444445,28.75,0.0,0.0,0.0,0.0,11.25,0.0,0.0,0.0,0.0,0.0,0.0,0.0,0.0,1.0,0.0,0.0,12.083333333333332,2.2222222222222223,1.6666666666666665,12.5,2.1666666666666665,1.25,3.125,0.0,0.0,0.0,0.0,0.0,0.0,1.0,1.25,2.5,0.0,0.0,0.0,5.416666666666667,0.0,0.0,0.0,0.0,0.0,0.0,0.0,0.0,6.666666666666666,0.0,0.0,0.3125,0.0,0.0,0.0,11.833333333333334,0.0,0.0,0.0,0.0,0.0,0.0,1.25,0.0,1.6666666666666665,0.0,5.0,0.0,0.0,0.0,0.0,0.0,0.0,0.0,0.0,0.0,0.0,0.0,0.0,0.0,0.0,0.0,0.0,0.0,0.0,1.6666666666666665,0.0,0.0,0.0,0.0,10.0,0.8333333333333333,0.0,0.0,0.0,0.0,0.0,0.0,1.25,0.0,0.0,0.0,0.0,5.0,0.0,0.0,0.0
38.33975256769374,2616.380515858247,349.1782241898313,1175.4785289115646,226.85286935286933,578.805284992785,215.68619227994228,89.85702491952492,88.79563492063492,72.49305555555556,374.34508721903677,166.07783189033188,219.79608585858585,66.76299741924741,137.72347097347097,19.01984126984127,68.91917044595615,128.8493104118104,366.72804169514694,264.15286796536793,83.86936585240156,70.91260822510823,3.5595238095238093,26.921626984126984,104.02281746031746,625.6246304621304,208.97290903540903,339.5649836274836,78.63432580634593,1291.5299594411435,1069.2116314241314,375.03943001443,16.28730674087817,85.93745659102801,504.63806398627827,412.8482717018431,124.65667175961293,308.4602071131483,229.1939484126984,604.7272588522588,537.4024099825183,82.43987493987494,163.4749671798544,558.543231206624,118.4884768009768,768.4578885069956,453.8522917141338,16.769607843137255,60.083333333333336,41.94812925170068,65.58112026862027,77.5,14.64285714285714,0.3125,39.5,35.62228545264259,7.353174603174603,167.37301587301587,109.69972686044115,49.429988662131514,244.7160395160395,285.88437950937947,255.12806637806636,2.6428571428571423,121.1533189033189,18.25,34.833333333333336,2.3687423687423688,46.125,7.428571428571429,6.75,6.946428571428571,134.0607448107448,17.9125481000481,10.833333333333332,12.435897435897436,28.741780045351472,486.9806235431235,57.66853913282485,0.8333333333333333,2.238095238095238,17.352513227513228,137.1851851851852,40.101190476190474,52.99206349206349,10.833333333333334,55.36904761904762,59.011093073593074,30.375541125541126,106.20144110275689,0.4545454545454546,5.9642857142857135,17.416666666666668,33.94047619047619,6.636904761904762,93.25198412698413,56.942460317460316,19.304149282090457,0.625,18.06547619047619,4.261988011988011,51.66269841269841,27.863756613756614,14.555555555555555,18.214285714285715,39.59126984126984,50.85468156714286,38.07142857142857,18.224206349206348,6.394699147601624,3.6706349206349205,15.276785714285714,7.32142857142857,13.333333333333332,21.166666666666668,16.619047619047617,72.57280219780219,25.199404761904763,11.322222222222223,12.184027777777779,1.2962962962962963,11.558333333333334,7.132936507936508,6.924981103552532,1.1111111111111112,12.672619047619047,0.0,73.95932539682539,11.166666666666666,0.0,35.517857142857146,11.773809523809524,162.07325036075036,11.861856848002358,39.0773532023532,8.333333333333332,1.35989010989011,14.714285714285714,0.4545454545454546,49.46960678210678,7.126558956916099,19.929743867243868,3.6309523809523805,2.8571428571428568,0.625,60.75918964076859,99.05555555555556,14.371212121212121,58.78472222222222,37.77598443223443,31.357142857142858,3.3518518518518516,7.3809523809523805,113.55972907811143,4.706060606060606,29.028950216450216,15.009920634920634,8.958333333333332,0.0,7.083333333333333,6.055555555555555,0.625,6.428571428571429,10.038690476190476,5.0,29.023809523809522,8.595238095238095,0.0,0.7142857142857142,20.057539682539684,3.333333333333333,2.75,56.410894660894655,8.214285714285714,0.0,2.9166666666666665,10.801767676767676,33.59001068376068,0.0,1.0,5.19047619047619,2.886904761904762,1.6666666666666665,0.0,138.76576994434137,0.41666666666666663,3.3269230769230766,7.916666666666666,1.0416666666666665,86.80952380952381,0.8452380952380951,0.625,5.8977272727272725,0.41666666666666663,14.797619047619047,2.2916666666666665,2.5,4.513888888888888,0.0,0.0
64.18058132343846,6134.564457070707,1101.3038716185774,2819.0653986944426,767.8260785510785,1680.8279928404927,522.3346715784215,151.48170695045695,318.8380334942835,431.6486922799423,463.86761964886966,134.88349266474268,466.79238215488215,56.09375,34.253240740740736,23.31547619047619,182.8608817769532,417.9078373015873,788.6370917345182,1159.1547919672919,243.81114702096843,60.589285714285715,9.338141025641026,104.79761904761904,257.8284493284493,2183.4405543122452,648.3149801587301,490.7865433177933,223.9906043031043,2748.7865393457305,2624.5739175176673,1146.4661916786915,154.75745980210266,419.03934654669945,877.5247113997114,1097.6182483774396,276.13726754905116,1063.1711648046412,770.5782571595072,2169.056581150331,733.4065805518011,187.4990981240981,580.7062222363693,1415.5906838531837,162.84302248677247,2293.7977663540164,992.4616384937813,47.98115079365079,36.71495344932845,103.60488816738817,57.26488095238095,106.74305555555556,17.27281746031746,3.5029761904761902,43.98543233082707,65.66820679320679,26.31881313131313,307.4933862433862,252.6737012987013,47.53373015873016,488.4389256576756,314.11507936507934,961.2521371806298,23.107142857142858,90.3157471001221,11.700396825396824,80.65214646464646,9.19090413943355,231.12946428571428,25.15277777777778,16.958333333333332,46.488591269841265,101.08422545591662,48.41242784992785,41.00099206349206,21.86111111111111,12.25,600.7746831871832,15.746031746031745,12.600694444444443,10.421130952380953,113.08946608946609,276.83748196248195,111.44212962962962,164.4541847041847,28.270833333333332,77.43551587301587,150.475442920083,27.91025641025641,193.69494047619048,8.479166666666666,13.462962962962962,186.42997208895,141.0,7.783333333333333,44.0625,95.05952380952381,21.488095238095237,20.395833333333332,38.39980158730159,35.25702769452769,52.45039682539682,23.23763736263736,51.02062289562289,31.614583333333332,60.87152777777778,61.97483766233766,37.08333333333333,8.540277777777778,7.5396825396825395,20.083333333333332,17.740079365079364,13.244227994227995,40.39722777222777,12.169642857142858,30.990079365079364,123.71428571428571,12.114856902356902,14.22893882433356,24.58928571428571,12.636574074074073,22.928571428571427,20.781349206349205,1.5259740259740258,13.768071473440635,68.31619769119769,8.833333333333332,282.0327380952381,5.944444444444445,5.489583333333333,65.17261904761905,19.57142857142857,1678.238893051393,40.323412698412696,28.25,17.180517399267398,9.966666666666667,3.833333333333333,14.770833333333332,42.19345238095238,8.71641156462585,21.306318681318682,29.0625,9.594246031746032,2.1527777777777777,16.788194444444443,100.70965608465607,22.59722222222222,300.757215007215,177.71983363858362,63.29663739038739,14.13763528138528,10.595238095238095,272.87225737225737,86.02111314611314,34.017195767195766,29.770366479925304,29.277777777777775,10.229166666666666,12.375,12.899801587301587,44.16137681762682,16.185019841269842,12.485119047619047,9.19047619047619,18.154401154401153,2.8055555555555554,4.375,13.4375,15.654761904761903,5.149725274725275,8.595328282828282,73.44808201058201,2.7529761904761907,5.72172619047619,19.35554723054723,13.13888888888889,328.9909035409035,0.0,0.0,4.178571428571429,16.5,24.5515873015873,26.3640873015873,199.60866702741703,6.25,22.827380952380953,2.5,17.05026455026455,56.74412393162393,15.20238095238095,0.0,16.76984126984127,2.526098901098901,4.125,44.611111111111114,2.458333333333333,12.035714285714285,0.6107954545454546,2.638888888888889
305.07606046921524,6125.626634030443,783.7936768335928,1582.1397115738905,223.4290975228475,962.6890676141528,1479.3935713084156,204.91915029415028,73.3501984126984,183.11956654456654,677.6888109613911,488.2030880299069,705.4583962333962,154.74876199508552,115.92208994708994,27.558441558441558,194.9257794882795,236.3647946552358,615.4465042869067,523.1210433085433,507.84630747130745,475.11244980652873,131.99817533513186,74.85744348244349,434.07003274503273,1774.1751088123315,666.6047537744906,552.1970893762432,301.54265173179647,1869.3119092769548,3129.576617768149,684.325681829971,162.64649219060982,472.9346531210144,1125.4885051739873,1324.8505975089643,280.3128944642102,982.6865114973797,283.99813612313613,1790.0958646502763,869.0199717120091,141.80120835548468,682.0813545269069,635.6175163116156,851.0766292349625,1545.806741836854,1317.769452961526,158.85139142047035,57.55528846153846,36.974019840091266,443.8008648250535,132.94527711439477,76.1112012987013,8.894782913165267,5.852272727272727,208.83476224600173,28.121031746031743,999.7082875457875,894.8596508154404,152.85406921415324,191.57082337597043,1403.2059941367006,192.91815863874686,0.625,450.0862675336359,126.62775160569278,133.6524676590466,53.85122053872054,60.70650183150183,44.90159493284493,43.95039682539682,11.591276370688135,33.891955266955264,28.143386243386242,4.246031746031746,77.3785866910867,75.4937641723356,182.45802522640756,112.90175480354051,3.333333333333333,8.529761904761905,92.45193355119825,157.52208905333904,56.9151751026751,87.54943301818301,25.62125958836485,32.261093073593074,171.89649008399007,202.78865578865577,72.4773606023606,80.77133052133051,3.0,31.01820320202673,22.38095238095238,23.80465367965368,120.9171335200747,9.791666666666666,51.95842352092352,29.825306637806637,35.43518518518518,41.45871489621489,13.908730158730158,19.50443513601408,47.09223184223184,5.694444444444445,47.17547036297036,44.66970366235072,24.187329337329338,107.53355718355718,52.65594128094128,131.82340550761603,116.24603174603175,32.73015873015873,4.583333333333333,143.80432705432705,18.01304945054945,47.572364947364946,185.53679653679654,39.01259157509158,61.98718386876281,88.29794973544973,14.355345855345854,19.924693362193363,8.67663454270597,23.37536075036075,17.868145743145742,1.25,45.814255189255185,26.517316017316016,0.625,23.33946608946609,35.38938492063492,46.64682539682539,12.591269841269842,59.66187284937285,34.56051587301587,47.46058455433455,113.41354016354016,50.69011544011544,160.56768971339403,51.24142524142524,110.83750277500278,28.94407894736842,0.25,7.523809523809524,125.68874171319823,230.67976034949072,13.67063492063492,21.327050264550262,19.911075036075037,35.987701260727576,13.700727513227513,9.526143790849673,42.830981518481515,19.13341750841751,129.80537518037517,67.32873376623377,5.2142857142857135,4.472222222222222,16.083333333333332,19.506493506493506,1.1515151515151514,31.875405844155843,30.329166666666666,3.777883880825057,103.23050049365838,48.545041763791765,2.202380952380952,15.826118326118326,8.75,4.478021978021978,12.703869047619047,18.982804232804234,5.6646825396825395,21.22222222222222,17.09722222222222,5.532738095238095,11.98611111111111,7.708333333333333,0.0,5.223063973063973,24.882936507936506,17.648219648219648,9.583333333333332,82.89218856396651,5.015151515151516,40.99099511599511,12.823863636363637,13.836718836718836,20.747474747474747,16.74359668109668,6.5,0.0,1.7142857142857142,13.84274688318806,1.8749999999999998,3.333333333333333,13.563988095238095,1.0,8.407407407407407
64.45097239505134,1455.1614817738687,348.19940476190476,378.6219279015331,284.8818073961069,246.6185168997669,32.80137223887224,74.84264346764347,37.64616402116402,22.689560439560438,83.40237629753759,95.66754079254079,123.19436775241728,110.67276671740957,6.473809523809523,9.45468509984639,38.699252136752136,210.05257936507937,283.09909534909536,113.78525627422685,98.74267181620122,22.533300033300034,1.2847222222222223,190.7554755186334,267.436711923554,422.24335835732893,128.5103576978577,139.22363029270923,32.08884609542504,414.1972055722056,445.7451857961726,25.47274215579169,23.456349206349206,402.6159789284789,91.32518176268175,272.9178409309988,186.9642162318246,105.07777651198704,8.736201298701298,632.131163566314,74.06653662198016,65.83285391509075,230.86449970775837,23.006615825694773,33.071555759055755,463.0633184897891,294.86557862215756,6.666666666666666,12.311357623857623,5.416666666666667,5.466269841269841,17.606060606060606,35.96825396825397,7.994949494949495,18.998015873015873,36.950119325119324,20.44990079365079,22.78030303030303,18.726190476190474,0.41666666666666663,0.3125,116.66736735486735,2.5,40.70526220855168,100.76370851370851,36.54444370988489,0.3666666666666667,13.317460317460316,13.831349206349206,13.31016206016206,5.378787878787879,4.9772727272727275,118.20012626262626,3.9791666666666665,3.333333333333333,4.023809523809524,28.94251581751582,0.20833333333333331,1.8849206349206349,1.25,11.012987012987013,3.54983660130719,8.283730158730158,1.5277777777777777,32.339285714285715,1.1038011695906431,5.270833333333333,0.0,6.387591575091575,82.62639906389906,1.7392676767676767,42.43927702199761,2.581018518518518,6.333333333333333,2.5,1.6666666666666665,17.863095238095237,0.0,0.875,6.354166666666666,8.336843711843713,1.125,1.0,12.588383838383837,45.16409632034632,45.066990392648286,4.518049155145929,2.9166666666666665,25.498376623376622,8.972999222999222,37.79137529137529,23.912878787878785,4.305555555555555,6.647058823529411,0.0,1.0989010989010988,0.0,4.761904761904762,0.8333333333333333,1.5297619047619047,2.2222222222222223,0.41666666666666663,31.974927849927848,39.24076617826618,0.625,2.0416666666666665,0.625,4.833333333333333,0.5,12.914317042606516,2.5,3.9880952380952377,0.0,0.0,16.379044566544565,1.5359477124183007,0.8333333333333333,5.781144781144781,4.333333333333333,1.1666666666666665,2.583333333333333,4.513888888888888,5.5,15.208333333333332,4.25,0.0,0.0,2.5,2.2222222222222223,13.148809523809524,0.0,0.5555555555555556,3.333333333333333,2.685185185185185,0.0,0.0,4.909722222222222,105.52281746031746,3.958333333333333,2.1435185185185186,21.444444444444443,4.166666666666666,4.595238095238095,0.0,11.924603174603174,0.0,0.8333333333333333,91.35588023088023,1.3888888888888888,0.1388888888888889,4.4907407407407405,0.7142857142857142,5.375,6.369047619047619,17.83603896103896,0.0,1.25,0.0,13.854166666666666,3.75,5.458333333333333,0.0,0.3125,13.460016835016834,0.0,10.595238095238095,0.0,0.2777777777777778,1.6666666666666665,1.6666666666666665,2.9404761904761907,4.556022408963585,201.14829614829614,0.0,0.0,5.833333333333333,0.40584415584415584,0.7738095238095237,3.8888888888888893,8.333333333333332
2782.9920329572046,4500.213022997713,176.19995931123978,992.6296279828005,239.72910136255388,747.6566464599069,420.6734096241449,144.7139104890046,104.90426934176934,129.58847136950683,584.4919203407774,278.6730128910116,581.2726429628708,59.59314643689643,19.405493208482337,24.362960568842922,158.58341957606663,263.87998306303257,220.4972582972583,365.61916093267257,372.9118879271743,427.6833781006575,49.7412518037518,179.14278036778038,476.969131635192,1042.453392890506,256.2695105861506,272.88216873282664,144.20266885891886,1116.9569310856268,2196.509434314775,312.0281623812777,47.47286255411255,718.1437530653621,840.85641124871,734.6219821579922,258.04165230123044,534.160845900434,55.56352952602953,2234.1809851047587,430.249000999001,270.7592506178032,213.17750397750396,90.32807360123536,224.55575789950788,460.3698818421325,623.0674774521717,57.04313973063973,93.26500386426015,7.843434343434343,143.78084562571033,40.275183150183146,59.804094684125644,12.581491425241426,63.5780784030784,121.978639994265,121.99576437995555,254.12487743737742,171.0158246165599,69.61647135544194,61.44326853701854,775.3376471053101,9.944444444444445,40.48380464600472,282.1911085238291,112.70941211566212,61.74543753348101,32.135912698412696,10.576971274339694,7.219345238095238,5.395833333333333,8.01722582972583,13.875693172568173,7.701359710550887,2.2010073260073257,60.648370385759044,15.578546317516906,6.002164502164502,29.31594794094794,14.234848484848484,29.10502650943827,29.409955176402544,16.38888888888889,2.7291666666666665,46.58822427572427,17.62172100775042,2.870879120879121,23.390542328042326,19.661630036630036,102.99593511135694,156.3290372226299,10.6256105006105,4.745039682539682,13.353968253968253,22.233974358974358,10.0,7.624458874458874,18.084558823529413,20.804671023421022,2.013888888888889,31.761273448773448,3.699404761904762,3.1474830316742084,24.235177208810942,2.9292929292929295,80.02558928429671,218.45246834062624,12.805194805194805,4.237103174603175,45.87382409257409,42.091051567541506,84.58844364699628,16.01677489177489,4.459821428571428,39.90086886797413,4.273809523809524,47.22997835497836,9.262049755799756,5.858225108225108,21.40922030867683,28.54365079365079,12.0764652014652,13.718785600364548,2.9269307081807083,16.61164623578811,16.886474636474638,10.192550505050505,11.241697994987469,12.582965645465645,8.017857142857142,1.65625,16.414772727272727,1.0,6.82010582010582,44.18644957983193,12.2114898989899,3.8354978354978355,9.221491228070175,40.61954018204018,89.55900118400118,61.24269590059063,132.1065715685281,2.5,25.316579254079254,24.69047619047619,29.650162337662337,61.00273569023569,1.7648809523809523,3.914285714285714,18.5,14.790130621012974,1.8402777777777777,3.6996658312447783,1.5,5.0,67.0515873015873,9.4757326007326,0.0,2.083333333333333,1.9861111111111112,16.349206349206348,25.997925685425685,20.364104237266,3.97281746031746,23.67218772942457,49.12670407078302,1.5892857142857142,1.6666666666666665,0.625,0.405982905982906,25.251713564213564,1.427128427128427,0.0,0.2272727272727273,16.60185185185185,3.3854617604617605,3.483343045843046,1.1111111111111112,19.94047619047619,2.986321548821549,8.093434343434344,2.616628469569646,1.9543650793650793,41.39937493062493,13.161538461538461,3.982614607614608,0.0,8.720238095238095,1.9285714285714286,7.558429118773946,30.887396508720038,6.041666666666667,1.5625,17.677234258116613,2.0787037037037037,1.3392857142857142,0.0,0.0,5.733901515151515,73.5990248680466
75.00992265010122,4815.116232169365,1918.1521503565234,2250.6178112121224,266.6827935000729,648.7962189226895,420.8020832517156,175.89151936026934,86.88972832722833,242.76025132275132,227.3545725108225,91.71386313849548,396.36629492511844,65.95669261294262,22.99508778258778,10.763933982683982,193.02670365348936,222.46329365079364,1180.0954163891663,530.9890151515151,442.7638389718747,94.84742202242202,3.645833333333333,78.09749278499278,196.7150604025604,1989.1451081326081,276.93703056203054,345.05610361860363,251.64312086334144,2224.1663925943335,2471.0085387856698,914.6538706663706,52.34868841475984,775.0012836836366,666.5967435342435,693.2159777722278,287.7486043828624,891.4554767759417,906.7075921763421,1454.071759106763,253.85735976985976,230.18773818773818,446.1180721511604,407.0373888366535,107.69296768046767,1635.4166816435197,951.5482890048016,16.044642857142858,29.819743104118103,30.2281746031746,34.03379375254375,76.61904761904762,16.474867724867725,5.881944444444445,6.994360902255639,166.20224913974914,1.0714285714285712,245.69837025719377,188.73075168295756,28.25297619047619,348.7461462148962,360.61547827172825,431.1404848351539,3.0,280.2304957773708,3.25,15.555555555555555,4.428316781257958,33.52281746031746,25.34096459096459,22.708333333333332,59.528151246901245,21.610280650721826,14.631613756613756,20.102182539682538,16.060606060606062,3.7440476190476186,190.63354677729677,8.297619047619047,1.9791666666666665,32.01240079365079,15.178571428571429,24.547619047619047,22.118666056166056,340.4791847041847,12.888888888888888,7.707264957264957,42.877975599821575,14.295673076923077,9.840169552669552,31.766777748395395,2.0453042328042326,32.86778693820986,7.083333333333333,18.25,0.20833333333333331,140.62539682539682,15.976190476190476,10.339285714285714,30.08531746031746,5.128968253968254,19.700396825396826,18.774801587301585,66.1739071114071,2.145833333333333,32.25297619047619,14.156746031746032,5.632964257964257,31.71849446849447,19.422619047619047,8.744047619047619,26.598941798941798,29.41562604062604,23.528180153180152,13.921626984126984,33.430583305583305,28.94047619047619,3.7675865800865798,5.057588415483152,24.603632478632477,4.409211159211159,1.8615079365079363,26.70508658008658,2.4722222222222223,6.824520139863726,6.776515151515151,6.083333333333333,202.42474399382294,9.720238095238095,3.2291666666666665,10.10218253968254,9.371031746031745,443.643716006216,18.935978835978837,41.733315295815295,4.118017399267399,3.958333333333333,15.30597643097643,97.18055555555556,75.97751322751323,31.470714801071942,4.315476190476191,0.0,1.5555555555555556,2.8472222222222223,17.52777777777778,63.03373015873016,7.656746031746032,205.04014202172095,53.17248376623377,65.56712962962963,44.498928155178156,4.952228327228327,131.1385582010582,79.78621286121286,3.0,11.412337662337663,9.5,5.472689075630252,4.2478354978354975,17.738629426129425,111.86001498501498,19.759199134199132,32.169642857142854,3.8363095238095237,14.31547619047619,1.0833333333333333,3.0,4.94047619047619,1.875,15.090201465201464,6.365169552669553,19.64791921041921,3.333333333333333,5.299679487179487,1.7179232804232802,0.6666666666666667,180.43055555555554,1.25,5.5,7.214285714285714,6.777777777777778,17.524651274651273,1.8571428571428572,70.32630563880564,0.625,5.208333333333334,1.121212121212121,10.075396825396824,27.77114898989899,3.8660714285714284,0.5,0.2777777777777778,3.990384615384615,12.083333333333332,0.5555555555555556,14.920634920634921,12.928571428571429,1.0869859307359309,0.7142857142857142
42.06632696938424,5479.499574786772,983.6958952083952,3240.6184073971294,414.3788601641736,1586.390873015873,177.24001148705096,240.55224867724868,37.822916666666664,110.44108964435976,581.385426029495,100.4367719905893,790.3194869621699,45.09027777777778,5.833333333333333,17.345238095238095,35.61507936507936,116.60863095238095,513.8958333333334,370.25406746031746,28.834145302470777,70.68253968253968,8.833333333333332,28.43142274392274,179.06792717086833,1120.9786326582487,243.7662037037037,931.4007936507936,316.17559523809524,2112.3251317687746,1175.9205906941054,1279.6660476938112,24.032738095238095,237.75670242743413,230.9593253968254,649.5174857549857,276.3703703703704,790.6597222222222,709.878072910015,1333.0778157028158,710.2333002645503,108.70039682539682,435.85907316147734,468.38680928315074,179.36359126984127,1041.8516865079364,1096.2748015873015,31.571108010339508,17.805555555555554,15.574404761904761,34.201388888888886,6.75,1.3125,16.291666666666668,18.9375,73.49521740832716,5.6101190476190474,142.35752442002442,85.71527777777777,40.29960317460317,623.4839743589744,232.55266955266956,570.7533924408924,4.761904761904762,80.18650793650794,16.84027777777778,0.3125,13.595238095238095,34.625,7.098063973063973,29.458333333333332,2.6666666666666665,17.5,2.645833333333333,9.333333333333332,25.461816305469554,9.375,364.24189814814815,19.555555555555557,1.75,0.0,15.833333333333332,38.55555555555556,7.104166666666666,9.97718253968254,55.479166666666664,34.5188492063492,45.879960317460316,68.19345238095238,26.453869047619047,7.395833333333333,2.4791666666666665,29.1875,0.3333333333333333,0.0,164.57242063492063,25.305555555555554,31.56547619047619,64.13888888888889,4.895833333333333,0.3125,0.0,11.666666666666666,1.6666666666666665,0.625,7.517361111111111,12.94000035120931,5.0,2.8125,4.583333333333333,25.0,10.393518518518519,3.75,5.833333333333333,2.9166666666666665,31.041666666666668,48.11805555555556,26.166666666666664,6.145833333333333,61.45833333333333,0.9375,4.166666666666666,1.162004662004662,0.0,5.0,7.628968253968254,0.0,68.81944444444444,4.166666666666666,1.25,6.324404761904762,3.583333333333333,251.99482191250485,15.208333333333332,7.083333333333333,7.055555555555555,0.0,19.714285714285715,1.0,15.491071428571429,4.166666666666666,10.416666666666666,7.083333333333333,0.0,0.0,5.239583333333333,22.708333333333332,1.25,90.82740638990639,37.594627594627596,14.5625,0.0,7.638888888888888,34.7662037037037,5.0,10.238095238095237,0.3125,1.6666666666666665,13.0625,8.333333333333334,0.0,2.5,0.0,16.416666666666664,0.0,77.87301587301587,2.9166666666666665,0.0,6.770833333333333,0.5357142857142856,0.0,0.0,7.833333333333333,6.916666666666666,0.0,2.5,0.5,16.506944444444443,0.0,0.0,0.0,0.8333333333333333,5.1726190476190474,0.0,36.037545093795096,0.0,1.8452380952380951,2.5,0.8333333333333333,13.6875,7.708333333333334,0.0,3.3333333333333335,1.6527777777777777,1.25,7.5,0.0,1.6666666666666665,0.0,0.0
9096.221375198298,39430.819283504745,1903.6120918424513,10065.029458047607,1399.210409349256,3050.838387877009,2831.3719582457015,442.8365011426506,1261.2216496602452,320.678888019134,3437.2375210412,1052.6772947759946,2485.221153077068,331.7951041368547,255.69318650790163,212.1863169049483,2000.6416617949794,854.7636274746818,2579.003476382425,1461.3083713613714,2703.5948513016624,380.8475568549098,319.8773821208032,825.9268883979797,1736.797210899783,8301.952267752957,1511.8779633143897,1256.4471860845986,656.3970087770655,7000.220254037309,8425.362343272052,2478.512809472177,346.7074719262219,13031.22982582754,1317.9911707504264,4120.127514877153,1376.7607237168497,2800.5957100225837,286.8774789852963,10541.718345735613,1519.4208969420497,1385.9630178122331,3587.39420967306,209.49904255602786,327.3905852127892,3409.705324154402,3167.6770077507044,251.95815985485103,451.1752985334027,19.697927072927072,148.51482249965787,210.12094155844156,433.98825925144234,55.58613545252477,453.3326239263546,377.5259911724985,445.15000938722164,219.27688579860188,609.2025305168687,106.49140914167005,154.8125474062974,839.9647982986799,272.3234389019993,2783.0308117307427,850.6160746702593,914.5393784811143,174.80725350357702,120.53198625992744,242.17120101802595,50.48771843266812,74.69083694083693,46.64989177489177,828.8291651305885,25.58845413165266,173.6234478241057,132.83904822743298,266.9390119684237,36.579365079365076,122.58083545823315,55.80681818181818,125.6172132605956,122.84888231599491,366.81969881969883,22.17673737081632,271.04499490003906,40.08689677768625,17.783276908276907,123.58742646242646,289.6726341640815,1070.4819848161853,116.53824191159717,197.62436997757592,26.263062169312168,450.3474889235989,204.73469239094237,200.22990897990897,171.47772597772598,94.64725184945773,22.444968226218226,13.571789321789321,186.42291736041736,58.94047619047619,15.669584500466852,163.47690645573098,101.5202158952159,265.50575312630264,489.3058386960035,141.2963530083051,75.72485847485848,264.32559646062674,117.08214498623981,149.20404704944178,126.97218236556472,200.1959566137656,36.773133116883116,6.632936507936508,44.61005314130314,70.69431354464248,34.65628560036455,43.10532923930589,122.96874028749028,18.188415750915752,113.36756043663938,96.11244658119658,28.729675417175415,31.930680430680432,77.5211038961039,21.90226196805144,69.84887538931656,179.18403635837845,19.19412878787879,40.58541295306001,21.672313797313798,20.387376512376512,218.10953661420092,319.78925690322745,86.38994325391384,35.986892736892734,129.88678543678543,191.5683351710925,77.93434343434343,230.7580462330049,14.95889037433155,1302.3759796511356,227.28184866603982,49.50981657231657,148.94211371417254,11.085858585858587,22.49702380952381,38.50799200799201,11.042408054908055,36.415133477633475,22.929399032340207,18.323438135938137,169.62961253524978,75.10479797979798,15.979992229992229,76.36134004884005,22.393772893772894,15.33664021164021,89.9202454952455,436.9974768165557,100.69797896819955,15.366582491582491,275.559120521407,60.83316890224785,17.98736424394319,262.91231392129055,16.605158730158728,7.862789987789988,230.7614565216164,33.02857997265892,9.98611111111111,8.767135642135642,63.81906573818338,4.5833784271284275,33.11672763510999,13.593434343434343,94.91928925222247,15.130125661375661,62.93258130758131,2.477272727272727,8.833333333333332,1313.9229243363675,19.93073593073593,95.31830206830206,12.52251221001221,11.873505880084828,22.30425824175824,13.162235035079862,26.76525557775558,91.25530160199277,178.2163392163392,113.79179106568812,7.333333333333333,46.32738095238095,65.14747752247752,3.5059523809523805,98.91699199888241,549.9154526675148
496.72361976399753,1221.25722526266,154.70909645909646,319.179410136647,155.2077922077922,295.36874629514244,566.3965711697405,104.37453190084769,92.39844877344878,91.82160894660895,356.4509014692204,249.3307178932179,283.0132633171426,60.079365079365076,11.185897435897434,53.21398046398046,64.60526973026973,142.09208846708847,138.7731082375479,153.46960678210678,547.9769327894328,162.15811965811966,66.69462481962482,33.797619047619044,185.05411255411255,797.9868250762647,358.3598932953515,197.46545121545122,235.40095261539227,794.8125390404801,800.3368732875311,248.7117095867096,96.98863636363636,203.4736790986791,445.9948246198246,746.687284339224,92.56434477878443,423.18457285052114,50.68656343656343,575.6060005815441,226.04478854478853,114.39690111134077,307.46634359792256,429.49313186813185,283.4498230527642,442.132512206472,583.3906652171358,69.26190476190476,43.98616661116661,14.712768440709617,48.34188034188034,20.50595238095238,97.60422502334266,5.333333333333333,18.178571428571427,44.9781746031746,24.62121212121212,323.9909951159951,335.63696719946716,47.013888888888886,61.22356327247631,448.2110389610389,18.661616161616163,6.26984126984127,192.5368905079091,83.13528138528139,18.49621212121212,80.08531746031746,15.0,20.96416083916084,36.404761904761905,7.765567765567765,0.0,18.384157509157507,4.166666666666666,15.594742976321923,56.51968864468864,18.5,47.047619047619044,0.5555555555555556,6.818181818181818,38.12103174603175,74.58333333333333,12.647186147186147,102.0340909090909,19.104296066252587,12.25,55.10335497835498,31.14044289044289,44.83147130647131,47.44444444444444,17.083333333333332,27.107142857142854,16.25,23.805555555555554,8.75,13.704545454545455,68.05357142857143,2.7976190476190474,11.194139194139193,22.997474747474747,3.0555555555555554,5.40079365079365,118.32323232323232,5.0,60.982142857142854,29.44047619047619,10.113636363636363,28.595959595959595,23.238636363636363,19.1896645021645,53.3259284575074,0.8333333333333333,1.25,39.57539682539682,25.15277777777778,39.82738095238095,30.15710678210678,12.507936507936506,18.478049728049726,6.329365079365079,8.05952380952381,7.287878787878787,14.444444444444443,10.25,1.883116883116883,2.4545454545454546,8.25,7.454545454545455,1.0,0.0,5.194444444444445,65.92460317460318,11.752164502164502,33.53083028083028,20.0,4.089285714285714,42.169372294372295,18.67099567099567,99.87139249639249,19.957688145188143,35.16595588697449,1.25,62.12021072796935,0.5,58.83446159104054,120.60821123321124,3.6666666666666665,0.4545454545454546,25.982142857142858,14.309523809523808,13.0,9.742063492063492,21.142857142857142,11.666666666666666,97.83333333333333,29.07832080200501,5.0,9.422619047619047,0.0,25.416666666666664,6.333333333333333,9.075396825396826,3.7142857142857144,5.833333333333333,26.58928571428571,25.98878205128205,1.0,0.0,1.0,5.454545454545455,1.130952380952381,5.5,13.627164502164502,0.0,9.011904761904761,5.0,1.6666666666666665,15.002164502164502,0.0,2.875,7.7559523809523805,4.053571428571429,7.5,17.166666666666664,11.398809523809524,16.09722222222222,1.0,1.9444444444444444,1.1111111111111112,15.337412587412588,1.0,5.0,2.754329004329004,11.833333333333334,15.454545454545455,0.0,0.41666666666666663,1.0,8.88888888888889
88.71936502507154,3213.639971841348,128.32275363525363,507.281841102797,31.75530488030488,232.15543599918598,83.54599542757437,8.525779775779776,24.874868187368186,26.552655677655675,99.95633301883302,7.262820512820512,145.68602148021483,58.533740769034885,38.662979585773705,9.404761904761905,421.2030779571381,29.437830687830687,393.2202448967155,40.30784945730598,144.74725193107545,48.50128066378066,4.0322128851540615,43.317460317460316,203.22135625812095,1141.2513251318398,148.88659502262442,93.81822177686148,32.111794616632075,494.31690228774204,393.87899396650994,151.12967343114403,162.70865245865244,1471.5321648082029,428.1574474136974,368.03794789088903,44.736324162954595,157.60477890336594,141.74117841581077,676.0819309976279,133.18701391201392,22.82852564102564,134.36873196248197,13.30988455988456,17.21590909090909,545.3683667066794,283.77843201484507,5.111846486846487,21.51955608685148,0.3571428571428571,4.1496836496836496,61.26593822843822,141.251723358341,8.89304226475279,30.72574868770521,70.91231684981685,21.247886604136603,14.742063492063492,32.66287878787879,5.833333333333333,8.607914989493937,20.46269362445833,91.86309523809524,116.43129684857625,56.57272126022126,73.55858676998383,15.720238095238095,5.333333333333333,0.9027777777777778,5.555555555555555,3.125,11.128205128205128,26.178541366041365,0.08333333333333333,0.5,3.1666666666666665,0.0,0.7142857142857142,8.749479314377012,0.0,20.167087542087543,9.67202380952381,2.5625,0.0,16.672619047619047,1.0795454545454546,1.0833333333333333,22.488636363636363,0.5,14.462787212787212,3.5992063492063493,1.0555555555555556,4.010416666666666,74.79166666666666,18.421488233988235,1.25,41.8727984977985,1.130952380952381,0.0,0.0,2.9365079365079363,0.3125,0.25,125.18113523473431,6.588203463203463,2.979395604395604,1.4583333333333333,3.4722222222222223,9.166666666666666,25.171401515151516,0.0,3.906759906759907,0.0,8.75915750915751,0.30303030303030304,0.0,3.809523809523809,0.0,0.0,0.7339743589743589,2.7803030303030303,1.25,1.3541666666666665,0.0,0.47619047619047616,1.0,1.2202380952380951,0.0,0.0,14.404761904761905,0.0,2.0277777777777777,0.8333333333333333,21.424242424242422,2.5,4.888888888888889,1.2373737373737375,9.716269841269842,0.0,2.2222222222222223,15.479978354978355,0.0,1.7897727272727273,72.33926437196561,5.946969696969696,1.6666666666666665,13.957142857142857,0.0,0.0,5.833333333333333,0.0,0.0,0.0,0.25,0.2777777777777778,0.20833333333333331,24.083899433899433,0.8333333333333333,2.458333333333333,1.1111111111111112,0.6666666666666666,8.928571428571429,1.0285547785547786,0.0,1.9219576719576719,0.0,0.7142857142857142,16.29240642398537,0.0,0.0,2.25,0.2777777777777778,9.166666666666668,0.0,8.366792929292929,0.0,1.9642857142857142,2.3304473304473303,1.369047619047619,0.29910714285714285,1.6666666666666665,0.0,0.0,26.518800643800642,0.0,28.729437229437227,0.0,0.0,2.8124999999999996,0.0,0.0,10.895833333333332,13.987179487179487,14.958847865097864,0.7142857142857142,0.0,4.555555555555555,0.0,3.621794871794872,41.79312027841439
142.3916967034227,2972.7667510572146,237.445677008177,468.2322395669919,132.1092772967773,373.8801291301291,114.86776761648883,29.101190476190474,46.21957671957672,101.79761904761905,360.8509933684419,99.83192954388606,258.706081836382,34.665029415029416,15.456800144300143,35.92893217893218,85.21717624163276,68.40376984126983,436.7402377750675,169.3044733044733,227.9182474657303,6.301587301587301,36.28373015873016,174.28751803751803,155.99949356199355,682.4373766498379,180.67600455100455,225.31805925555923,247.26650432900433,661.8664226296579,439.6024975841152,360.5775582260876,21.11111111111111,1234.670435429412,311.7226037851038,342.3451631784432,82.829161478618,399.74126309420427,6.0,674.3743707559497,63.883297258297254,143.96912830144086,424.4593142710403,15.034604284604285,14.681855181855182,1195.1685976060976,309.1527296447962,82.67228835978835,167.72685185185185,17.5021645021645,13.583333333333332,9.0,13.79120879120879,2.6190476190476186,33.35429606625259,36.42857142857143,15.291666666666666,14.025042087542086,174.81547619047618,26.741300366300365,25.376678876678877,273.97548043743694,24.65277777777778,96.33928571428571,175.65419061614713,83.95842352092352,4.6649923144488366,63.03354978354978,2.1666666666666665,7.277777777777778,25.333333333333332,12.043650793650793,49.397630147630146,8.353174603174603,3.9162561576354675,9.86111111111111,23.608315295815295,2.638888888888889,47.07756132756133,2.036796536796537,9.61111111111111,15.388888888888888,52.93353174603175,1.0964912280701753,10.416666666666666,9.011904761904761,2.6666666666666665,0.8055555555555556,24.11796536796537,101.7442136535386,32.31051587301587,9.083333333333332,3.185185185185185,21.645833333333332,36.70833333333333,5.833333333333333,0.0,16.023809523809522,1.0,0.625,11.976190476190474,0.625,0.0,28.592893217893216,11.019841269841269,13.027777777777777,10.13095238095238,18.101190476190474,1.5277777777777777,14.666666666666666,1.0555555555555556,19.43452380952381,1.759259259259259,11.416666666666666,1.8888888888888888,2.9761904761904763,8.859848484848484,6.472222222222222,55.79365079365079,1.25,5.166666666666666,2.1242368742368742,1.2626262626262628,7.944444444444445,13.876984126984127,1.2698412698412698,0.625,2.232142857142857,0.15151515151515152,10.939517353991038,15.630952380952381,0.0,0.0,1.5,11.694444444444445,16.583333333333332,3.829598506069094,0.25,9.027777777777777,7.945075757575758,54.41269841269841,13.289098972922503,0.8333333333333333,19.789335664335663,7.5,2.609126984126984,0.0,0.0,0.0,0.0,0.7272727272727273,0.0,1.6666666666666665,0.0,6.563725490196078,0.0,15.107142857142858,10.767094017094017,14.916666666666666,0.0,1.6666666666666665,3.696428571428571,2.4056915306915307,3.75,9.71031746031746,2.111111111111111,0.0,6.597222222222221,4.5436507936507935,0.8333333333333333,5.3225108225108215,0.9090909090909092,0.0,7.083333333333333,2.88515406162465,0.0,5.0,0.0,10.596491228070175,0.5,9.464285714285714,2.2222222222222223,0.0,67.37157287157287,0.0,24.005411255411254,1.5476190476190474,3.28495115995116,0.0,0.0,0.0,0.25,13.4491341991342,1.7676767676767677,0.0,23.083333333333332,0.8333333333333333,0.41666666666666663,0.3125,73.60416666666667
451.63198957264,2052.011870353732,164.26186791150025,660.2444522095838,168.2843025710673,214.0555164620954,82.55927879310232,41.53820693195693,27.304279054279053,92.07836802573644,117.46692098894111,85.14950674325674,395.2155870107916,11.0,17.62944694194694,6.912593984962406,157.17063548313547,15.389515577015576,128.3083835146335,125.04032071284308,139.02923234173232,43.81937679766627,5.1309523809523805,11.655195498945499,263.1120754653843,608.3253710671133,257.28823421876825,273.0702492691994,173.23979339822318,783.0175781595834,987.9679667888048,185.85170457244254,84.3459410959411,440.42524374331566,371.1054105380344,325.83612592329695,146.06980473230473,400.44508040686026,77.29543142043141,599.6659567766741,193.8162801801069,61.92806297160012,148.06260143365407,42.305069494775374,45.65212865837866,454.64814917783264,263.1713222915429,28.298953823953823,69.49091810966812,0.9149184149184149,11.145895770895772,13.663263125763125,34.503994797473055,18.098049595332203,17.199567099567098,172.8256993006993,9.73040293040293,103.42316791395739,112.87001655751655,12.543831168831169,17.67314650219062,132.18715677955228,22.321756946756945,48.348927541862324,41.07500323750324,26.182546104566228,150.8275965735331,6.014695830485304,6.648809523809524,2.465817361650695,0.8823529411764706,1.0416666666666665,18.812745074973336,2.5958142551892553,1.6666666666666667,38.33370576791629,0.625,2.371031746031746,9.84045584045584,1.6666666666666667,11.714352168299536,12.61590909090909,4.8125,6.629960317460317,18.69902075049134,3.596415280625807,0.7476851851851851,15.471255596255595,40.03768209702807,16.188555292173714,41.61557424057424,2.3167293233082704,0.8571428571428571,27.14010989010989,9.055555555555555,0.0,11.423382173382173,2.8829642579642583,11.893696581196581,9.13888888888889,12.722222222222221,0.0,2.821428571428571,17.98183760683761,6.808080808080808,33.68654028719818,43.51561306340718,6.3977272727272725,4.504419191919192,61.98549122446181,73.62063848460907,85.25098329845773,14.520730984701572,2.051282051282051,11.916666666666666,2.4305555555555554,1.0,0.2777777777777778,1.73510101010101,9.587979126137022,44.94795661854485,1.0512820512820513,7.239850427350428,1.3782051282051282,13.699099511599512,0.0,1.0132575757575757,1.349206349206349,7.357142857142857,6.551282051282051,0.8904761904761904,0.7417582417582418,4.166666666666666,3.9404761904761902,50.47572335072335,9.0625,1.25,9.537037037037036,51.7639319014319,80.10847770650402,41.42795399045399,2.51056786350904,5.338383838383839,14.297348484848484,27.827471139971138,6.333707807892591,27.430868205868205,4.166666666666666,0.3571428571428571,5.581918081918081,6.576322434875067,7.606800144300145,0.0,4.1398809523809526,7.791666666666666,2.468013468013468,11.22051282051282,0.0,1.25,0.0,51.634295565545564,8.43596681096681,4.689604377104377,2.4537037037037037,2.4022176653755603,12.645721925133689,0.4166666666666667,0.6666666666666666,5.108974358974359,0.0,0.0,4.1479076479076475,0.0,1.3333333333333333,4.997474747474747,0.15625,1.4285714285714284,0.0,3.7840909090909087,0.14285714285714285,0.0,5.9375,2.142857142857143,19.3125,1.0606060606060606,0.0,4.7023809523809526,0.5665584415584416,1.2301587301587302,2.693028024606972,0.8566433566433567,2.6073232323232323,1.1805555555555556,20.45695203918888,1.1851851851851851,0.0,0.5,0.0,2.5416666666666665,13.438311688311687
51.32851307189542,5268.070623136163,1309.2826082278289,1951.5052481703024,401.422650960151,843.4171045185751,773.4182837995338,240.26878908128907,28.0406746031746,268.2579365079365,498.1063287202993,73.67997499576447,441.7453944203944,61.363934676434674,15.42876984126984,20.5203081232493,90.44166666666666,147.1299603174603,1027.3243810655574,371.650974025974,209.4679383116883,135.1694264069264,3.5,32.9375,184.21381627631627,1628.4618404439216,755.1287381599882,916.219742063492,239.33711043858102,2108.23098864643,1867.9284031929542,1254.9050102675103,36.655962093462094,335.28814935064935,381.1500901875902,816.1832493486905,365.902445128538,925.4792879558565,887.1049776612276,1478.7902898027899,395.27881086778143,204.16479353979352,648.7508140437707,588.2393792890116,251.9250571188071,1050.534016215266,1318.554404160654,17.488575150339855,37.192984099234096,21.242063492063494,59.74801587301587,25.729166666666668,2.550925925925926,2.8125,3.482456140350877,91.80074786324786,2.75,248.7718253968254,83.20093795093796,35.20634920634921,274.8548724423724,455.11557539682536,713.2539365454807,28.553571428571427,353.4953830891331,8.125,1.9444444444444446,28.928571428571427,18.572916666666668,8.247354497354497,61.56150793650794,62.00079087579088,20.572916666666668,12.080853174603174,8.288690476190476,26.477272727272727,5.488095238095237,265.78263472638474,9.367063492063492,1.8229166666666665,1.755952380952381,11.80952380952381,2.6324786324786325,36.53174603174603,77.58214285714286,26.735119047619047,15.347222222222221,34.468499680573984,22.506280525030526,49.502967171717174,4.902777777777778,4.62962962962963,30.703416115683495,1.6111111111111112,5.595238095238095,5.277777777777778,140.16034798534798,38.18650793650794,26.058226495726494,17.938492063492063,1.7223054723054723,1.1805555555555556,21.344426406926406,61.40555971805971,0.65625,44.513888888888886,11.956209969367864,9.454365079365079,54.87257881007881,2.3611111111111107,0.38690476190476186,26.589021164021162,25.373931623931625,3.5634920634920637,1.6666666666666665,19.14072039072039,73.3829365079365,24.176046176046174,10.982456140350877,19.271214896214897,6.597222222222222,3.75,42.49296536796537,1.5656565656565657,5.794857187726349,14.943181818181818,0.0,171.62309218559218,8.75,11.489583333333332,12.729166666666666,4.166666666666666,543.3525918525918,35.61309523809524,17.428571428571427,0.3125,19.20589133089133,18.058436933436933,29.956349206349206,18.57936507936508,30.65972222222222,5.4226190476190474,0.0,0.0,0.0,16.646608946608946,65.00892857142857,30.801062091503265,116.23276862026862,67.68849206349206,53.10872113997114,5.593975468975469,6.978021978021978,90.57785501535501,77.79464794464795,7.7976190476190474,4.932072829131652,3.214285714285714,37.18589743589744,6.239177489177489,9.573412698412698,13.54513888888889,24.441964285714285,29.433531746031747,1.25,19.51233766233766,21.944444444444443,9.541666666666666,2.2916666666666665,4.618922743922743,1.3482142857142856,0.0,9.31043956043956,5.007631257631258,1.527281746031746,3.5416666666666665,0.8333333333333333,82.05571190327288,0.0,0.5,1.875,13.76388888888889,25.47222222222222,0.9375,61.88287037037037,0.625,15.210775335775335,0.0,5.882936507936508,33.422619047619044,6.904761904761905,0.0,0.0,2.638888888888889,0.625,0.0,1.7083333333333333,3.6904761904761907,0.23809523809523808,0.0
34.87172640955536,744.5739685299576,140.28599178599177,74.0691391941392,47.14087301587301,205.1031746031746,27.176767676767675,10.555555555555555,15.583333333333332,17.78937728937729,179.13194444444443,3.3333333333333335,15.387667887667886,6.101190476190475,9.041666666666666,12.107142857142858,186.35662948162948,17.375,124.30723905723906,41.46825396825397,53.94532183502772,2.3809523809523805,5.2142857142857135,3.75,44.116973304473305,298.9262003261616,27.569033853573327,154.45833333333331,2.6666666666666665,127.57065157065156,58.19645230500493,41.15084915084915,1.25,171.38263125763126,38.30555555555556,86.20238095238095,21.107244607244606,41.79563492063492,33.76785714285714,276.83194211977104,47.58333333333333,12.333333333333332,27.613636363636363,17.0,10.553571428571429,93.12278693528694,51.582251082251084,8.125,3.3513708513708513,0.0,5.0,0.8333333333333333,1.75,4.0,10.277777777777777,15.75,2.5,3.5,11.876782531194296,1.25,2.6666666666666665,4.624542124542124,93.63510101010101,13.958333333333332,18.023809523809522,16.076923076923077,3.8888888888888884,4.166666666666666,10.257936507936508,15.972222222222221,0.3571428571428571,1.6666666666666665,6.232142857142857,0.3571428571428571,0.3448275862068966,0.0,2.103174603174603,0.0,1.8055555555555554,0.0,0.8333333333333333,0.0,20.511904761904763,0.2272727272727273,6.25,1.25,0.0,1.6666666666666665,2.75,9.470899470899472,3.1547619047619047,0.7142857142857142,1.4880952380952381,22.083333333333332,6.388888888888888,33.263888888888886,113.96825396825396,1.0,1.6666666666666665,0.0,0.20833333333333331,16.19047619047619,0.0,4.166666666666666,0.0,12.843840187590187,2.5,12.13888888888889,2.5,0.2777777777777778,7.0,0.0,2.833333333333333,29.523809523809522,4.930555555555555,0.5555555555555556,1.2168560606060606,0.0,1.0,0.0,0.0,1.6666666666666665,0.0,1.1904761904761905,0.0,0.0,2.2916666666666665,0.0,2.5,3.1666666666666665,3.75,0.0,0.0,1.25,0.0,0.0,0.0,0.0,0.0,0.0,3.333333333333333,0.0,0.0,15.057539682539682,54.89583333333333,0.0,0.0,0.0,0.0,0.0,2.5,0.0,0.0,0.0,0.0,0.0,0.0,5.0,0.0,3.75,0.0,0.7142857142857142,0.0,0.0,0.5,5.0,0.0,0.6527777777777778,0.0,0.0,0.0,0.3333333333333333,0.2777777777777778,0.0,0.0,1.25,0.0,3.0,0.37037037037037035,0.0,0.0,0.0,0.0,26.064814814814813,0.0,1.25,0.625,0.0,0.0,0.0,0.0,1.1111111111111112,1.0,0.0,0.0,0.0,2.333333333333333,0.0,0.0,2.675438596491228
361.10041639646903,6357.339808802309,762.7856541606542,1737.1425264550264,313.6175595238095,1728.6630257778284,159.98784621810938,117.47985209235209,381.7936507936508,86.14675925925926,865.7892316017316,200.83973665223664,476.4528318903319,61.875,149.05753968253967,111.45932539682539,435.65277777777777,181.93650793650792,471.59810036454775,291.2390873015873,332.71813055365686,206.5456349206349,40.50694444444444,72.56051587301587,158.28472222222223,1668.9694264069265,390.4111111111111,503.4505772005772,171.54960317460316,2041.320942945943,1062.043232924483,876.0564935064934,220.57142857142856,676.2613756613756,469.89790764790763,988.5279581529581,282.8167922963976,479.0595238095238,316.4489205969469,1831.3988095238094,529.7762896825396,190.6511752136752,924.0405531968032,211.57440476190476,103.6486568986569,1656.376984126984,812.7416214146477,87.42840608465609,187.82142857142856,40.55555555555556,32.842261904761905,93.54761904761905,28.904761904761905,23.44047619047619,139.46428571428572,106.15079365079364,40.45982142857143,135.95734126984127,205.97997835497836,101.72420634920636,100.83928571428571,209.23710317460316,652.0138888888889,23.140873015873016,131.6737012987013,177.45734126984127,105.44444444444444,27.311507936507937,255.83333333333331,31.025793650793652,13.434523809523808,41.90277777777778,158.4503968253968,34.17361111111111,5.416666666666666,48.641666666666666,128.79166666666666,55.25,82.26686507936508,16.988095238095237,6.39484126984127,112.875,295.4227994227994,38.041666666666664,72.84126984126983,11.333333333333332,41.90972222222222,51.58333333333333,39.28174603174603,93.02744708994709,24.862103174603174,70.19761141636141,24.270833333333332,119.09027777777777,23.916666666666668,1020.2361111111111,265.2857142857143,55.107142857142854,24.625,13.5625,11.383928571428571,32.023809523809526,22.75,23.555555555555554,22.888392857142854,60.89484126984127,37.72222222222222,38.229166666666664,27.74102564102564,12.083333333333332,38.99603174603175,62.19047619047619,30.944444444444446,586.2936507936508,25.194444444444443,43.71031746031746,42.291666666666664,40.932539682539684,91.9890873015873,26.04419191919192,19.333333333333332,17.208333333333332,20.908730158730158,46.485119047619044,11.23611111111111,20.46825396825397,21.666666666666664,61.413690476190474,38.916666666666664,4.916666666666666,19.751984126984127,0.8333333333333333,56.69444444444444,15.25,28.13392857142857,30.982142857142858,37.46031746031746,9.154761904761905,2.7777777777777777,54.291666666666664,26.015873015873016,29.146214896214897,29.666666666666668,6.625,77.95833333333333,123.0376984126984,90.0,7.5,49.91468253968254,64.875,17.8125,27.11111111111111,13.472222222222221,1.0763888888888888,4.592592592592593,12.8125,16.258928571428573,26.625,5.833333333333333,37.79761904761905,9.125,17.01388888888889,0.0,2.4000000000000004,23.916666666666664,34.6965811965812,45.75,35.988095238095234,7.777777777777778,7.567460317460316,10.333333333333332,7.5,26.805555555555557,10.041666666666666,12.5,9.25,6.25,41.83333333333333,7.037037037037036,10.714285714285714,0.8333333333333334,9.166666666666666,12.1875,11.907407407407408,9.136904761904761,5.777777777777778,6.5811688311688314,15.029761904761905,13.333333333333332,12.708333333333332,19.166666666666668,1.1666666666666665,10.877747252747254,2.0535714285714284,7.5,21.458333333333332,12.636904761904761,7.648809523809524,23.0,15.465277777777777
15.876984126984127,670.1270302410009,12.583333333333332,15.86111111111111,11.246031746031745,108.37292568542568,30.58784271284271,20.06953463203463,30.930555555555554,3.982142857142857,256.75330225330225,244.09967840037498,74.51619907869907,32.50222000222,6.166666666666666,29.888888888888886,3.4188311688311686,118.68207349496049,24.783098845598843,45.72123015873016,128.55102536352535,76.89502164502164,45.964285714285715,5.345238095238095,131.53841991341992,267.5402791652792,11.79015429015429,128.86837916984976,104.8616359131065,10.319624819624819,703.1403665778665,168.1001984126984,35.27368464868464,2.982142857142857,137.15971330870713,67.72817460317461,23.879960317460316,167.78133635370477,0.3125,182.36804861804862,84.38111888111888,41.7369782994783,12.36111111111111,58.71428571428571,311.6939171939172,41.03358651152769,16.193181818181817,0.0,113.7980287256603,1.2142857142857142,26.720598845598847,15.0,0.0,0.5,13.720654345654346,1.0,0.7142857142857142,107.72290903540903,49.7979797979798,21.596320346320343,97.08192501942501,231.69487905884964,0.0,0.625,143.6139069264069,0.0,0.0,111.57348207348207,21.01010101010101,0.7142857142857142,2.5,0.0,0.0,0.6944444444444444,0.0,6.458333333333333,0.7142857142857142,0.0,10.089285714285714,0.4545454545454546,1.1805555555555556,0.0,0.0,4.071428571428571,1.992063492063492,4.0059523809523805,0.7142857142857142,128.51411782661782,0.9375,0.0,0.0,0.625,2.380952380952381,0.0,0.0,0.0,0.0,24.696775446775447,6.714285714285714,2.4415584415584415,12.791666666666668,0.8333333333333333,4.5436507936507935,0.0,0.625,85.55137223887223,0.0,1.130952380952381,0.7142857142857142,6.2767857142857135,2.1904761904761902,0.5555555555555556,0.0,0.0,3.6904761904761902,0.4545454545454546,1.984126984126984,2.4305555555555554,8.634108946608947,31.71361726508785,6.974893162393162,4.180555555555555,0.0,1.1805555555555556,54.13825757575758,13.952609890109889,3.4444444444444446,0.0,3.564484126984127,0.0,1.5277777777777777,0.0,0.0,10.238095238095237,6.287878787878788,1.25,0.8333333333333333,10.666666666666666,1.3636363636363638,40.728049728049726,0.0,7.523809523809524,10.75,0.0,0.0,9.047348484848484,26.13095238095238,2.25,0.0,0.0,8.232142857142858,1.3392857142857142,2.121212121212121,0.0,0.0,75.63798701298701,0.0,0.0,3.571428571428571,2.5,0.8333333333333333,0.0,2.3770396270396272,0.0,0.0,11.488095238095237,0.0,0.0,0.0,0.625,2.7777777777777777,0.0,0.25,0.625,0.0,4.761904761904762,0.0,0.0,1.5476190476190474,0.5,0.0,1.25,0.4545454545454546,0.0,0.0,0.5,0.0,4.125,0.0,0.0,8.994497934126416,0.0,0.0,0.0,0.0,1.2142857142857142,0.0,0.0,0.0,0.0
