438.7546564556679,274.14246088839576,418.54717497469363,287.4998166852298,601.0529236107807,441.4942062831348,966.8169428556222,226.42673152035934,531.8037822131572,116.18770546252689,361.57118867243867,354.9966382260779,547.5145482890125,415.97877216698646,75.19246031746032,1032.0468863272622,313.96910954785955,511.61866597688027,609.288356843166,1141.7189627179423,279.24052845781296,1873.4518102551037,49.060460901729556,128.15296286425018,343.27711488266925,772.584137571501,337.79780887782755,114.49773809523809,110.17384216584847,582.7345520352663,657.4104043855305,524.3257453855668,174.58229568248225,44.64512471655328,210.05867397320756,279.24361076753934,346.44827599483847,224.49421974850546,44.4977818147461,40.93273809523809,29.94185606060606,99.94289442039442,1076.354539095697,145.6934763905562,161.51769684019683,15.757876984126984,372.8519167010238,34.799095349095346,228.47910311910312,30.38174603174603,9.746200396825397,48.598214285714285,50.913411753590324,27.760027472527472,21.53718820861678,18.987373737373737,121.07179799056664,154.33833603896102,12.030753968253968,3.609090909090909,209.73488378024092,7.326256613756614,34.73793650793651,140.71115457294027,24.195238095238096,28.893831168831166,15.49547619047619,128.77315476190475,56.520905483405485,91.44679041532186,119.31990763865764,194.98097222222222,35.32525510204081,110.12006562881562,214.91936611008038,214.8973750455893,5.833333333333333,4.936111111111111,9.016666666666667,141.52358214536787,233.62482295482295,19.13095238095238,26.715575396825397,11.50215934858792,6.553174603174603,7.291666666666667,275.31286916786917,36.766666666666666,31.165437802937802,29.10154761904762,97.82155612244897,178.1499975949976,124.74755462791177,130.9195202020202,41.26941137566138,15.588095238095239,169.0930361373405,29.152261904761904,23.318993506493506,200.17253205128205,2.381666666666667,4.753138528138528,2.173611111111111,45.048483684774006,25.233759791795507,1.4930555555555556,1.99,221.80563681027965,23.199669312169313,10.47797619047619,4.305555555555555,8.172501803751803,25.450177798392083,3.333333333333333,11.044642857142856,40.162103174603175,20.007023809523808,14.415555555555555,105.25932745825602,18.13767857142857,15.689520202020201,1.9794207317073171,17.26718820861678,20.586411736411737,42.9781746031746,25.274772727272726,208.05915293040292,4.583333333333333,314.52479875283444,23.207539682539682,19.081941391941392,8.998015873015873,22.947738095238094,3.190909090909091,5.756102231102231,30.675595238095237,2.2,1.4119047619047618,5.819444444444445,32.35674036281179,43.45939720332577,1.0047619047619047,49.156462948815886,9.557372191300763,48.21332621082621,18.995833333333334,23.371031746031747,6.742346938775509,74.00873015873016,0.9642857142857143,9.617063492063492,0.0,12.380079365079364,51.49583333333333,60.43154761904762,162.91091063698207,12.014657287157286,2.030952380952381,15.00595238095238,1.3988095238095237,32.14365079365079,4.173611111111111,9.13125,41.638690476190476,35.830059523809524,11.983730158730157,53.021230158730155,24.8219246031746,1.55,30.325595238095236,1.6875,1.1056547619047619,6.231977513227513,2.7380952380952377,20.2515873015873,29.740891053391053,0.0,10.555555555555555,6.492063492063492,0.8142857142857143,2.8172619047619047,0.0,4.053571428571429,20.512023809523807,9.752896825396824,4.03125,6.027097505668934,4.15,21.875,0.0,0.5678571428571428,10.303273809523809,1.3636363636363638,0.0,5.416666666666667,3.386904761904762,1.0525,18.869603174603174,0.8,0.0
418.30113937466876,309.0987237237237,278.4836711711712,67.7468037890832,88.46602852852853,68.0,28.412725225225223,166.78472222222223,122.11904761904762,108.57638888888889,95.36805555555556,29.541666666666664,327.06133633633635,55.201388888888886,178.35963642213642,171.27879665379666,80.5,352.9503968253968,24.23611111111111,812.3452649077649,90.00450450450451,257.4841403903904,112.05753968253968,283.57118725868725,321.5173611111111,105.25,62.013888888888886,117.68253968253968,10.125,114.60714285714286,65.59623015873015,38.98611111111111,168.49166666666667,11.11111111111111,26.13888888888889,33.95833333333333,37.320945945945944,39.95833333333333,121.4375,17.291666666666668,19.916666666666664,29.600694444444443,20.25,25.27777777777778,43.270833333333336,51.82539682539682,59.875,19.166666666666664,9.270833333333332,17.59722222222222,25.76539039039039,21.857142857142858,22.916666666666664,53.22708333333333,31.833333333333332,80.02222222222223,14.027777777777777,31.645833333333332,88.50347222222221,23.680555555555554,10.541666666666666,2.5,7.333333333333333,20.980555555555554,0.0,9.666666666666666,29.059523809523807,6.458333333333333,3.125,4.791666666666666,16.680555555555554,27.52777777777778,4.583333333333333,13.583333333333332,12.333333333333332,3.958333333333333,5.666666666666666,6.25,6.708333333333333,5.833333333333333,8.833333333333334,62.785714285714285,30.59722222222222,6.666666666666666,5.0,8.645833333333332,34.625,23.77927927927928,5.0,8.333333333333332,26.194444444444443,21.11111111111111,63.70238095238095,15.591269841269842,12.5,3.75,9.166666666666666,4.875,9.166666666666666,20.757936507936506,0.625,21.25,5.75,1.25,8.75,19.458333333333332,2.5,23.4375,26.723723723723722,4.375,184.61111111111111,27.208333333333332,16.25,4.375,13.027777777777779,13.972222222222221,9.083333333333334,15.833333333333332,7.666666666666666,9.166666666666666,13.633333333333333,7.166666666666666,8.625,7.375,5.416666666666666,1.9791666666666665,3.9166666666666665,12.041666666666666,1.0,9.895833333333332,5.291666666666667,0.0,8.75,6.666666666666666,1.875,8.506944444444445,0.0,0.0,3.333333333333333,0.75,3.333333333333333,0.8333333333333333,7.0625,4.166666666666666,7.9226190476190474,4.166666666666666,5.416666666666666,13.69047619047619,9.583333333333334,0.0,4.583333333333333,0.0,2.7083333333333335,6.5,1.25,3.0555555555555554,4.375,0.0,4.583333333333333,0.0,10.0,0.0,8.862612612612613,5.416666666666666,0.0,0.0,0.0,5.0,0.0,0.0,0.0,0.0,0.0,5.833333333333333,2.5,0.0,0.0,0.0,0.0,0.625,0.0,2.5,3.75,0.8333333333333333,0.0,1.25,1.25,1.25,1.25,0.0,1.25,2.5,0.0,3.75,0.0,7.5,1.25,5.0,0.0,0.8333333333333333
549.3289572006489,511.86508107030687,311.6718410334326,242.20786130336825,230.53931336520623,177.93908505515648,476.3033480267955,141.82264593020162,314.8023944115242,207.1929816798514,192.64822816072817,23.527354829078966,268.0047420062301,246.29811088188188,205.87439296814296,377.9593931809627,250.57978248603249,431.53814303862265,200.53156924493132,2012.904317525853,250.4370294245421,1146.0098972304618,393.0070959949743,162.5974163947578,515.5193930928406,304.17413836163837,127.95294025004846,94.2267766955267,134.20194686266115,76.49102633477634,204.56646874950445,99.8687899402185,254.6010775359754,49.79408884766028,108.13886124240601,80.0106930767645,134.49707841761412,157.49282727854157,66.67193967668038,24.957188644688642,65.56161454286455,62.874642514348395,378.1310214123434,69.69916492237921,86.65994294448241,18.13998950396009,56.79320927088784,21.8462475024975,95.42766955266954,69.37152777777777,21.106646825396826,267.7383671898769,124.97643248656351,8.208409645909645,34.667008983080414,75.83566908237961,100.33984501195322,35.450015262515265,8.75,10.862062937062937,47.26524123635468,30.84875541125541,2.8827838827838828,13.678713151927438,1.5972222222222223,3.8272907647907646,3.5506854256854257,63.34860625485626,21.655122655122653,18.402229921819472,68.2252886002886,35.781302031302026,34.31287102621689,38.202497665732956,40.1840490858348,147.2001887001887,27.734154734154732,5.306051587301587,10.9375,52.019563274027554,73.50946275946275,34.448502886002885,14.505952380952381,2.13265306122449,89.6113513864515,7.109126984126984,38.30402236652237,35.98778305028305,6.64341418385536,2.46031746031746,19.73371568907283,66.68154761904762,25.599569081711937,25.66360028860029,2.2023809523809526,3.5446428571428568,25.206554195626687,2.306547619047619,11.169823232323232,28.323412698412696,3.058712121212121,0.0,0.9593531468531469,25.41499763677183,9.481292517006803,0.7291666666666666,4.311011904761904,98.26147959183673,6.171950598421186,19.5690386002886,7.909356725146199,16.547619047619047,20.88793547722119,5.437823614294203,2.5892857142857144,22.451253607503606,19.382530663780663,5.977678571428571,8.361549165120593,2.8522727272727275,3.172138047138047,11.943881321930101,12.964002267573695,15.138167388167387,4.670634920634921,40.8313492063492,38.36643217893218,1.1231060606060606,57.140172327672325,31.558531746031747,3.3571428571428568,11.959325396825397,5.629464285714286,2.3214285714285716,9.946518759018758,14.774801587301587,5.166666666666666,0.0,25.88098244348244,2.5138068385248835,2.986667102738531,6.023809523809524,38.236041736041734,7.618131031581492,3.2837301587301586,2.8125,5.629442195231668,0.0,8.458333333333332,3.5218253968253967,10.29374098124098,0.0,2.875,0.5952380952380951,48.654621998371994,3.3432539682539684,6.080357142857142,7.845238095238095,5.560657596371882,0.8571428571428571,7.779761904761904,14.618975795446383,1.0277777777777777,8.771657509157508,1.0,12.60218253968254,12.313457375957375,12.96031746031746,13.107767232767232,4.309523809523809,0.0,0.0,4.5,4.998015873015873,0.5,16.518127705627705,7.253246753246753,9.019841269841269,17.4643759018759,19.75960012210012,46.32774725274725,3.8194444444444446,4.300595238095237,0.0,1.4772727272727273,0.0,3.970238095238095,0.0,17.320283882783883,3.333333333333333,6.0,1.064664502164502,4.0,3.7777777777777777,0.5,3.5863095238095237,1.4583333333333333,2.761904761904762,0.0,2.609126984126984
160.859126984127,56.827083333333334,235.84848484848484,63.141865079365076,109.97638888888889,126.36944444444444,39.86954365079365,58.676785714285714,67.51458333333333,100.68472222222222,147.11875,19.006944444444443,281.9300595238095,65.53690476190476,25.356646825396826,180.08353174603175,26.520833333333332,190.3986111111111,26.775694444444444,546.3578581871345,142.17222222222222,121.15714285714286,25.701388888888886,114.29166666666667,215.91438492063492,69.94444444444444,49.80555555555556,31.291666666666664,16.229166666666664,37.03415404040404,18.595833333333335,10.368055555555555,41.26190476190476,5.733333333333333,14.979166666666666,62.81289682539683,3.4000000000000004,23.12847222222222,32.375,59.45337301587301,3.3402777777777777,6.006944444444445,38.37083333333333,47.912562656641605,13.316666666666666,12.07638888888889,21.26190476190476,12.083333333333332,11.333333333333334,9.924999999999999,36.9375,8.868055555555555,26.208333333333332,94.26699561403508,12.020833333333332,35.763888888888886,1.7708333333333333,6.75,72.09722222222221,32.760416666666664,4.822916666666666,28.354166666666664,12.1875,17.583333333333332,11.749999999999998,5.559027777777778,4.604166666666666,2.6666666666666665,88.30902777777777,2.083333333333333,2.208333333333333,12.666666666666666,7.625,2.583333333333333,3.958333333333333,3.6160714285714284,2.5,0.6458333333333333,11.23263888888889,2.1875,17.614583333333332,30.0,3.875,9.581349206349206,0.0,1.5416666666666665,17.36111111111111,0.9722222222222222,0.0,4.94047619047619,6.95,1.4583333333333335,7.166666666666667,3.625,9.229166666666666,5.1875,0.0,21.364583333333332,4.6875,6.708333333333333,22.78154761904762,247.84407894736842,1.1458333333333333,3.833333333333333,5.020833333333333,25.6875,23.226608187134502,1.4583333333333333,1.6666666666666665,104.79444444444444,21.072916666666668,1.0,3.4375,12.791666666666666,8.1875,0.9375,2.4166666666666665,12.73611111111111,5.677083333333334,3.5,12.5,0.6666666666666666,6.263888888888888,4.395833333333333,0.5833333333333333,3.625,0.75,14.660416666666666,4.8125,12.629166666666666,4.9375,16.96527777777778,2.2916666666666665,0.0,1.7291666666666665,70.02430555555556,0.8333333333333333,5.944444444444445,0.0,0.7916666666666666,2.083333333333333,1.25,8.4375,4.791666666666666,2.083333333333333,0.9375,0.0,0.8125,2.3194444444444446,1.25,0.0,7.083333333333333,0.9895833333333333,1.0416666666666665,1.25,0.0,16.625,3.125,5.520833333333333,2.5,0.0,0.5625,0.0,0.0,1.71875,2.5,3.333333333333333,0.0,0.0,0.625,2.0625,4.166666666666667,0.0,19.493055555555554,0.625,2.2777777777777777,2.708333333333333,0.0,3.958333333333333,0.0,0.0,0.8333333333333333,0.0,0.625,0.0,14.041666666666666,0.0,0.0,1.0416666666666665,16.25,0.6666666666666666,0.0,1.25,7.646825396825396,3.9791666666666665,4.25,1.75,0.8333333333333333,24.47083333333333,14.145833333333332
16.04375,91.06810897435896,9.462797619047619,11.098299576240752,6.738782051282051,4.0625,11.69326923076923,10.825885225885227,4.5,3.4318181818181817,3.2403846153846154,4.129310344827586,17.435515873015873,13.333333333333334,3.1944444444444446,4.317460317460317,2.9166666666666665,37.33902208902209,1.3479885057471264,110.82064040190974,2.841024340770791,8.560325091575091,3.6385233918128654,5.889005602240896,14.364370748299319,5.000763125763125,1.7410714285714284,3.9556623931623935,1.6666666666666665,4.5,6.7559523809523805,2.25,0.0,0.75,4.444444444444445,5.945741758241758,5.119047619047619,2.5,0.0,8.877747252747252,0.0,7.813865546218487,5.535714285714286,1.6517857142857142,0.0,0.0,3.4472539015606243,3.1486013986013988,0.75,0.0,0.0,5.369047619047619,0.0,2.8695054945054945,0.625,3.601190476190476,0.0,0.6675824175824177,1.8660714285714284,0.0,0.0,0.0,0.0,0.0,2.708333333333333,2.25,0.0,0.0,0.5,1.6666666666666665,1.8494897959183672,0.0,0.5555555555555556,1.3235294117647058,0.8035714285714285,4.3,0.0,0.0,0.0,0.0,0.0,0.0,0.0,2.5,0.0,0.0,0.0,2.272727272727273,0.0,0.0,0.0,0.0,0.0,0.0,0.0,0.0,0.0,0.0,0.0,0.0,0.5681818181818182,2.4107142857142856,0.0,0.0,0.0,0.0,0.0,0.0,0.0,0.0,0.0,0.0,0.0,1.3235294117647058,0.0,0.0,0.0,0.0,0.0,0.0,1.0,0.0,0.0,0.0,0.0,0.0,0.0,0.0,0.0,0.0,0.0,0.0,0.0,0.0,0.0,0.0,1.125,0.0,8.226495726495726,0.0,0.0,0.7638888888888888,0.0,0.0,0.0,0.0,0.0,0.0,0.0,0.0,0.0,1.25,0.0,0.0,0.0,0.0,0.0,0.0,0.0,2.86875,0.0,0.0,0.0,0.0,0.0,0.0,0.0,0.0,0.0,0.0,2.1428571428571423,0.5734265734265734,0.0,0.0,0.0,0.0,0.0,0.0,0.0,0.0,2.5,0.0,0.0,0.0,0.0,0.0,0.0,0.0,0.0,0.0,0.0,0.0,0.0,0.0,0.0,0.0,0.0,0.0,0.0,0.0
592.1263945518657,337.2446373071373,91.80584272002181,247.0705559601521,158.26451673326673,79.71949578199578,100.3624574016365,151.72141053391053,108.10341047841048,85.12003968253968,125.48970705220705,58.740603904397005,134.82429453262787,149.68755305152362,113.10515873015872,174.82705026455025,99.4805996472663,220.88260582010582,122.80879401569057,550.7299171626397,100.12383981805888,299.8222128578311,79.80013083930994,259.24100294987585,267.53283167022505,54.33775946275946,51.56901010818921,84.4455266955267,10.583333333333332,27.930555555555554,96.00143298059965,44.24404761904762,105.69445800142762,28.5334145021645,61.878763649286036,139.1809371184371,86.78312183459242,47.113756613756614,0.8333333333333333,42.09867216117216,56.43849206349206,108.04265873015872,75.07059651817715,54.988756613756614,64.97023809523809,1.6274928774928774,156.18203843308885,18.160409035409035,5.190476190476191,0.625,0.0,103.62291153835271,33.91468253968254,6.022893772893773,77.31926406926407,22.77245670995671,37.9755907960199,2.26007326007326,37.370039682539684,15.833333333333332,36.201479076479075,2.206349206349206,7.881944444444445,5.138888888888888,28.93215811965812,16.734126984126984,11.222222222222221,0.0,31.501984126984127,8.78990464344942,28.782879818594104,27.112103174603174,8.944444444444445,8.537581699346404,15.528679653679653,53.83823121323121,6.666666666666666,2.0476190476190474,27.767857142857142,61.158114761055934,8.125,1.4406565656565657,20.90674603174603,4.969336219336219,3.5256410256410255,5.0,17.31953463203463,13.842803030303031,22.12797619047619,10.532828282828284,15.180555555555555,10.622874149659863,10.666666666666666,1.75,7.74468954248366,3.5416666666666665,1.1318407960199004,3.476190476190476,0.0,29.830128205128204,3.8819444444444446,3.1428571428571423,11.069444444444445,0.7027649769585254,6.317550505050505,8.121475746475747,0.625,18.375679059502588,8.317279942279942,0.625,10.493055555555555,1.8055555555555556,23.90277777777778,2.7320261437908497,6.0,20.942099567099568,10.166666666666666,9.832341269841269,19.942189754689753,0.0,8.828042328042327,26.091908091908092,0.0,15.0,11.901289682539682,10.734036796536797,20.10708041958042,23.22008547008547,8.895833333333334,8.94047619047619,0.8333333333333333,2.5,1.9791666666666665,5.160714285714286,1.5625,6.111111111111111,43.675595238095234,1.3333333333333333,12.59920634920635,22.697420634920633,2.0238095238095237,4.322916666666666,0.0,0.0,0.0,9.705627705627705,2.333333333333333,9.942918192918192,15.13888888888889,1.75,0.9196428571428571,81.57142857142857,2.5694444444444446,8.854166666666666,2.5,1.1111111111111112,4.230248917748917,1.4583333333333333,0.625,12.098214285714285,0.625,0.9166666666666666,10.216269841269842,7.385760073260073,0.0,0.0,3.9310897435897436,11.848214285714285,0.0,2.1785714285714284,48.50694444444444,0.0,5.607142857142857,0.0,3.208333333333333,7.750686813186813,2.0,3.2720588235294117,4.968253968253968,1.2916666666666665,3.5,0.0,0.0,0.625,0.5555555555555556,0.0,0.0,0.5555555555555556,0.0,0.0,9.294642857142856,1.2599206349206349,0.0,0.0,0.0,0.8333333333333333,0.0,2.7152777777777777,0.0,1.9563492063492063
156.48217203548086,116.3485644257703,101.46479786553316,33.04728349673203,22.855392156862745,39.80643090569561,13.394607843137255,60.955555555555556,62.909216464363524,52.106384220354805,18.372607376283845,18.05065359477124,102.9345821661998,72.0125466853408,24.753501400560225,70.70261437908496,45.458333333333336,117.04651027077497,29.409593837535013,212.23499592297966,90.28059056956116,162.21148908281262,11.977591036414566,61.33455882352941,162.24112978524744,9.473039215686274,23.61519607843137,21.52485994397759,13.333333333333332,28.958333333333332,24.704481792717086,28.958333333333332,57.05257936507936,3.125,24.86846405228758,39.93939659197012,16.700757575757574,29.173961251167132,7.361111111111111,4.791666666666667,0.0,11.197537348272641,23.730392156862745,16.227167182662537,12.027777777777777,8.525641025641026,5.625,3.333333333333333,5.948529411764706,3.625,19.270833333333332,13.056547619047619,17.357142857142858,33.178884711779446,14.508578431372548,17.202380952380953,8.75,7.5,35.951388888888886,37.32142857142857,9.166666666666666,20.833333333333332,4.791666666666667,4.355392156862745,18.16421568627451,5.76797385620915,16.90972222222222,2.5,2.5,1.6666666666666665,5.0,9.970238095238095,0.0,0.0,0.0,14.976190476190474,0.625,4.730392156862745,2.0833333333333335,3.333333333333333,6.958333333333333,29.375,2.083333333333333,6.125,3.7916666666666665,1.8888888888888888,4.166666666666666,2.9166666666666665,3.2434640522875813,6.323529411764706,3.958333333333333,8.708333333333332,12.8125,6.666666666666667,1.4583333333333333,3.653617216117216,5.416666666666666,1.0416666666666665,1.4583333333333333,6.458333333333333,0.0,14.19078947368421,2.083333333333333,0.0,5.398809523809524,6.25,0.8771929824561403,7.25,4.240196078431373,8.125,19.0625,1.25,0.0,0.0,7.0,4.125,1.6666666666666665,7.791666666666666,4.166666666666666,2.8472222222222223,0.0,1.25,1.25,0.0,0.5,9.5,3.0925925925925926,12.142857142857142,1.125,2.5,3.333333333333333,0.0,0.8333333333333333,6.875,0.0,0.0,7.5,1.25,1.1458333333333333,2.5,0.8333333333333333,0.0,6.249999999999999,4.791666666666666,2.083333333333333,0.0,0.0,5.0,0.0,0.8333333333333333,0.8333333333333333,1.2916666666666665,0.0,0.0,0.0,3.9166666666666665,0.0,2.5,0.0,1.56875,5.0,1.25,1.25,2.5,3.75,0.0,0.0,0.0,0.0,3.125,1.25,7.083333333333333,0.0,0.0,1.6666666666666665,0.0,2.5,0.0,0.5,0.0,0.0,0.0,0.0,0.8888888888888888,0.0,5.208333333333333,0.0,0.0,0.0,0.0,0.0,0.0,0.0,0.8333333333333333,0.0,5.0,0.0,0.0,8.458333333333334,0.0
56.978758169934636,61.79231442577031,29.22192513368984,29.639297385620914,17.87205882352941,9.16813725490196,6.007703081232493,3.1,4.914425770308123,6.747058823529412,8.634313725490195,9.897875816993464,26.91176470588235,10.671078431372548,10.9109477124183,14.205392156862745,2.75,35.665756302521004,0.8718954248366013,125.63882469654529,82.1109477124183,48.89485294117647,10.614495798319327,84.14822595704949,39.285574229691875,12.098039215686274,6.670751633986928,3.2034313725490198,0.75,4.262878787878788,0.0,3.5416666666666665,9.333333333333334,0.0,1.7156862745098038,14.965686274509803,4.94375,0.0,3.5,4.916666666666666,1.4583333333333333,0.9068627450980391,3.4280112044817925,8.645588235294117,4.475,4.333333333333333,3.270833333333333,2.5,4.240196078431373,5.895833333333333,1.5238095238095237,0.75,2.5,18.642857142857142,1.6782212885154062,4.625,0.0,0.0,29.166666666666664,2.458333333333333,0.0,6.125,0.8333333333333333,0.7720588235294118,3.935049019607843,0.9901960784313725,0.5833333333333333,1.7857142857142856,2.4166666666666665,0.0,0.0,0.0,0.0,0.0,1.9607843137254901,2.5,0.0,0.0,3.5833333333333335,0.0,0.5,3.1041666666666665,0.0,0.875,0.0,0.0,0.0,0.0,0.0,0.0,0.0,0.0,0.625,0.5,0.0,0.0,0.0,0.5,1.6666666666666665,0.0,2.5875,42.05833333333333,6.208333333333333,0.0,0.0,10.083333333333332,7.416666666666666,0.0,0.0,4.358333333333333,0.0,0.0,0.0,2.5416666666666665,0.0,0.0,0.0,0.0,8.333333333333334,0.0,0.0,3.125,0.75,0.5,0.0,0.0,0.0,0.0,0.5,3.0166666666666666,0.0,0.9166666666666666,0.0,4.375,0.0,3.625,13.648809523809524,1.4166666666666667,0.0,0.0,0.0,0.0,1.625,0.0,0.0,0.0,0.0,0.0,0.0,0.0,0.0,10.488095238095237,0.0,0.0,0.0,0.0,0.625,0.0,0.0,6.0,0.0,0.0,0.0,0.0,0.0,0.0,0.0,0.0,0.0,0.0,0.0,0.5,0.0,0.0,0.0,0.5,0.0,0.0,2.75,0.0,0.0,0.0,0.0,0.0,0.0,6.25,0.0,0.0,0.0,0.0,0.0,0.0,0.0,0.0,0.5,0.0,0.0,0.0,0.675,0.0
140.34310134310132,338.3991702741702,29.735119047619044,1.0714285714285714,63.24999999999999,173.64880952380952,1.607142857142857,92.50892857142857,34.81547619047619,76.72916666666666,84.6845238095238,35.300595238095234,72.41071428571428,45.53968253968254,33.150793650793645,60.67857142857142,23.08035714285714,122.49999999999999,0.8124999999999999,503.2169898873527,106.39294733044733,343.8981054787506,3.2291666666666665,78.52380952380952,303.8093711843712,69.00297619047619,12.277777777777777,98.0188492063492,2.4999999999999996,0.0,119.61706349206348,0.0,49.03205128205128,44.357142857142854,48.13690476190476,0.0,41.841269841269835,43.410714285714285,24.95238095238095,1.7499999999999998,1.0714285714285714,0.0,0.0,1.2499999999999998,37.40178571428571,29.336309523809522,0.0,0.8333333333333333,0.0,77.87003968253967,59.041666666666664,10.841117216117215,0.6249999999999999,0.0,0.0,29.13690476190476,0.0,21.116071428571427,3.541666666666666,0.0,37.49801587301587,17.654761904761905,0.0,0.0,0.0,0.0,0.0,27.692841880341877,10.374999999999998,0.0,14.226190476190474,0.0,0.0,142.4003427128427,0.0,0.0,31.681547619047617,9.320436507936506,28.937499999999996,0.0,0.0,0.5,0.0,0.0,0.0,5.398809523809523,0.0,0.0,1.2499999999999998,0.0,0.0,0.0,0.0,0.0,0.0,0.0,0.0,14.999999999999998,0.0,0.0,7.187499999999999,0.0,0.0,9.230990783410137,0.0,0.0,2.8571428571428568,36.125,0.0,8.277777777777777,0.8333333333333333,0.0,3.7797619047619047,7.94642857142857,11.999999999999998,52.666666666666664,0.0,0.0,0.0,0.0,0.0,0.0,5.333333333333333,4.586309523809524,0.0,44.44940476190476,0.0,0.0,0.0,0.0,0.0,82.22916666666666,0.5,0.0,14.833333333333332,9.375,4.166666666666666,1.125,5.654761904761904,0.0,0.0,0.8333333333333333,0.0,0.5,0.0,0.0,0.0,0.0,0.0,17.05425824175824,8.291666666666666,0.0,0.0,0.0,1.857142857142857,0.0,0.0,0.0,0.0,0.0,0.0,11.148809523809522,0.0,0.0,0.0,14.345238095238095,0.0,0.0,34.5,0.0,0.0,0.0,0.0,0.5,0.0,8.857142857142856,6.121031746031746,13.291666666666666,20.680555555555554,3.1249999999999996,0.0,0.0,0.0,0.0,30.979166666666664,0.0,2.125,7.031784188034187,3.4999999999999996,18.0,0.0,11.386904761904761,0.8571428571428571,4.0,2.4999999999999996,0.0,0.0,0.0,0.0,4.999999999999999
312.9354385071532,156.28554186826244,222.37346447511612,31.776953094670702,97.72920115015702,69.38074707155589,87.89692347993018,272.8433759867583,71.77746675593313,247.3969262705082,64.15914130803836,155.89175832036054,112.77848639455782,199.0393115579565,133.60548461808966,304.26856310706097,11.01453081232493,440.62954113463564,43.49131598001309,455.85406867480896,239.99117721519923,551.5480344410491,14.816330636732305,144.01830348489463,198.61391633767934,119.97123932906496,56.95952958297747,14.136467086834733,22.45063858876884,17.705707282913163,60.366376095892896,95.16786032594855,192.91895264098403,11.722603814252974,50.02654853777784,22.470720106224306,46.616254193985284,112.99086942469295,0.0,7.268707482993197,3.553221288515406,11.909547152194211,16.556622649059623,46.550641089769236,34.316201480592234,0.6440826330532212,52.68866465583902,2.5248891223155927,14.072656107897703,22.395958383353342,3.721813725490196,2.575221755368814,131.37707166199812,11.876992463652126,20.744047619047617,5.9904761904761905,17.94704959098067,0.0,19.417223707664885,5.34375,20.319502801120446,0.6527777777777778,3.6274801587301586,25.246673669467786,82.08338107970461,0.0,11.608134920634921,4.526785714285714,5.448511904761904,33.2281678614458,3.5511204481792715,17.199193780076133,18.07833133253301,28.537087789661317,6.7120098039215685,53.836098541980896,4.1187641723356005,0.0,0.6176470588235294,5.7559523809523805,24.166691676670666,7.713861302096595,2.657563025210084,10.47706582633053,2.5416666666666665,9.375,16.960596738695475,1.3794642857142856,6.681747699079632,18.63702981192477,9.194415266106443,17.50267607042817,9.77923669467787,22.095238095238095,21.21875,17.480998168498168,16.335880123193554,1.6666666666666665,19.47828297985861,5.711734693877551,0.0,2.8380102040816326,3.452380952380952,3.9023401027077496,1.3095238095238093,10.363010355657414,0.0,16.856801053754836,7.904761904761904,0.0,0.0,9.246148459383752,6.711309523809523,0.0,17.49831599306389,3.5486819727891152,7.255026328713303,5.833333333333333,15.140114379084967,3.943014705882353,11.706022408963586,1.443452380952381,0.0,5.558189942643724,27.491946778711483,46.09991496598639,7.320728291316526,11.40143557422969,26.635185134659924,3.0,1.3505102040816328,0.0,0.0,0.7828282828282829,0.0,11.0,15.863970588235293,3.075,2.5595238095238093,2.711784713885554,5.93009817563389,13.809523809523808,0.0,0.0,2.5623249299719886,0.0,4.795021645021645,0.5,10.603747938569366,4.7895408163265305,2.4999999999999996,15.466736694677872,0.5,8.00297619047619,0.0,0.6838235294117647,7.501488095238095,1.8839285714285714,0.6071428571428571,73.10434173669468,12.908876050420167,0.0,3.614583333333333,2.653186274509804,3.2553688141923436,10.184523809523808,6.993697478991597,6.363095238095238,0.0,5.634103641456583,3.4313725490196076,0.0,2.344047619047619,0.0,20.29861111111111,0.7344028520499108,0.0,0.0,0.0,0.0,0.0,0.0,2.3749999999999996,1.0671768707482991,2.4950396825396823,6.450842837134854,0.0,18.85037348272642,0.0,0.0,0.0,0.6249999999999999,0.5595238095238095,0.0,0.0,0.0,0.5,0.6904761904761905,0.0,2.5
260.28472222222223,180.58177437641723,198.05902777777777,34.62797619047619,60.3125,97.06944444444444,122.91765873015872,35.83730158730159,38.11309523809524,29.73611111111111,84.38144841269842,6.180555555555555,106.11592970521542,180.82440476190476,60.291666666666664,132.31071428571428,17.3015873015873,212.14625850340136,12.992063492063492,488.5252976190476,97.54662698412699,52.90625,27.118055555555554,111.62103174603175,209.1955357142857,41.27210884353742,13.040674603174603,110.13333333333333,7.048611111111111,13.333333333333332,41.65892857142857,13.2390873015873,39.64087301587301,15.416666666666666,5.104166666666667,5.887896825396825,6.1726190476190474,21.44097222222222,17.974537037037038,11.76388888888889,1.25,14.020833333333334,16.425595238095237,31.833333333333332,0.0,2.8402777777777777,41.03174603174603,4.819444444444445,13.0,0.5,8.18452380952381,0.0,4.0476190476190474,33.625,34.4375,43.67916666666667,1.6666666666666665,9.00297619047619,24.506944444444443,18.145833333333332,4.2559523809523805,9.375,1.875,4.166666666666666,0.7291666666666666,2.96875,1.25,0.8333333333333333,10.680555555555555,0.0,0.8333333333333333,2.8125,2.9166666666666665,3.9285714285714284,1.4583333333333333,1.6666666666666665,0.0,0.625,2.8715277777777777,0.0,0.8854166666666666,0.0,8.261904761904761,2.1507936507936507,0.625,1.4583333333333333,6.567460317460317,0.6944444444444444,2.5,0.6696428571428571,0.0,0.0,8.333333333333334,0.625,2.395833333333333,1.25,0.0,2.5,2.1875,1.1458333333333333,1.4107142857142856,244.19494047619048,0.8333333333333333,0.625,1.8749999999999998,1.25,13.152777777777777,9.583333333333334,2.5,33.635912698412696,19.84375,5.0,2.5,2.6666666666666665,6.458333333333333,0.0,0.0,4.166666666666666,0.0,0.5555555555555556,8.333333333333334,0.0,1.986111111111111,2.395833333333333,3.095238095238095,0.0,0.0,6.5625,0.0,1.3958333333333333,0.0,2.708333333333333,0.0,0.6666666666666666,2.8125,9.42361111111111,0.0,1.5972222222222223,0.0,0.0,0.0,0.0,4.017857142857142,1.4583333333333333,0.0,0.0,1.25,0.0,1.25,0.0,0.0,3.75,0.0,1.4880952380952381,0.0,0.0,0.0,1.6666666666666665,0.0,0.6666666666666666,1.25,0.0,0.0,0.0,3.75,1.6071428571428572,1.6666666666666665,1.25,0.0,0.0,3.0,0.0,1.6666666666666665,3.194444444444444,0.0,0.0,1.25,0.0,0.0,0.0,0.0,0.625,0.0,0.0,0.0,18.541666666666668,0.0,0.0,0.0,5.416666666666667,0.0,0.0,0.0,5.0,1.1458333333333333,1.9166666666666665,0.625,0.0,7.8125,0.0
23.91662436118726,18.074404761904763,10.637075041459369,2.2521973466003318,12.6875,4.6875,5.223880597014926,2.3541666666666665,4.916666666666666,11.8125,39.533354377104374,3.8536535303776684,5.441468253968253,22.395833333333332,11.181834795321636,10.0,3.333333333333333,30.64896214896215,0.632183908045977,50.39404387376841,21.42780172413793,34.302083333333336,1.2953091684434965,3.7116500829187395,13.609297263681592,11.38888888888889,2.807213930348259,1.875,2.708333333333333,1.1111111111111112,6.25,20.0,28.948839983754695,1.3690476190476188,0.0,27.551136363636363,0.0,1.25,4.305555555555555,3.0853174603174605,26.63248556998557,2.7205882352941173,0.0,0.0,2.0,1.0,0.0,1.25,0.0,1.875,2.5,0.0,0.0,8.125,1.0416666666666665,0.0,7.307213930348258,0.625,15.11111111111111,0.8333333333333333,0.0,0.0,0.625,1.369047619047619,4.166666666666667,1.875,0.5,0.0,5.0,2.5559701492537314,0.0,0.0,0.0,0.0,0.8333333333333333,0.0,0.0,1.2857142857142856,0.0,0.0,0.0,0.625,9.42022792022792,0.9722222222222222,0.8333333333333333,2.5,2.3055555555555554,0.0,55.895502645502646,1.9444444444444444,0.0,0.0,0.0,0.0,2.5,0.0,0.0,0.0,0.0,0.0,0.8333333333333333,2.125,0.625,0.0,0.0,0.0,1.4583333333333333,0.0,0.0,0.0,1.7666666666666668,0.0,0.0,0.0,0.0,0.0,0.0,0.0,0.0,0.0,0.0,0.0,0.0,0.0,0.0,0.0,0.0,5.0,0.0,0.0,1.25,0.625,0.0,0.0,0.0,0.0,0.5,0.0,0.0,0.0,2.7222222222222223,0.0,0.0,0.0,2.5,0.0,0.0,0.0,0.0,0.0,0.0,0.0,0.0,0.0,0.0,0.0,0.0,0.0,0.0,1.251984126984127,0.0,0.0,0.0,4.5740740740740735,0.8333333333333333,0.625,0.0,0.0,0.5,0.0,0.0,0.0,0.0,0.0,0.0,0.0,0.0,0.0,0.0,1.0,0.0,0.0,0.0,0.0,0.0,0.0,0.0,0.0,0.0,0.8333333333333333,0.0,0.0,0.0,0.0,0.0,0.0,0.0,0.0,0.0,0.0
56.00228758169934,105.47579365079365,79.86318277310924,72.06392390289449,27.859885620915033,8.82638888888889,15.27876984126984,15.768849206349206,18.12962962962963,34.59595959595959,113.77337361712361,19.248015873015873,121.61051162889397,72.95486111111111,26.942708333333332,97.26580404889228,15.430555555555555,116.27817505207211,4.766666666666667,282.494201702753,58.83814192343604,229.8956874416433,12.826648841354723,98.67751517273575,168.33991930105375,25.226686507936506,6.546218487394958,15.967436974789916,1.6944444444444444,11.826388888888888,9.544584500466852,13.850081699346404,45.15625,3.5937499999999996,20.763888888888886,73.8471797810033,5.125,6.3125,17.393790849673202,2.871965452847806,14.618326118326118,14.673027544351074,27.39670868347339,10.803179824561402,9.666666666666666,12.5,2.7636054421768708,0.0,6.208333333333333,2.3333333333333335,9.854166666666666,3.75,0.0,34.417477517322716,22.625,2.4124649859943976,0.7152777777777778,8.455882352941176,35.48875413801884,7.595238095238095,1.4583333333333333,2.625,5.0,0.0,39.23692810457516,5.0,3.322420634920635,2.5,5.0,1.8055555555555554,0.8971088435374149,10.791666666666666,0.8333333333333333,0.0,2.886904761904762,18.645833333333332,1.25,2.0,0.0,6.666666666666666,0.7142857142857142,0.0,4.71011396011396,3.2777777777777777,0.75,0.625,13.61111111111111,0.8333333333333333,31.942849361967006,2.4166666666666665,2.5,4.721938775510204,0.0,0.0,14.504551820728292,4.857142857142858,2.9166666666666665,0.8333333333333333,2.9166666666666665,0.0,1.0,1.588345864661654,3.088235294117647,0.0,16.186274509803923,26.479166666666664,10.180921052631579,0.0,3.25,10.0,1.3731481481481482,0.0,0.0,0.0,0.8333333333333333,0.625,0.0,15.554446778711483,1.5347222222222223,2.604166666666667,1.0416666666666667,2.068452380952381,0.625,1.875,0.0,11.5,1.6481481481481481,28.085084033613445,1.75,0.5,2.9166666666666665,0.0,2.4497549019607843,2.3055555555555554,0.0,0.0,7.996794871794871,3.3333333333333335,0.0,4.354166666666666,1.7182539682539681,5.148809523809524,0.0,0.8333333333333333,0.8333333333333334,0.9375,0.8333333333333333,0.8333333333333333,0.0,0.0,0.0,38.99894957983193,0.0,4.791666666666666,1.3125,1.0049019607843137,0.0,0.0,0.8333333333333333,12.549089635854342,0.0,0.0,1.25,4.578703703703703,2.083333333333333,0.0,3.833333333333333,1.1764705882352942,0.0,0.625,0.0,2.9166666666666665,0.0,0.0,0.8333333333333333,0.0,0.0,0.0,3.5416666666666665,1.0,0.0,0.8333333333333333,0.0,1.7777777777777777,0.0,0.0,3.6904761904761902,0.0,0.5168845315904139,4.375,0.0,0.0,0.0,0.0,0.0,0.0,0.0,0.0,0.0,0.0
506.5588457400904,266.2554914112109,423.17395425762896,225.46567082893762,217.27177326486148,258.2432518285092,316.91577188956387,144.31245998736193,277.5287096362114,239.11348813262677,120.90381574852162,370.1495138755026,296.314410222666,447.75257822573474,197.15190431901095,649.4696222578646,56.771579909741675,335.54094761695217,315.76316150075496,720.6251858727131,535.3835365143543,880.7656795359476,52.55575971958325,159.7253873771731,346.39311571093083,387.48605875683603,182.17093967384935,65.62365042229013,41.14329839830669,179.07431956115778,204.50928630543126,210.4028525804261,331.5790396714241,55.95228601541626,132.83787959278504,205.38908880218753,137.87199225523543,158.9458087881617,28.869495020230314,37.78367346938775,19.739192343604106,19.4134156162465,171.8939401591526,83.65681164132319,67.35268915899692,20.651957088390912,189.3220067193544,37.31222572362278,160.48483285738538,70.32307241078249,16.77123366013072,55.8627915181224,106.8941611493082,45.038258081010184,44.02906746031746,17.912954260651627,43.064684272698976,32.65386671335201,54.64432092281357,10.368181818181817,72.44681355875683,21.238888888888887,27.28686507936508,62.957944548189644,226.32251029199557,11.829563492063492,23.713353174603174,21.645992063492063,92.99593593135259,56.64226257169534,39.69021942110177,102.05485877684407,29.756460917700412,70.54994238604533,68.65958939889087,57.14644607843137,7.028061224489795,7.80760582010582,10.795658263305322,52.583636363636366,108.33224117424747,29.993100207254617,11.663742997198879,35.5063842203548,15.465123456790124,27.02496693121693,71.12123566093103,32.12238756613757,24.017036536836954,112.23480706171357,45.28241064944496,85.42505035347472,79.40124883286647,32.48288930976431,18.72959656084656,20.13419481752815,51.03960317460317,26.10220238095238,33.2813617871391,99.22449987402368,1.2416326530612245,15.22540970933828,9.995535714285714,33.45260986114876,7.638888888888888,2.3733660130718954,1.8745833333333333,55.088376350540216,31.941865079365076,37.508134920634916,18.096230158730158,9.037762605042017,42.544642857142854,0.8333333333333333,45.01449329731892,21.56203231292517,67.82668384020275,21.862222222222222,34.93754901960784,20.688097572362278,20.777240896358542,11.707740514905149,12.11311391223156,29.10592264683651,23.373249299719888,21.18393424036281,122.3218899782135,11.27748599439776,144.85508337678505,52.03138227513227,10.191632653061225,27.6032848324515,6.227195767195767,4.038888888888889,1.2915849673202615,38.251488095238095,15.402415966386554,7.974404761904761,8.329365079365079,11.442668289538037,19.588068310657597,9.473412698412698,18.889166666666668,11.979166666666666,12.419477124183006,4.852380952380952,20.812301587301587,12.69047619047619,23.957056534735106,6.9812925170068025,1.25,16.03444989106754,2.825277777777778,22.539219576719578,1.5277777777777777,16.28005135387488,27.163869047619045,4.014682539682539,10.443287037037036,18.90143557422969,40.151692343604104,11.261904761904761,19.04732142857143,28.359302054154995,20.51783380018674,27.560416666666665,15.730462184873948,11.43204365079365,0.7763888888888889,24.493499066293182,8.375350140056021,1.0416666666666665,21.197619047619046,1.9791666666666665,6.793055555555555,6.533223516679399,2.2916666666666665,2.1205357142857144,2.100694444444444,1.5304487179487178,0.0,4.166666666666667,9.61111111111111,4.195600907029478,16.911785714285713,6.272634053621448,8.008333333333333,9.207288748832866,1.7372685185185186,3.9821428571428568,5.610714285714286,4.752777777777777,0.7738095238095237,0.0,0.8333333333333333,5.13874299719888,4.01,14.114523809523808,0.8666666666666667,0.0
70.39523266085766,63.3912037037037,80.18844696969697,18.273809523809522,60.18678799270904,47.912247474747474,40.36896494708994,45.62456409331409,18.03422619047619,62.30357142857142,16.682057525807526,2.520833333333333,83.92347236097235,23.370535714285715,31.807291666666664,82.93959137709138,41.433118964368965,89.24859804547305,3.674107142857143,112.86621796819165,47.570531898656895,62.87847222222222,29.730459355459356,13.913512413512413,78.35031288156289,25.020585317460316,23.547619047619047,65.13932942057941,4.645833333333333,64.9625496031746,29.554112554112553,12.160065628815628,18.310515873015873,9.291666666666666,10.565092893217892,10.25,11.830357142857142,61.16746447996448,13.90625,8.1875,17.56547619047619,12.753573972323972,6.001488095238095,7.104166666666666,16.110119047619047,4.0853174603174605,7.70734126984127,4.885416666666667,1.0416666666666665,37.33661477411477,2.6041666666666665,8.598048941798941,10.260416666666666,1.0416666666666665,0.8333333333333333,3.4226190476190474,2.739583333333333,3.038690476190476,0.0,6.553571428571429,8.395566239316238,9.726934523809524,2.75,2.0277777777777777,0.625,1.9166666666666665,7.4752886002886,13.228670634920634,0.0,2.5,8.761904761904761,4.583333333333333,3.793154761904762,1.9072420634920635,0.0,0.0,6.260416666666666,6.887040043290043,2.2083333333333335,22.728498931623932,3.318452380952381,14.734444953194952,0.0,0.0,0.7291666666666666,1.7708333333333333,0.0,4.866071428571429,2.4261363636363638,8.976190476190476,27.408399470899468,0.0,0.5072115384615384,0.5654761904761905,6.875,7.25,2.3125,2.0649038461538463,0.0,5.5,1.9345238095238093,0.0,0.0,4.955357142857142,1.3958333333333333,1.875,9.252480158730158,10.674603174603174,0.0,8.312094155844155,2.4166666666666665,0.0,0.5902777777777778,0.5691964285714286,4.375,10.25,14.026289682539682,0.5803571428571428,1.6666666666666665,0.0,4.799450549450549,4.793154761904762,9.390625,0.0,1.25,0.0,4.409722222222222,0.78125,0.0,4.419642857142857,2.1527777777777777,2.833333333333333,2.5625,0.0,1.4523809523809523,1.3189102564102564,0.0,0.0,10.21329365079365,0.0,0.0,0.0,4.888888888888889,4.722222222222222,0.0,0.0,2.3229166666666665,1.84375,0.0,1.748015873015873,1.1805555555555556,0.0,0.0,0.625,1.3601190476190474,0.875,0.0,3.601851851851852,1.9318181818181819,0.0,2.0833333333333335,0.9375,0.0,1.09375,0.0,0.0,1.1507936507936507,0.0,0.7986111111111112,0.0,0.0,0.0,0.0,0.8939393939393939,0.0,0.0,6.722718253968254,4.479166666666667,0.0,12.459821428571429,3.4745718462823723,0.65625,3.2765151515151514,0.0,0.625,0.0,0.0,0.75,0.0,0.0,0.0,0.0,4.7976190476190474,4.248511904761904,0.8333333333333333,0.0,0.0,0.0,2.202380952380952,1.25
50.02546065046065,31.4375,16.436755952380953,5.96078431372549,20.25674603174603,21.102182539682538,36.29689754689755,32.37698412698413,54.10481572521046,26.74652777777778,29.53075396825397,5.5625,19.86600378787879,24.077397486772487,69.50297619047619,40.482142857142854,43.43816137566137,48.5713141025641,5.089285714285714,164.45585773991976,49.72038378288378,61.24068775427471,32.8515873015873,30.17649191086691,28.756148182957393,20.089556277056275,24.350694444444443,13.555555555555555,3.833333333333333,11.472537878787879,19.503121878121878,29.45427489177489,22.10741341991342,1.6666666666666665,7.078373015873016,14.976190476190474,8.458333333333334,16.658887987012985,5.476190476190476,3.75,4.504599567099567,17.59424603174603,21.50061603942652,11.604020979020978,11.838458319930844,2.5,11.0625,3.59375,5.0,0.576923076923077,2.4166666666666665,63.9945620147826,1.4806547619047619,11.8125,1.346153846153846,0.0,7.969246031746032,2.8571428571428568,0.0,0.0,6.333333333333333,1.0171957671957672,0.9821428571428571,1.9047619047619047,0.0,0.0,3.1746031746031744,2.321428571428571,12.005208333333332,0.625,1.5694444444444444,0.9166666666666666,0.5952380952380951,2.6818181818181817,0.0,9.291666666666666,2.4375,0.0,9.222222222222221,3.702380952380952,0.0,0.0,0.625,0.0,2.517857142857143,0.0,13.794642857142858,0.9027777777777777,1.1458333333333333,1.2946428571428572,5.5,4.166666666666666,4.738839285714286,9.290178571428571,2.4999999999999996,0.0,0.9375,0.0,0.0,17.229166666666668,0.0,0.0,0.0,2.2222222222222223,0.0,0.0,0.0,0.0,0.0,5.53125,0.9375,1.7819940476190474,5.357142857142857,0.0,0.0,0.0,12.96540959040959,0.8333333333333333,2.083333333333333,1.25,0.0,8.125,0.0,1.5,0.0,2.5,2.5,0.0,6.185897435897436,2.5,0.9090909090909092,0.0,0.0,1.25,1.0476190476190474,0.0,0.0,0.0,1.4772727272727273,1.5625,0.0,0.0,0.0,0.7337454212454212,1.6666666666666665,0.0,0.0,0.0,1.8333333333333333,0.0,0.0,0.0,0.703125,0.0,5.179398148148148,0.8333333333333333,0.8333333333333333,0.0,0.0,0.0,0.0,2.5,0.0,5.0,1.25,1.875,0.0,0.0,0.8125,0.0,0.0,0.0,0.0,0.0,0.0,1.3598484848484849,0.0,2.9017857142857144,0.0,0.0,6.309523809523809,0.0,0.0,0.0,1.8125,0.0,2.083333333333333,0.0,0.0,0.0,5.0,2.784090909090909,0.0,0.0,0.0,0.0,0.0,0.0,0.0,0.0
181.35203823953825,217.22573884448883,81.56682900432901,191.62399128649128,47.198412698412696,46.69761904761905,24.603785103785103,41.375541125541126,59.020833333333336,71.93097041847042,66.88423382173382,219.34136904761905,135.86895743145743,89.07174422799423,58.43189033189033,119.08169492544492,19.20138888888889,235.25820013320012,6.583333333333333,315.0001015324545,71.61948051948052,197.63711982461982,68.93226911976912,52.75611471861472,245.8492192331478,64.43010114885115,6.722132034632034,20.416666666666668,41.03125,76.41825396825396,101.19037698412698,18.56845238095238,107.8375,8.236607142857142,45.263888888888886,143.9411421911422,36.41798941798942,57.6125,7.0,18.565247252747252,11.830357142857142,35.29303221288515,63.81547619047619,131.74713203463205,17.699404761904763,4.895833333333333,21.097930839002267,50.799358974358974,44.70595238095238,17.345238095238095,12.395833333333334,33.71212121212121,4.680555555555555,80.48717324342324,41.03084415584416,28.32999639249639,36.52840909090909,15.980082417582418,25.294859307359307,22.944155844155844,18.78125,1.835227272727273,6.283333333333333,1.5416666666666667,33.482142857142854,7.141423160173161,13.07638888888889,1.25,10.654761904761905,1.9500000000000002,2.6828231292517004,5.366071428571428,0.625,16.832440476190477,1.6369047619047619,28.854166666666668,5.0,1.25,1.4583333333333333,9.291666666666666,1.875,1.2310606060606062,3.5,5.840773809523809,1.9791666666666665,17.125,5.428571428571429,0.625,5.089285714285714,14.322916666666666,2.5,3.2487244897959187,3.0,1.25,14.027777777777779,16.942261904761907,1.25,7.828192640692641,3.604166666666667,4.0625,0.7348484848484849,3.8690476190476186,7.270833333333333,5.0,11.395833333333334,20.973214285714285,3.125,3.0113636363636362,4.238095238095238,5.833333333333334,1.1416666666666666,6.898809523809524,52.70238095238095,1.25,0.0,0.0,0.0,21.7428841991342,16.979166666666668,1.7708333333333333,43.34126984126984,5.66765873015873,0.7142857142857142,0.0,1.7291666666666667,6.895833333333333,1.9791666666666665,81.52777777777777,0.0,2.0,0.0,6.25,2.5,10.785714285714285,5.25,0.0,69.92639652014653,1.5833333333333333,1.7666666666666666,22.4375,0.0,9.42013888888889,0.0,0.0,0.0,8.898809523809524,10.208333333333334,5.955128205128205,0.0,0.0,2.1904761904761902,25.31547619047619,1.875,0.0,0.0,0.0,8.811011904761905,0.0,0.0,8.397402597402596,0.0,2.5,5.393939393939394,0.0,0.0,4.916666666666667,0.0,6.895833333333334,0.0,0.7714285714285715,7.354166666666667,8.346153846153847,6.946428571428571,0.0,2.0833333333333335,0.0,2.5,0.0,1.5863095238095237,0.0,0.0,0.0,7.0,1.5555555555555556,0.0,0.0,3.3333333333333335,0.0,0.0,5.0,6.818181818181818,0.0,0.0,0.0,0.0,0.0,0.0,0.0,3.7916666666666665,0.0
181.82598039215685,262.52459733893556,173.36125700280112,99.93668300653594,24.852941176470587,81.56372549019608,30.494266456582633,101.47916666666667,68.67847416744476,48.86461251167133,51.03553921568627,97.46813725490196,53.75266981792717,90.95506535947712,17.342086834733895,23.523794934640524,22.5,91.2796743697479,17.120098039215687,747.2992782340209,119.64174836601308,103.94046160130719,29.131127450980394,111.2094421101774,149.1185807656396,14.530112044817928,24.19015522875817,33.2328431372549,1.25,1.6666666666666665,5.959150326797386,6.224571078431373,31.62797619047619,1.71875,19.0714683600713,45.40651260504202,24.359375,17.892156862745097,0.5228758169934641,0.0,3.75,14.142156862745097,10.300245098039216,3.808823529411765,10.708333333333334,0.0,9.114583333333332,0.0,3.436274509803922,0.0,2.5,0.0,1.1458333333333333,0.0,43.96200980392157,2.111344537815126,3.2291666666666665,0.0,52.0735294117647,5.0,1.5,0.0,1.25,2.8308823529411766,17.03186274509804,3.6029411764705883,0.0,0.0,0.0,0.0,0.0,1.2797619047619047,1.40625,8.895833333333334,8.682598039215685,6.666666666666666,0.0,2.2058823529411766,0.0,0.0,0.0,3.3333333333333335,3.411458333333333,1.4583333333333335,0.0,0.0,1.0416666666666665,2.5625,1.3860294117647058,8.602941176470589,1.125,4.083333333333333,3.28125,1.4583333333333333,1.924019607843137,0.0,0.0,0.0,11.822916666666666,0.0,0.0,11.083333333333332,1.7034313725490193,0.0,0.9803921568627451,8.333333333333334,0.8333333333333333,2.5,2.3529411764705883,0.0,0.0,1.6666666666666667,0.0,0.0,2.9166666666666665,1.5624999999999998,1.25,8.406862745098039,0.0,0.0,0.0,2.5,0.0,0.0,0.8333333333333334,0.8333333333333334,0.0,2.6470588235294117,1.25,0.0,1.25,0.0,1.2794117647058822,0.0,0.0,0.0,1.25,0.0,0.0,0.0,0.0,0.0,0.0,0.0,0.7812499999999999,2.5,0.0,0.0,0.5514705882352942,0.0,0.0,4.208333333333333,0.0,1.25,0.0,0.0,0.0,0.0,1.9318181818181819,0.0,0.0,0.0,1.328125,0.0,0.0,0.0,0.0,4.779411764705882,2.5,2.5,2.0,0.0,0.0,0.0,0.8333333333333334,0.0,0.0,0.0,0.0,0.0,0.0,0.0,0.0,0.0,0.0,7.5,0.0,0.0,0.0,0.0,0.0,0.0,0.0,0.0,0.0,0.0,0.0,1.25,0.0,0.0
791.1863607102249,789.9965215617001,396.45796245693305,154.21676573426572,217.71474924928873,267.85169765419766,160.5501018761592,505.7272270674515,331.26610513024985,351.0639882141054,163.19741045991046,54.68526789348218,418.0515176027676,344.8383326646929,391.86485736485736,670.9258343183478,202.04296176046176,499.76004784567283,32.76491960420532,3440.16714696259,407.11096923909423,589.7925401808466,1249.8398549136048,376.7372627372627,738.1688943224,170.5051864108114,166.74234515484514,328.4410291097791,55.23571428571428,144.23472603785103,148.46198662448663,156.6794742063492,140.91864043364043,70.25316098583956,85.25279241591741,55.76676587301587,170.20650351302137,269.19338391992994,173.72481684981685,61.54960317460317,212.42362336737335,125.68183869701727,69.24392029539088,72.16668747918747,252.86676475310404,134.46642556789615,29.63938492063492,20.03472222222222,33.604166666666664,179.17032287157286,74.34209656084656,562.8813322230601,131.8687728937729,62.14745115995116,28.02037407037407,198.50440063104537,28.566901848151847,93.57760642135642,72.76868386243386,42.47534271284271,52.79463730713731,137.21752194564695,2.15,33.33794261294261,5.208333333333333,3.6873917748917746,21.80647246272246,107.43501984126983,30.970753205128204,9.155393217893216,120.0960200910201,47.137072649572644,27.215637075342958,65.63795488708304,20.66488095238095,6.624007936507937,49.365620490620486,76.93224483849484,138.16636904761904,135.28483656885442,37.33002136752137,175.87314833314832,7.172569444444444,5.208333333333333,65.2760989010989,161.1852994227994,23.818993506493506,54.39268707482993,3.0833333333333335,10.696428571428571,50.21126814543481,43.06558641975308,72.81905767843267,13.930837912087911,4.754166666666666,11.345248917748917,38.74109397546897,27.510033716283715,4.239583333333333,27.241468253968254,18.76790404040404,16.465367965367964,2.0,53.199750384024576,3.444444444444444,13.5,49.00775613275613,76.35185966810967,18.079594017094017,50.16030844155844,179.3883597883598,5.008680555555555,50.8640873015873,11.471974206349207,54.06979256854257,52.296190476190475,96.80804181929182,4.0051948051948045,4.7436868686868685,8.84375,63.0315934065934,8.84375,73.22594246031746,19.463383838383837,22.459615384615383,40.70009920634921,7.747023809523809,2.7604166666666665,4.0625,64.11904761904762,5.0625,101.51289682539682,11.46875,6.0,17.363095238095237,53.843711843711844,0.0,3.601785714285714,85.6946225071225,6.758745421245421,3.3779761904761902,15.342757936507935,40.92718253968254,20.43860075110075,4.037857142857143,3.645833333333333,4.030837713873428,1.9479166666666665,12.487499999999999,52.29365079365079,85.8045634920635,0.0,1.9709821428571428,0.0,6.71875,5.458333333333333,1.7083333333333333,22.20091871091871,2.9890744176458464,0.625,11.180059523809524,35.26581057831058,1.6614583333333333,6.488392857142857,10.61190476190476,54.65882034632035,3.440972222222222,10.409920634920635,16.01068376068376,0.0,1.7499999999999998,9.90625,8.157158119658119,29.156530969030968,3.169642857142857,17.0625,52.97190656565656,34.75248015873016,14.656593406593405,48.45851648351648,262.68662280701756,19.76388888888889,7.285082972582972,1.75,17.855158730158728,4.62797619047619,17.65683621933622,16.379662698412698,59.04202741702741,19.479166666666664,5.476190476190476,12.00441919191919,11.422619047619047,14.958829365079364,2.504960317460317,4.491402116402116,0.6025297619047618,1.25,2.764880952380952,47.68055555555555
20.208333333333332,15.604587542087542,64.1875,21.210497835497836,6.25,8.746031746031745,2.857142857142857,67.6547619047619,30.416666666666664,15.032738095238095,12.25,3.333333333333333,14.833333333333332,21.273809523809526,25.916666666666668,44.351190476190474,6.333333333333333,35.40327380952381,2.7777777777777777,124.28742784992785,7.5,31.51388888888889,21.09292328042328,11.458333333333332,24.270833333333332,16.339285714285715,7.9017857142857135,0.0,0.0,8.833333333333332,2.5,6.607142857142858,6.815476190476191,2.5,1.25,5.979166666666666,12.65625,10.625,11.25,59.166666666666664,8.125,0.0,7.678571428571429,2.9166666666666665,2.5,0.9166666666666666,2.5,25.876488095238095,1.25,1.875,2.083333333333333,17.708333333333332,13.458333333333332,7.25,0.0,22.095238095238095,4.375,1.25,3.75,0.0,0.0,58.976190476190474,0.0,2.5,3.0,0.0,3.333333333333333,0.0,0.0,7.5,0.0,6.1875,7.625,0.0,2.5,0.0,1.2202380952380951,5.982142857142857,0.0,2.2222222222222223,0.0,0.0,7.5,0.0,5.625,5.0,0.0,0.0,0.0,0.0,6.160714285714285,0.625,0.0,0.0,0.0,0.5,2.5,0.0,1.875,2.9166666666666665,0.0,0.625,1.25,0.5,0.0,2.083333333333333,0.0,0.0,5.0,0.0,6.083333333333333,0.8125,0.0,2.5,0.0,1.0,29.583333333333332,0.0,12.083333333333332,0.0,0.0,0.0,2.5,0.0,0.0,1.0,0.0,1.25,0.0,0.0,0.0,0.0,0.0,0.0,0.0,3.75,0.0,4.166666666666666,2.5,0.0,0.0,0.0,1.25,2.6666666666666665,0.0,2.5,0.0,0.0,0.0,0.0,0.0,2.5,0.625,0.9375,0.0,0.0,4.583333333333333,0.8333333333333333,0.0,0.0,0.0,0.0,5.0,0.0,0.0,0.0,0.0,0.0,0.0,0.0,0.0,0.8333333333333333,2.5,2.5,0.0,0.0,0.0,0.0,0.0,0.0,1.1805555555555556,2.5,0.0,0.0,0.0,0.0,0.0,3.333333333333333,0.0,0.0,0.0,0.0,0.0,1.25,0.0,0.0,0.0,0.0,0.7142857142857142,0.0
169.0515873015873,99.93711171869066,79.81138768638769,106.39760955418849,6.623015873015873,21.376112313612314,8.61111111111111,25.396329365079364,19.118055555555554,80.03138528138528,21.23867644700978,3.696428571428571,31.495701058201057,17.40155714168872,30.859217171717173,62.92562992562993,16.020833333333332,190.26042395928232,15.691558441558442,527.4271680074312,55.47754124689193,105.88848304473304,112.41336463244357,19.95770202020202,128.43165141388826,33.51875901875902,15.413537851037852,16.43452380952381,7.8835227272727275,2.9027777777777777,17.374639249639248,6.095959595959596,21.9781746031746,25.376373626373628,5.826465201465202,1.3825757575757576,6.190476190476191,13.134411884411884,11.491702741702742,2.5,6.673280423280422,1.1111111111111112,7.5,2.75,2.638888888888889,3.54499666999667,6.3842592592592595,0.9456145706145705,0.6923076923076923,10.955357142857142,27.366402116402117,31.428991147741147,0.7387218045112781,3.548789173789174,27.89671717171717,59.49753993569783,14.5,5.912698412698412,40.45833333333333,4.236111111111111,12.75,4.660501632870054,0.0,0.0,1.25,0.8012820512820513,3.2738095238095237,4.154491341991342,0.0,0.0,0.0,0.0,2.5555555555555554,1.25,2.5,0.0,0.0,0.0,28.87614468864469,1.0648148148148149,1.5,5.34375,0.0,0.0,0.0,13.055555555555555,0.0,0.0,0.0,0.0,0.0,0.5555555555555556,0.0,0.0,0.0,0.0,0.6818181818181819,0.0,0.0,0.0,0.5113636363636364,1.75,0.0,1.3333333333333333,1.25,0.0,0.0,0.0,0.0,2.7232142857142856,3.206349206349206,2.1111111111111107,4.730769230769231,1.9166666666666667,1.875,0.0,4.849206349206349,0.0,0.0,1.25,15.804473304473305,0.0,0.0,0.0,0.0,0.0,0.6349206349206349,0.0,2.2222222222222223,0.0,0.0,6.5476190476190474,0.0,0.0,0.0,0.0,0.0,0.8333333333333333,0.0,0.0,0.0,0.0,0.0,0.7738095238095237,0.0,0.0,1.7777777777777777,0.0,0.0,0.8035714285714286,0.0,3.125,0.0,0.0,0.0,0.0,0.0,1.75,0.7777777777777778,0.0,0.8333333333333333,3.1904761904761902,0.0,0.0,0.0,1.7857142857142856,0.0,0.0,0.0,0.0,0.0,0.0,0.0,0.0,0.0,0.0,0.0,2.5,0.0,0.0,0.7142857142857142,2.5,1.7251984126984126,0.0,0.0,0.0,0.0,0.0,2.5,1.5833333333333333,0.0,0.0,1.3425925925925926,1.6203703703703705,0.0,0.0,0.0,0.0,0.0,5.087081128747796
384.85613095238097,164.36525992775992,168.885,75.16730158730158,45.66984126984127,209.0967932067932,105.86586538461538,361.80605142664353,104.28910533910533,376.8266883116883,22.53611111111111,59.01890114787174,448.73432387057386,147.39810545244367,600.6798305860806,272.0661322461322,147.21154761904762,208.20060828060826,2.645833333333333,729.0933436020936,289.9707112332112,104.75320512820512,194.78399877899878,461.2180860805861,213.38230713730712,184.78407814407814,74.5320054945055,135.9062728937729,21.151190476190475,55.81611721611721,118.6639880952381,85.34230644355644,91.36893772893772,69.54877289377289,33.63467948717948,9.101190476190476,250.49290704665705,79.89954365079365,17.168040293040292,0.0,120.85177045177045,111.15841727716727,14.464285714285714,115.88791208791208,74.91032051282052,12.40279304029304,4.111111111111111,2.5,2.5,123.96716117216117,3.9970238095238093,51.15064102564102,151.84498761042877,19.00929487179487,1.2202380952380951,21.53876678876679,7.800595238095238,0.0,0.0,8.708333333333334,25.87811355311355,41.33452380952381,3.7249999999999996,16.805906593406593,0.0,8.4,12.311011904761905,47.348214285714285,3.5480769230769234,0.9375,69.81738247863248,23.852014652014653,51.339512432012434,40.53967032967033,6.6,0.625,2.7777777777777777,6.5,4.016666666666667,15.17326923076923,9.021565934065935,131.97877289377288,8.169444444444444,0.0,6.833333333333333,18.216666666666665,11.297619047619047,33.512499999999996,1.25,6.331439393939394,46.28421245421245,32.160714285714285,55.66712454212454,8.555769230769231,5.641666666666667,2.5933333333333333,11.140151515151516,15.542216117216118,0.625,1.2000000000000002,2.626666666666667,0.0,2.1666666666666665,3.096428571428571,0.9166666666666666,3.333333333333333,1.2738095238095237,99.55930555555555,42.630723443223445,2.1517857142857144,0.0,0.625,3.333333333333333,2.5625,12.678809523809523,14.4925,76.02380341880341,0.8,0.0,0.7083333333333333,2.8653846153846154,0.0,25.183531746031747,6.757575757575758,12.468956043956045,25.004761904761907,0.0,0.0,0.0,11.583333333333332,0.625,14.708333333333332,0.8333333333333333,9.25297619047619,40.61904761904762,7.153846153846153,0.8333333333333334,0.9428571428571428,16.833333333333332,2.8275641025641023,3.333333333333333,0.0,21.40714285714286,4.002525252525253,2.087142857142857,0.625,0.0,0.7142857142857142,12.5125,2.142857142857143,3.958333333333333,0.0,1.3125,0.0,3.0833333333333335,0.0,0.0,4.307619047619047,1.0119047619047619,0.0,0.8333333333333334,2.861111111111111,0.0,0.6625,6.3999999999999995,0.0,1.0,13.888690476190476,0.8333333333333333,0.0,0.0,0.6666666666666666,16.085897435897436,1.25,0.0,0.0,3.4833333333333334,4.680555555555555,2.0,8.141666666666666,3.7646825396825396,2.5,0.8333333333333333,0.0,0.0,0.0,1.7212301587301586,7.6119047619047615,0.8333333333333334,0.0,0.0,4.843253968253968,2.883928571428571,1.5624999999999998,0.0,0.0,1.2166666666666668,0.0,0.0,1.1458333333333335
33.100836663336665,34.27157952827596,37.05654761904762,2.294642857142857,11.880150405150404,63.59416971916971,17.317801741908884,19.629960317460316,24.954166666666666,49.902210884353735,9.310515873015873,51.55839002267573,13.706845238095237,43.852167277167275,9.43209670231729,67.82142857142857,13.059523809523808,26.66844787157287,23.360756802721088,85.8447740655402,47.54117063492063,54.24267153097798,8.789252645502645,26.031045751633986,60.54259877027734,69.95947455322455,61.79166666666666,22.063988095238095,6.607142857142857,5.270833333333333,18.9265873015873,28.452380952380953,12.86111111111111,19.26658163265306,27.703869047619047,12.595238095238095,34.859835600907026,32.30299908424908,7.847222222222221,8.125,2.7222222222222223,30.71896258503401,29.468125960061442,0.0,37.638837353123066,9.837962962962962,13.971153846153845,1.8055555555555556,8.395833333333332,3.0669642857142856,0.0,27.57529133448251,16.97481684981685,0.0,4.340277777777778,3.522727272727273,6.166666666666666,3.9062499999999996,1.25,0.9375,7.958333333333333,2.989583333333333,0.5,4.138888888888888,0.0,0.0,0.0,10.098214285714285,4.451923076923077,4.890422077922078,3.9285714285714284,10.032738095238095,47.114010989010985,28.599773242630384,9.02876984126984,7.633928571428571,6.666666666666666,1.4583333333333333,7.291666666666666,15.355725623582765,5.416666666666666,3.75,0.625,1.25,4.7519841269841265,8.571428571428571,17.083874458874458,7.7227891156462585,1.5277777777777777,0.0,12.026785714285714,8.134920634920634,6.875,2.886904761904762,0.0,1.736111111111111,0.8333333333333333,5.089285714285714,1.1706349206349207,15.473214285714285,0.0,0.0,0.0,0.6334805427547363,0.0,0.0,0.0,17.520833333333332,1.4561965811965811,0.0,0.0,0.0,1.9230769230769231,0.0,0.0,3.020833333333333,8.916666666666666,0.0,4.1504329004329,0.7291666666666666,3.75,6.333333333333333,3.44760101010101,2.9766414141414144,1.7994505494505493,1.6190476190476188,25.21924603174603,0.0,5.833333333333333,0.0,2.5,1.25,0.0,0.5,2.652972027972028,19.214285714285715,2.642857142857143,0.0,1.25,6.254960317460317,1.6666666666666665,1.0,6.825396825396825,0.0,1.3888888888888888,1.25,3.747526283240569,0.8333333333333333,7.083333333333333,5.803571428571428,2.5,0.0,1.6741071428571428,0.0,15.904987373737374,2.4166666666666665,1.8273809523809523,0.0,0.0,0.0,1.5550595238095237,2.65625,0.0,0.0,0.5357142857142856,2.4305555555555554,0.5729166666666666,0.0,2.5,0.0,0.0,0.0,0.0,0.0,0.0,2.1136363636363638,2.8,1.1086309523809523,0.0,0.0,9.725198412698413,0.0,0.5,0.0,1.2499999999999998,1.25,5.303030303030303,0.0,1.25,0.0,2.6071428571428568,0.0,0.0,0.0,0.0,0.0,0.0,1.25,0.0,0.0
211.21924034388365,140.09691558441557,116.24059446634072,92.61709815371196,66.49305555555556,13.804365079365079,14.361836650082918,43.166396103896105,21.44047619047619,56.490340909090904,63.57539682539682,18.51875,47.63478535353535,33.35699254449254,107.162899477973,73.96288780663781,7.024360670194003,156.13939995189995,10.5625,413.2970539318798,38.494967532467534,137.65097137339785,31.68354639458678,95.6591440793866,70.03607907432534,37.527146464646464,20.788221029592297,32.55902777777778,25.00347222222222,11.661111111111111,15.492713844797178,17.069444444444443,66.15487443733711,10.73611111111111,24.072139303482587,54.511949855699854,4.3753306878306875,19.072354497354496,1.6666666666666665,16.29861111111111,1.2222222222222223,19.576686507936508,16.462797619047617,22.2194234006734,13.6875,2.3912037037037037,23.202380952380953,0.5952380952380952,30.37390873015873,0.75,17.395833333333332,5.37773569023569,1.284722222222222,3.253814935064935,96.35213744588744,7.773944805194805,12.476419983416251,2.2916666666666665,18.653769841269842,23.778517316017318,4.614583333333333,0.0,2.793055555555555,2.8645833333333335,13.673115079365079,6.206475468975468,4.131944444444445,3.5416666666666665,0.0,6.479000829187396,5.194444444444445,14.131944444444445,8.784722222222221,8.68938492063492,0.0,4.659722222222222,2.2916666666666665,0.0,0.0,6.708333333333333,3.315972222222222,1.4678030303030303,5.156249999999999,8.276289682539682,6.111111111111111,0.0,15.132936507936508,10.891203703703704,0.0,11.70486111111111,2.363095238095238,1.4618055555555556,21.770833333333332,3.5825892857142856,5.069444444444444,2.5607142857142855,3.952114427860696,0.0,6.979166666666666,1.6041666666666667,0.0,1.1130952380952381,8.451388888888888,0.0,11.875,34.726686507936506,0.625,24.6540404040404,3.0937499999999996,0.0,0.0,14.035714285714285,3.7777777777777777,1.173611111111111,0.6666666666666666,0.8333333333333334,2.2916666666666665,26.849242424242423,3.020833333333333,1.909722222222222,0.6944444444444444,45.28670634920635,0.0,4.583333333333333,2.052083333333333,0.0,5.625,19.913194444444443,2.2916666666666665,0.0,0.0,0.0,9.166666666666666,0.0,5.538194444444444,0.0,4.228594322344322,1.6111111111111112,0.0,3.239583333333333,4.010416666666666,11.127480158730158,2.2916666666666665,0.0,0.0,3.0555555555555554,2.5972222222222223,1.1041666666666667,3.4374999999999996,0.0,0.0,33.924165499533146,1.1979166666666665,3.5902777777777777,0.0,3.895833333333333,4.035714285714286,0.0,0.0,2.0733225108225106,0.0,0.0,6.701388888888888,0.0,0.0,0.0,0.0,9.166666666666666,0.5729166666666666,0.9259920634920635,5.309523809523809,0.0,8.862103174603174,0.0,1.527777777777778,0.0,0.0,0.0,0.0,0.0,0.0,0.0,0.0,0.763888888888889,0.0,0.0,0.0,0.0,0.0,0.0,7.104166666666666,0.0,0.0,0.0,0.0,8.25,0.0,1.1458333333333333,0.0,0.0
390.15525793650795,173.71527777777777,899.9799182299182,362.76408730158727,329.4394841269841,421.3346560846561,11.833333333333332,264.7337962962963,66.96825396825396,260.3525132275132,151.81757054673722,49.23082010582011,446.85591029341026,175.45767195767195,325.55357142857144,166.71561171561171,249.6441798941799,910.2824074074074,8.3125,1506.5420875420875,187.1954365079365,426.0704365079365,188.3174603174603,130.84986772486772,443.89219576719574,133.5,74.04166666666667,203.37103174603175,8.625,24.09722222222222,46.07539682539682,76.03935185185185,258.4586339586339,10.416666666666666,43.40530303030303,4.867424242424242,78.3478835978836,130.8293650793651,39.52020202020202,14.333333333333334,113.61111111111111,141.30390211640213,11.625,46.51785714285714,28.907738095238095,27.833333333333332,32.33796296296296,32.58796296296296,3.75,15.458333333333332,175.5737433862434,31.669642857142858,30.990079365079364,306.4328703703704,13.125,325.8675595238095,9.0625,49.30555555555556,271.58597883597884,68.79166666666667,5.916666666666667,144.31679894179894,3.833333333333333,38.388888888888886,4.166666666666666,8.333333333333334,24.14351851851852,15.625,4.894179894179894,0.625,5.416666666666666,9.444444444444445,4.475198412698412,27.229166666666664,1.875,14.444444444444445,9.745535714285714,15.930555555555555,14.375,61.85945767195767,1.4583333333333333,27.850694444444443,1.875,2.583333333333333,85.98719336219337,320.97222222222223,30.055555555555554,0.0,2.5,4.166666666666667,5.934413580246913,32.816358024691354,3.888888888888889,0.625,3.2916666666666665,1.75,12.25,8.75,1.25,8.92361111111111,15.354166666666666,15.833333333333332,0.0,15.583333333333332,4.375,10.833333333333332,1.875,25.336309523809526,9.0625,14.747023809523808,293.21342592592595,1.875,7.916666666666666,1.6666666666666665,1.25,8.5,7.666666666666666,4.583333333333333,5.694444444444445,5.625,5.638888888888888,5.0,5.833333333333333,7.361111111111111,2.2916666666666665,4.886363636363637,0.8333333333333333,3.75,2.083333333333333,18.75,2.5,3.1111111111111107,2.083333333333333,2.5,19.458333333333332,18.26223544973545,0.0,0.5,4.875,2.083333333333333,0.625,3.4027777777777777,3.958333333333333,0.0,6.041666666666666,3.75,1.8263888888888888,2.75,22.52777777777778,6.909722222222222,5.347222222222222,3.333333333333333,0.0,1.1111111111111112,3.75,0.625,0.0,5.0,44.01190476190476,0.0,18.72222222222222,2.583333333333333,2.8125,0.0,2.375,9.027777777777777,0.625,0.0,6.5,0.625,3.958333333333333,2.583333333333333,4.666666666666666,2.5,0.0,3.75,2.708333333333333,1.25,2.5,18.76388888888889,2.5,21.38888888888889,19.958333333333332,0.0,1.25,1.25,1.875,0.8333333333333333,7.791666666666666,48.69444444444444,5.808531746031746,3.125,1.1574074074074074,204.3528439153439,5.861111111111111,1.574074074074074,0.8333333333333333,0.0,0.625,476.9238315696649
1929.3107986033845,1517.7770897772211,2047.339209041196,828.8949923096982,716.6632881250334,646.5103758918096,304.8994250768148,969.1075755217912,615.7952868436937,596.1018433500051,406.81976540616245,121.63147106615244,1713.387185262849,519.4958792523131,1546.5482267862783,1450.829177284937,514.3164996767938,1886.3257139033178,105.38966697790227,4309.631791310846,892.3910678448055,1743.2349109085803,671.0907950301332,1135.9089714714714,2002.84492491441,559.652843637455,366.7772185262994,386.61435759910023,107.4657768809278,311.1794176003735,393.1454306722689,262.09951802010625,782.4319819594505,123.5197440087146,242.28134726112665,240.87467230481934,187.32350318471643,341.3414366815102,448.25132275132273,134.21924603174602,86.43665382819795,132.4737832633053,122.0328839869281,237.3923290149393,234.69527602707748,73.3730140026096,330.29275112822904,119.21873694116341,72.1655287114846,143.56481660846157,357.1917903985919,392.7223014118235,212.18064309056956,499.16325474634294,204.09623015873015,525.562754862097,111.46021047307812,179.7859039449113,402.0670177793339,238.70138888888889,64.87725506869414,236.24454365079364,79.4141865079365,107.9122270204378,41.45731209150327,62.379464285714285,131.3488005050505,100.59722222222221,110.35058421516754,60.942110177404295,122.18951330532212,176.58228291316527,58.16326851253322,83.8219133807369,75.85924856053532,51.60559640522876,161.58630952380952,75.567791005291,68.11169467787114,55.53422619047619,79.35398381574852,311.74956807217836,86.45419000933707,45.98031257957729,70.82098765432099,154.71718674843675,147.7943316215375,67.81099849849849,41.378410328777974,72.7885202692188,198.8750590050835,86.75735294117646,160.1596930438842,49.666335978835974,47.42361111111111,15.2545872337539,57.642857142857146,51.467261904761905,29.27065826330532,142.93194614027948,15.04861111111111,352.93105158730157,41.01736111111111,17.890435340802988,33.419642857142854,66.90111461251166,52.49156746031746,98.3719654528478,88.03669294294295,106.57738095238095,954.9088624338624,47.23176353874883,49.59126984126984,12.4375,82.45395658263305,33.48809523809524,104.64746732026144,91.67311507936508,37.30330882352941,21.097776610644257,74.63102240896359,53.76835317460317,95.10215336134453,66.67976066689302,29.699784080298787,51.938988095238095,22.494008714596948,85.61274509803921,17.971774821039528,207.67675264550263,23.73611111111111,34.17449294532628,18.324074074074073,14.104166666666666,48.056985294117645,138.015873015873,7.4056372549019605,24.689484126984127,96.9375,14.86401921879863,17.46453373015873,22.911210317460316,107.66170634920634,111.0,22.191789215686274,5.381944444444445,21.5,18.319444444444443,58.77777777777778,14.324404761904761,13.92361111111111,14.75724595393713,14.190972222222221,44.80224867724868,22.714285714285715,21.666958450046685,22.711309523809522,24.180555555555554,11.626157407407407,3.9644607843137254,47.997169701213814,37.26190476190476,18.616554054054053,17.876400560224088,5.8843370681605975,77.7891865079365,7.888538748832866,31.452876984126984,19.072420634920633,17.50811157796452,5.060836834733894,48.117559523809526,23.892857142857142,29.0625,21.14781746031746,34.18534080298786,24.375,22.708333333333332,20.711805555555557,20.05902777777778,4.399122807017544,77.73958333333333,62.888888888888886,11.755952380952381,2.4107142857142856,7.334558823529411,0.0,3.228845704948646,16.213789682539684,55.13392857142857,23.1875,14.895833333333334,1.3333333333333333,27.498015873015873,32.708333333333336,26.295955882352942,44.42329545454545,10.520833333333332,48.717261904761905,47.24305555555556
23.28406084656085,5.28125,156.00103715728716,22.998015873015873,54.61574074074074,96.87575387575387,99.49165764790764,102.52097505668934,159.42338564213563,27.590833934583934,153.86151695526695,154.996706996707,135.7389455782313,42.00843253968254,3.2291666666666665,640.8066184807257,106.1762566137566,404.49021514200086,529.5192671085529,329.93046255992687,23.05872715247715,683.653338229231,0.5208333333333333,122.70517676767676,281.250481000481,275.37709578781005,139.20882936507937,13.189484126984127,62.12218915343915,248.16253587682158,273.844246031746,162.4338474025974,71.01415945165945,2.5,28.61359126984127,27.94675925925926,165.11467352092353,29.765810578310578,135.50032424585996,23.570436507936506,1.3660714285714286,6.724537037037037,116.23223304473305,15.381944444444445,15.64616402116402,10.578869047619047,220.4029195011338,3.75,177.71179861804862,1.9097222222222223,7.138888888888889,21.848484848484848,121.06415343915344,3.1666666666666665,0.0,0.0,60.698412698412696,73.36715367965368,0.0,1.25,40.230083573833575,5.25,5.920634920634921,21.468584656084655,2.0833333333333335,0.8333333333333333,0.0,20.200892857142858,5.373376623376623,17.36843992647564,19.654191872941873,23.29861111111111,0.0,3.577876984126984,21.126984126984127,63.2875566893424,2.625,1.4186507936507935,6.166666666666667,36.66333435083435,2.0833333333333335,0.0,0.0,6.198412698412699,6.180555555555555,0.0,46.07458513708514,7.916666666666667,3.334235209235209,5.436507936507937,7.316468253968253,15.77662037037037,66.32638888888889,51.71329365079365,23.369543650793652,6.576569264069264,73.3670634920635,0.9375,9.821428571428571,16.530257936507937,1.1904761904761905,0.0,1.746031746031746,9.862103174603174,5.881628787878788,0.0,0.0,1.6980820105820105,1.1064814814814814,3.0208333333333335,1.0416666666666665,3.581845238095238,2.225378787878788,2.5932539682539684,8.943181818181818,11.61111111111111,2.0416666666666665,3.5416666666666665,6.988095238095238,6.228670634920635,0.0,0.0,12.196428571428571,4.375,17.070436507936506,0.0,28.169146825396826,0.0,95.08297902494331,2.513888888888889,13.233134920634921,13.225198412698413,5.654761904761904,1.7045454545454546,0.5247252747252747,1.5625,0.0,0.0,0.0,13.57638888888889,1.5261243386243386,1.25,4.925595238095238,17.94345238095238,6.857473544973545,2.375,5.857142857142857,1.25,18.128968253968253,0.75,8.055555555555555,0.0,6.1398809523809526,5.0,83.69345238095238,58.215831787260356,6.859577922077922,2.5,1.4285714285714284,0.0,4.354166666666667,0.0,0.0,5.677579365079365,0.0,0.0,5.759920634920635,29.4890873015873,1.5,2.450396825396825,0.0,38.24007936507937,5.133101851851852,11.645833333333334,0.0,53.1126443001443,0.0,13.581709956709958,0.0,0.625,0.5208333333333334,0.0,0.0,4.843253968253968,20.076073232323232,0.0,8.055839002267573,1.4583333333333333,0.0,2.1875,0.0,59.73164682539682,2.6515151515151514,0.0,1.7272727272727273,0.0,1.25,0.0,0.0,0.0
