3757.2071886600147,62442.09688469969,14480.800166165413,2850.2349852010184,6695.81449805282,16806.842067954454,13426.010053835536,1241.4122321953564,2787.4411559203336,7241.1751325757405,6119.969574824514,2208.967838654978,81.39014814116177,5381.9401777657185,8375.635738442596,8541.758017654201,5858.36388214698,5084.800050165353,1303.4244486694613,3588.5506309184652,7202.7106926285305,5442.174138176428,851.0819087729802,1176.79783513889,3076.2294631581813,2513.447961247053,319.4834540381809,1347.4765671668486,86.53992997742998,3058.8731456816736,5092.735133697199,1537.3419792550058,140.7116764408431,420.4498524586747,888.5799687864682,374.6632857244652,1138.9644792069078,135.42970705764822,115.68625445904857,1405.6377105595898,2070.349910723123,567.1167040743007,445.7797954606778,25.89641145891146,19585.081355200633,1373.7601925082354,5919.417365194491,1514.876814700789,1335.889920607317,437.70483946943233,6090.354114802815,9941.421498235608,34.087759462759465,519.77399554708,580.8776776464276,178.85936826012727,737.4290850047718,237.29834517334515,220.81777188860522,28.676114890400605,369.5563265126467,226.24044170698582,8652.901623003443,6886.8389894963575,4196.661786193981,14403.655590178187,43219.25974581883,9332.905907295592,10135.336178765701,2770.8334318971433,1426.4346769803583,12963.288508909262,3564.03496475651,7980.699579150298,21947.775294860552,262.2525264087764,18080.722304587325,2788.424521611525,48.93934465875255,726.502703122935,20.86053807303807,979.9781255389024,655.6285806785806,1007.1240578493982,4307.182318923412,642.070640449162,284.98872612176183,4162.217445390564,641.8662808335077,5266.851735997841,643.7714391171411,166.55942932728647,1394.2716097486682,137.26240657490658,240.3199999074999,1010.8470397456621,846.5093206377886,205.11630009424127,173.75832709963143,26.622745310245307,261.1506188761441,223.79495459605752,1770.4378029849477,81.92030423280423,3071.653772977029,71.77050264550265,26772.993234637463,149.90920861545862,89.43074152858635,398.9778609930294,1892.8104244840285,200.85317190821758,59.743592555105714,37.28619528619529,18.442460317460316,361.41941773277557,49.21812507000863,142.025086025086,232.27763592030232,24.45045695045695,1192.3220127892646,1274.8646891896892,1277.653492646085,292.47937982982626,421.66373567623566,126.45640850209816,70.08471065971065,126.19296224930899,1967.4680647926778,171.77347372126783,151.4070999884025,410.48593540675586,446.64056960669126,338.5771904021904,182.03485525911995,38.68352665852666,95.73525132275132,2703.804243130435,122.19220455470455,286.50908535908536,349.5368979651588,188.40633209383208,278.10403436432847,2933.5023452606456,333.79833657627773,147.65542328042326,261.3977298339693,244.11271298146298,366.22868639297207,632.0219483367509,122.37532166907167,1473.1447396440892,15.416666666666666,844.003290089465,7.112854737854738,71.15243506493506,241.676967014467,65.02419822824234,223.30771722830545,95.51831501831502,36.95884015222251,47.92583188416521,42.30873015873016,278.84439552719624,58.13333908442604,1206.5502843612999,306.40535421964495,19.35780423280423,7.35137987012987,567.9890556911841,91.03526334776335,187.59527827713916,79.08790460628695,343.4739567936936,132.125,53.44219322344322,28.622863247863247,1333.7299305179,167.79634439634438,323.590504509799,2.8503787878787876,122.2449821716126,186.01048347364136,19.072222222222223,163.60962645742057,390.001856963699,65.43596681096682,17.652116402116402,125.8811947383376,359.1498324353389,205.67570924445923,223.20657166907165,11.578042328042327,251.90286334036333,121.97695707070707,592.1357716973429,19.061104744928276,26.540312628547923,112.15575396825396,71.71636623239884
675.389911014911,8011.8516730954225,3493.7353914603914,343.4803872053872,492.5389189514189,2293.462227124727,2783.216201853702,83.39074074074074,122.15839947089947,710.021681096681,661.1925264550264,342.48677248677245,19.0,484.50945767195765,528.1369047619047,770.5229927479927,1527.1013468013468,687.8947991822992,117.10218253968253,96.62764550264549,814.8368055555555,302.35079365079366,112.53968253968253,106.95171957671957,1437.2117364117364,858.2281746031746,44.916666666666664,88.55092592592592,25.788888888888888,1102.0752344877344,581.8581349206349,745.8593642468642,68.92929292929293,125.76157407407408,732.9642857142857,83.36950549450549,215.82638888888889,47.93371212121212,12.101190476190476,178.68171296296296,80.5957671957672,42.148148148148145,70.33333333333333,6.527777777777778,132.8452380952381,62.51488095238095,163.78835978835977,191.16203703703704,74.5813492063492,197.17400793650793,439.5919973544973,163.72042633292634,44.958333333333336,48.15079365079365,16.54398148148148,14.214947089947088,53.823412698412696,44.96759259259259,15.854166666666666,34.09722222222222,204.33140933140933,66.78860722610722,910.8694613257113,932.5256192881193,2016.5551638176637,799.4222162097162,1722.5653358215857,2395.8138828763826,209.517340992341,158.65648148148148,368.1302146927147,3175.6988486050986,405.6994949494949,673.2301587301587,2996.6054052429054,52.55952380952381,1280.4994796869796,209.25217143967143,28.090277777777775,4.027777777777778,7.708333333333333,230.1283068783069,251.48214285714286,129.08928571428572,224.74387418137417,211.61742424242422,33.81944444444444,70.73055555555555,54.59722222222222,264.32638888888886,82.61287878787878,21.5,599.7263708513708,118.01587301587301,114.57473544973544,153.58680555555554,21.98611111111111,3.541666666666666,18.796296296296294,14.916666666666666,24.791666666666664,14.145833333333332,37.77182539682539,350.05555555555554,36.460648148148145,1.3333333333333333,217.25159562659562,54.08333333333333,156.98762626262626,1067.9685395622896,118.70959595959596,58.202777777777776,2.138888888888889,21.625,0.8333333333333333,31.941773504273502,9.444444444444445,16.025132275132275,99.3951048951049,1234.2151725589226,133.46525974025974,557.0511574074073,86.73478835978835,15.0,37.08928571428571,50.541666666666664,108.0406746031746,103.95138888888889,13.083333333333332,79.14213564213564,89.3313492063492,36.17361111111111,102.31150793650794,42.388888888888886,21.09722222222222,63.63095238095238,20.28472222222222,9.722222222222221,2.0,63.84259259259259,48.58721833721833,19.444444444444443,84.91666666666666,124.49338624338624,22.989583333333332,11.972222222222221,54.47784391534391,15.027777777777777,19.23148148148148,104.72612433862433,41.52777777777778,44.28439153439153,19.291666666666664,26.11111111111111,13.708333333333332,1.6666666666666665,69.30555555555556,58.640151515151516,1.6666666666666665,0.9259259259259259,5.5,9.325396825396824,16.84722222222222,65.4920634920635,7.920138888888888,179.3667328042328,58.82440476190476,56.94444444444444,0.0,16.453703703703702,22.64814814814815,8.055555555555555,13.319444444444445,22.444444444444443,27.180555555555554,11.984848484848484,31.555555555555554,52.64682539682539,7.222222222222222,5.583333333333333,2.4166666666666665,96.57941595441595,27.696225071225072,15.416666666666666,3.1547619047619047,8.5,4.715277777777778,3.074074074074074,42.14417989417989,24.652777777777775,11.659523809523808,10.88888888888889,11.944444444444445,11.468253968253968,15.541666666666666,47.879629629629626,59.07178932178932,12.0,0.6666666666666666,5.933333333333334
4496.894469020193,34954.11866234634,9038.985496032637,747.7402687149563,1970.2951974792052,7703.614595252573,3602.9092131589373,157.22304325095678,323.3420876402368,1482.7963230155017,1439.3420315188384,499.3478202171065,101.37339920069738,1560.4460337449511,1919.829043662005,2110.5694760212286,1587.0707351321496,1935.3891159679392,220.93276041465265,588.4387182172349,2783.886569455905,872.9027992088049,271.2340264226644,590.3940421592171,1716.3950230472926,843.0119975356075,39.205477249822486,202.01920997031291,72.69679265451325,5918.997704783141,517.0277490334388,1200.3283708531224,182.15336404339473,126.71452417682227,492.4126086576754,342.1852909917848,561.2108344335567,32.732481077123936,26.459065702815703,538.7672012026115,325.12801349662334,95.58310427771212,60.32336316681555,37.41702186845376,1782.0876560909571,724.2443694637808,1016.5447421636902,162.37903313269854,188.08900031904417,66.37931380788524,441.26111879887725,848.159669352344,27.065254360291124,62.85488860268272,123.30413614163614,46.37370798082043,139.25759721478144,28.313061167227833,16.30540524290524,48.628714247936934,57.522414456690406,70.53491023449007,2877.793868277047,2241.010749578382,1526.601348370894,2839.9252262797186,11636.220047486306,3102.8992868959485,2771.667658237004,548.0240506744349,1159.3562114353986,6980.95170172768,799.089877942577,3152.0524389000534,10094.685233091624,87.49854256319388,3495.014592026498,277.5364402346702,747.0759499065132,154.98333767461918,14.843531798888941,210.95699828821233,108.75677168041298,185.19030348035406,729.2573087750252,100.79997945740749,78.53350374610807,966.8713685385193,46.05699389362984,690.92820200706,122.61737055466415,53.65356865356865,265.8648884893725,50.20824443413729,86.97796912351959,59.78335825186239,176.56879334116175,21.131433381433382,17.322171181992612,3.594877344877345,78.16097119326608,98.2108656239091,149.4889423076923,67.20238095238095,263.83116009640133,27.852323702078603,4117.714937105796,263.46866935585865,130.11956459525587,287.3303027022549,153.4475564752203,264.3843267151188,103.81116844792348,98.42110851560255,11.256330309901738,41.196614931909046,26.242142117142116,99.28859244811625,146.35901106168964,43.95119889645061,138.07115967288473,147.5833881698012,52.55455845760652,171.35092643247404,21.91647248254391,16.825198412698413,68.78562758890139,144.77899193917608,150.40549794121222,79.6871456090206,22.32130301356492,122.70982750193276,33.17686942686942,53.00735213860214,44.096037560323275,81.61153026867312,143.05222254597254,227.3024789932058,76.41386154630202,49.06923514031357,64.9097340049721,22.129713914253387,119.85591590887367,340.2075219760269,109.90382005560576,112.25280343601882,41.446555636967126,26.79480093319379,238.88231682195192,322.44259836617755,385.6151792448289,128.6483651194021,49.49705387205387,372.47872894202595,8.963418117829882,197.997258858866,49.342887877114066,163.33307407284389,35.570184445184445,90.83621589006927,47.5994496257281,19.921269471269472,154.3821639009139,70.2426884448759,203.70340618608162,145.08478062942348,95.77874630815808,11.968253968253968,38.90230278980279,34.212231033309465,9.801448551448551,15.50530488030488,274.3468411635705,33.892947593130955,16.078902116402116,40.05380257963275,20.01974876974877,172.41375860479963,25.03742344516154,117.38914976635564,8.955717893217892,47.83140632515632,185.3161651037683,15.680829587079586,102.21548941028108,19.19277866035385,11.096467575634241,31.851037851037848,26.781005920886873,17.863423147036592,28.073247354497354,19.24597877871687,11.253227675102675,24.348528786028787,48.394751610823036,112.93953283398311,233.57446065115042,15.560203340595498,12.288540163540162,188.9386384701061
73.3260582010582,5165.941076207742,1716.4099807599807,81.88155363155363,88.86574074074073,2049.7279526029524,1876.8451846764347,7.861111111111111,13.356481481481481,460.977411014911,433.0882275132275,55.99404761904762,5.144510582010582,460.3756222943723,164.81195887445887,278.8041666666667,371.7794312169312,268.8350468975469,99.11507936507937,33.803373015873014,1131.9566137566137,232.95004208754207,323.3491045991046,72.13690476190476,155.8750992063492,109.76984126984127,18.234126984126984,12.300925925925926,139.6587962962963,255.06219983719984,209.1496442600609,579.8525132275132,245.67857142857142,434.0406746031746,506.24605579605577,35.140277777777776,89.41137566137566,19.157738095238095,18.09285714285714,84.30401234567901,14.507771164021163,35.10300925925926,57.20072751322751,59.04074074074074,287.69892977392976,55.62509018759019,176.13359788359787,33.03194444444444,8.540079365079364,32.97433862433862,70.8718253968254,109.59923941798941,20.15509259259259,32.70092592592592,4.666666666666666,46.291666666666664,322.3420965608465,23.763888888888886,65.91435185185185,69.053373015873,8.148148148148147,126.75615079365079,1145.0039502164502,120.47486772486772,1029.5877705627706,581.4754574129574,1056.6258146945647,924.4968284030783,105.0191798941799,38.711309523809526,119.31580687830687,909.8589506172839,137.16319444444443,418.2771164021164,1548.5233435545936,32.23134920634921,1177.513098783932,114.38492063492063,1.2000000000000002,2.5,65.76936026936026,13.648809523809524,204.66435185185185,1.3055555555555556,599.732732082732,15.93611111111111,3.2118055555555554,43.66468253968254,5.861111111111111,87.77665343915343,42.888888888888886,5.652777777777778,66.41415343915344,51.01438492063492,10.13888888888889,0.6944444444444444,38.729166666666664,2.698412698412698,6.318181818181818,145.95833333333334,54.229166666666664,17.139880952380953,31.28611111111111,2888.5291997354498,74.92401996151996,0.7870370370370371,285.0344576719577,161.0575547138047,350.3272156084656,1111.9565476190476,6.074074074074074,43.57572751322751,3.25,3.0992063492063493,15.449074074074073,6.583333333333333,2.0,2.244836182336182,103.09391534391534,71.16749338624338,2.0055555555555555,1528.1713802401302,24.430555555555554,0.5555555555555556,8.583333333333332,11.541666666666666,17.71759259259259,18.53472222222222,4.25,3.7958333333333334,27.5625,361.4112103174603,5.666666666666666,59.54613095238095,17.936507936507937,174.1845238095238,2.2857142857142856,14.101388888888888,30.191666666666666,9.90625,94.80350020350019,1.0912698412698412,6.819444444444444,58.75222462722463,309.4358465608465,7.159722222222222,3.2410714285714284,4.045634920634921,8.167989417989418,71.77268518518518,815.1475529100529,10.555555555555555,12.5,4.79491341991342,11.215277777777777,39.112037037037034,3.1604938271604937,27.0625,0.2857142857142857,2.75,29.770833333333332,0.5555555555555556,1.1666666666666665,1.0833333333333333,4.494047619047619,7.882407407407407,116.15671296296296,655.6046626984127,11.073412698412698,12.777777777777777,9.4130291005291,7.777777777777778,1.282051282051282,4.055555555555555,16.087037037037035,10.180555555555555,274.7080357142857,7.062499999999999,1.2202380952380953,8.541666666666666,0.5555555555555556,111.28564814814814,0.0,160.6521164021164,0.2232142857142857,3.7222222222222223,10.296296296296296,19.69017857142857,6.9467592592592595,1.71875,4.613425925925926,8.333333333333334,50.576388888888886,8.027777777777777,0.8634920634920635,12.856349206349206,0.41666666666666663,36.27281746031746,0.0,0.0
1514.9560149464526,23069.682293017995,8664.156063246903,920.5581659337295,1213.5094611296993,5820.423353723002,5549.050591162714,314.74928512207646,133.41098747774168,2601.3874327255526,1650.357744981572,987.6837621883332,35.691235227215124,2503.662099595492,1639.1395438903555,2159.81200301968,2261.1062097061904,2886.5135941270582,124.6794370068806,235.0359862684424,6563.432793484816,1125.586883222393,455.62969737493546,790.5719737029888,1291.7510716223842,1721.478954468294,93.03445451477664,19.404172679172678,49.712930587930586,2296.048918545901,305.0867250396662,456.56367720294963,62.891492436135294,71.44706566128134,230.67667220754902,236.44129323415865,300.8125653662577,45.14508778258778,25.634710197210197,1025.6779507670992,589.2960858455868,173.83453159494826,56.32693516800659,10.538239538239537,1314.2541769181805,208.80643728019703,916.3693469766142,131.01010814816593,190.7480533334055,87.72444599051741,455.1045792941626,460.08393776174165,12.407086445689385,94.65220635392204,18.01890933140933,56.390380123648036,176.14426735258778,51.79691758858425,11.73051948051948,42.013404079580546,42.151559502875294,104.71902571634715,2651.155590261756,1916.1777598399258,2388.585878088907,3959.1527588440667,9223.156177821173,2791.90137280541,986.56709165846,683.9014986016285,2485.0767735447207,5452.088456699514,1060.3763046114586,3164.58134392003,11419.773701645401,50.84354052421279,4261.86812361332,710.2401635165203,99.8545584706299,65.31318493014922,24.532045005259288,151.41119847965086,117.3281169447836,214.81717500721166,1876.4873167286858,218.54311251501377,107.63666923499316,321.68319009624724,73.22628578432149,586.5828624044937,48.89704616371283,21.25429894179894,122.0995701058201,394.3554685536478,72.52828903900333,28.316494021851163,129.18001775271512,63.71082621082621,16.326545357200118,30.9984126984127,81.94867851148489,1.9861111111111112,13.544925444925445,25.799603174603174,114.63176530259864,7.492063492063492,2113.59674358961,54.63404452690167,315.46459080372125,1216.2779965233308,141.6993410592675,152.48585997335996,46.3820099653433,18.648667800453513,1.7695578231292515,36.5434681059681,6.902625152625152,185.4377360404146,171.8958075304714,17.760627104377104,91.4443029853744,172.56486892736893,66.6099013420442,313.09946237450936,27.603904693190408,17.30465367965368,31.925401978973404,41.57497384734779,109.79079842115556,46.43392857142857,109.4898136255279,160.78375540581422,5.841450216450216,47.33773448773449,43.708540726572934,844.3649712721141,91.2334027084027,41.74594155844156,107.95201178891655,95.63607800151918,61.30870255127773,22.922919672919672,91.82471515821803,461.99440861869357,414.55901585187297,109.7406521006145,99.13810710798288,25.658163265306122,901.6526587830159,137.161766143909,59.6448828948829,146.76432507550928,0.47619047619047616,378.7851323391244,0.7007575757575758,538.1257650389638,131.90576459979394,83.29088373381852,6.428571428571428,5.963203463203463,132.5538987768767,8.864718614718614,190.67465104340104,85.74073196003862,23.081608005521048,297.8613022442854,113.93777874786278,3.1190476190476186,7.791446918091655,30.176529026529025,44.01163234913235,14.710786435786435,35.367321170892595,150.62363255304984,65.57711979378647,16.764782194929253,131.91235126529244,111.53245466649288,37.60100365903937,16.899761458584987,23.373015873015873,200.10821608946608,39.464460709855445,6.129960317460317,87.15737934904601,37.40461290842759,4.202177452177452,6.696428571428571,71.26462441879109,7.827041927882264,97.93198375698375,21.00779863875102,14.420634920634921,19.358761608761608,14.313399398220826,178.55888490108552,8.934098639455781,18.906295093795094,3.2767857142857144,110.6259332557707
391.2980659875286,11285.548565771607,4480.436983292557,1290.6041355222414,584.6028540903541,4589.68328732572,3696.4254750540463,28.35900627150627,169.15840813598166,802.692330895062,1385.2295667626024,590.3620929608119,20.12229437229437,1470.4360643324928,468.37698064605956,1011.7100672475672,1758.1810463560205,1873.0695357160776,125.54850668337511,62.560681216931215,1625.945854039792,567.8625284398919,65.50446428571428,72.00228901215743,1291.2083952365601,1406.5510263798092,429.0560087877522,43.0244708994709,19.819444444444443,999.0546353175409,486.74264208014205,1123.2157803616137,1028.4789714306162,145.03742877492877,1001.9494384556054,60.23043358757644,211.17374164578112,130.54676667317645,93.43923044548045,493.93543548487156,80.78498036310536,215.4707671957672,119.33994708994709,3.0550144300144297,760.9231994856995,259.35407165002755,479.25239512471654,67.36812641723355,22.134803921568626,74.32015306122449,105.89935122747623,788.7265186533043,14.688200280112044,118.93997113997114,17.26388888888889,61.41060206133735,51.75535714285714,77.92791005291005,25.42063492063492,20.663095238095238,20.188463583200424,55.73144841269841,4582.570166608233,1235.183233248622,2309.7341183190447,815.3081855644356,3350.598386388048,2974.5664932342092,614.6475420518777,760.2466932965882,1111.5830578204168,5058.7038292390835,364.4549275071334,2711.5766337953105,6266.247326648422,27.922136278753925,2043.636418602631,954.4247391711152,37.017534713963286,8.84920634920635,8.716208394779823,86.83234126984127,495.5673641173641,36.04787900008488,2456.80637001887,55.336507936507935,7.229166666666667,87.60580808080807,31.78075396825397,256.23852952602954,27.097334747296046,2.1838624338624335,235.13433742183742,424.6417328042328,21.795097863706886,59.8379329004329,32.08826447245565,30.932828282828282,51.278155706727134,52.925595238095234,27.095238095238095,124.06944444444444,43.10773809523809,573.1554623617124,128.46764219576718,0.9523809523809523,651.5701883764384,34.48613687899402,255.87352738847304,2390.004736085171,92.02902979373567,15.015476190476189,4.553571428571428,15.459183673469386,9.041383219954648,82.35714285714285,9.008928571428571,15.873527266384409,24.73937074829932,48.82837301587301,50.858250198005834,1079.5219336219336,78.71903559403559,9.563927848467323,79.03191137566138,10.956349206349206,47.00353735770402,34.14266388373531,36.60912698412698,5.229761904761904,49.36680402930403,195.42948717948718,14.446428571428571,12.604166666666666,18.90972222222222,901.210998161891,1.5535714285714284,20.832589285714285,4.281349206349207,87.47244268077601,50.43386243386243,9.434278298861631,205.34508186530246,59.45277292152292,741.9003336940837,20.451092558235413,32.43951418951419,21.222316704459562,26.78887811923526,546.3380908851497,252.24715423465423,35.892486481772195,9.168335137085137,10.614592035644668,3.208333333333333,325.357840737305,12.525510204081632,13.82577064642282,0.857142857142857,3.333333333333333,147.19907007674865,7.157738095238095,6.771062271062271,2.7234753550543025,7.341269841269841,75.1652837902838,294.15163139329803,28.38888888888889,11.392857142857142,45.57275132275132,55.802314814814814,40.55312478526764,16.367717996289425,85.09220779220779,88.15874183006535,9.246094591682827,254.5969306156806,53.11666666666667,23.94097222222222,37.82738095238095,1.7460317460317458,322.1614693177193,16.081349206349206,31.033730158730158,4.987012987012987,26.660624098124096,1.625,5.568518518518519,62.897817460317455,22.57936507936508,80.7579365079365,25.253968253968253,8.892857142857142,23.454199735449734,8.735827664399093,38.65773208273208,6.976587301587301,86.29343434343434,0.8333333333333333,9.400694248991462
25.121116923200255,2191.2269169873334,892.4835808481641,101.57010582010582,26.205467372134038,774.3372574955908,680.6250661375661,1.25,15.5,261.0765211640212,262.36836419753087,9.97883597883598,3.998015873015873,109.09786155202822,10.454365079365079,221.47217643467644,252.68710317460318,271.59143518518516,5.833333333333333,11.6,780.2127645502645,62.9412037037037,17.064814814814813,15.86111111111111,106.0781746031746,70.77546296296296,6.7559523809523805,2.966269841269841,11.432716049382716,211.70110229276895,41.413123296456625,36.94113756613756,30.324074074074073,96.09810405643739,228.89162887377174,11.119444444444444,17.083333333333332,4.962962962962963,8.643055555555556,35.87283708355137,2.976190476190476,44.56481481481482,15.671296296296296,11.162654320987654,93.04966931216931,6.805555555555555,57.241567460317455,9.087037037037037,2.837037037037037,1.0416666666666665,29.805224867724867,57.39457671957672,1.3580246913580247,11.636904761904761,0.41666666666666663,3.611111111111111,32.5,18.69047619047619,11.287037037037036,1.9157407407407407,1.6882716049382716,19.321296296296296,796.8412698412698,45.68331128747795,701.2777777777777,136.94285714285712,675.0289902998236,322.08052749719417,90.21343251105155,50.066071428571426,81.86507936507937,826.9623938891796,23.875,279.0926807760141,881.4563051146384,22.46597222222222,304.4954691472548,61.02149470899471,3.2333333333333334,0.6481481481481481,4.893518518518518,0.625,21.89726631393298,1.5277777777777777,397.27217813051146,3.4722222222222223,1.6203703703703702,6.944444444444445,1.9791666666666665,21.066402116402116,5.833333333333333,4.666666666666666,26.35024250440917,79.68716931216932,1.7361111111111112,1.875,2.314814814814815,8.612914862914863,0.4398148148148148,2.468253968253968,11.513888888888888,9.023148148148149,8.343783068783068,385.94082090748753,36.58888888888889,0.0,133.43723544973545,20.06216931216931,58.72156084656084,626.3498977873977,2.75,0.0,1.0,0.0,1.4065255731922397,3.0,0.6666666666666666,0.0,10.972222222222221,4.492063492063492,0.7037037037037037,221.69960317460317,0.6481481481481481,1.0,0.47619047619047616,2.0238095238095237,0.5,5.246031746031745,6.611111111111111,0.2,10.125,31.180555555555554,0.2777777777777778,0.6481481481481481,0.9722222222222222,123.57142857142857,0.0,1.8814814814814813,4.1722222222222225,3.3571428571428568,8.334567901234568,1.7857142857142856,1.0555555555555556,10.030864197530864,157.92008377425043,2.361111111111111,14.559523809523808,22.92063492063492,0.0,43.36944444444444,68.53738977072311,4.976851851851851,1.6666666666666667,1.875,4.261904761904762,28.34616402116402,0.47619047619047616,0.0,2.392857142857143,0.6666666666666666,11.444444444444445,0.0,0.0,0.0,0.20833333333333331,0.0,24.16733906525573,66.77799823633157,0.0,4.583333333333333,2.5,0.3333333333333333,0.0,0.0,10.55,1.25,35.1429012345679,0.0,0.625,0.5555555555555556,0.2777777777777778,63.35076058201058,0.15873015873015872,35.73456790123457,0.0,3.194444444444444,0.0,5.059523809523809,0.0,1.1111111111111112,4.444444444444445,2.986111111111111,1.6666666666666665,0.0,0.13333333333333333,8.575,0.0,1.1111111111111112,0.0,0.3333333333333333
47.21425040101511,6831.519300075331,1199.1887398149354,140.75844525844525,101.22023809523809,1258.8504787000438,905.7888708513708,280.322318345235,92.99002109002109,282.1094276094276,178.46248196248195,195.2101370851371,26.25,641.2663179413179,798.6571982767634,545.9268578643579,455.0641459575283,617.3373843748843,212.00396825396825,2.4166666666666665,26.357142857142858,46.519841269841265,3.611111111111111,108.50378186628187,644.0307000527653,324.18965448132116,2.2222222222222223,49.576509909843246,176.04898959065625,191.68374958374957,2.666666666666667,638.0644290123456,55.809367484367485,263.74903799903797,407.1349715099715,15.220238095238095,4.087301587301587,4.166666666666667,0.6666666666666666,9.886904761904761,166.76631393298058,3.333333333333333,2.5,57.214285714285715,10.595238095238095,4.777777777777778,3.4285714285714284,1.2222222222222223,169.56084656084656,1.6666666666666665,1.0,6.26984126984127,41.723304473304474,22.595238095238095,32.88263588263588,0.46296296296296297,8.26388888888889,0.7142857142857142,1.9523809523809526,3.412698412698412,4.970238095238095,5.0,194.5182348107593,301.7520543586848,832.9773690815357,705.3287037037037,4056.9440860065856,279.5462962962963,40.27083333333333,62.04563492063492,14.075396825396826,1502.2335704048405,169.35987854737854,310.84956894956895,2236.160643268433,1.712962962962963,299.003807433632,33.0244708994709,22.736772486772484,28.38888888888889,29.812830687830687,2.185185185185185,474.8751516197168,4.166666666666667,16.273809523809522,6.249338624338624,1.259259259259259,0.0,0.0,0.0,0.0,181.00882335257336,2.134920634920635,1.1111111111111112,0.0,0.0,2.0,19.99621212121212,0.6666666666666667,93.25,0.0,0.0,0.0,0.0,0.0,14.68042328042328,0.0,142.88690476190476,0.0,24.36111111111111,0.0,6.180555555555555,188.31036556036554,6.458333333333333,2.878968253968254,1.25,140.91666666666666,64.01719576719577,0.0,0.0,0.0,8.916666666666666,0.0,3.5714285714285716,0.0,0.0,3.3597883597883595,0.0,0.0,7.947089947089946,57.17063492063492,4.027777777777778,0.0,2.083333333333333,5.5,14.724206349206348,3.6785714285714284,0.0,51.53968253968254,1.3888888888888888,0.0,0.0,25.79680735930736,0.0,5.0,75.08730158730158,6.690476190476191,0.0,28.619312169312167,223.10653011204482,58.10589826839826,0.0,0.0,0.0,0.0,39.992063492063494,0.0,10.873015873015873,5.682168911335578,13.333333333333332,0.0,32.53148148148148,9.972222222222221,0.0,88.01058201058201,0.0,0.0,1.4285714285714284,52.71986346986347,0.0,0.0,0.0,2.8095238095238093,0.0,0.0,5.627314814814815,1.25,0.0,0.0,21.31313131313131,3.472222222222222,0.0,261.2991071428571,0.8333333333333333,8.023674242424242,0.0,0.0,243.90674603174602,0.0,0.0,0.0,0.0,3.25,0.0,68.02056277056278,0.0,10.0,0.0,48.18121693121693,0.0
218.74329538773983,22378.123920884093,7421.897979487368,366.2891417734776,191.3862433862434,8033.6028699767185,2055.524621852275,214.15186218102883,205.83569980482923,863.4870244573267,1268.2206893513753,267.9606030056688,12.380035347472322,458.06850520511233,490.1056026826476,801.8786127783152,1999.7172352863306,3634.9882091626464,71.97222222222221,375.5932052079025,730.2313451530066,561.4293875541056,39.75757833436405,168.30299657026904,2589.01088227892,415.60435552102217,60.38217218511336,54.780509546813896,0.22222222222222224,626.7625706658997,242.98280328059738,225.71347806605158,12.458333333333334,10.399140211640212,41.429157647907644,148.05266955266956,337.03607503607503,45.20265369162428,39.23271173271173,121.71851898101897,311.19269758019755,67.75356726606726,59.13186119436119,0.3846153846153846,909.8610853432282,310.69709133459133,1612.7850883780895,106.44158017908018,66.7454475308642,71.02777777777777,659.6641666273715,1076.2166860733328,7.738095238095238,44.69725529100529,24.712076118326117,35.93396164021164,53.78039958407605,42.17857142857143,37.323271668227804,3.357308201058201,73.18465608465608,6.107142857142857,3297.7681132481043,2741.9316161939473,2515.53173463099,1874.5178200657367,5304.549748485482,5203.264724936117,7885.326043519173,296.22151274651276,525.7295270866038,3057.7253398172884,838.0619463155757,1586.8036553182549,4165.4507764993305,58.64830447330447,3023.738513071436,916.5965714322848,0.5555555555555556,22.8488455988456,6.265873015873016,116.58847832062118,112.54910714285714,58.24595361648933,697.9837922659351,55.832341269841265,66.1207955404384,581.4854075965187,53.759876367019224,624.2711139372324,102.37650312650312,20.789210128495842,259.12442303067303,203.23845598845597,45.684338809338804,118.45787545787546,174.42501803751804,59.88129463129463,17.397321428571427,31.84722222222222,67.5417439703154,2.3015873015873014,167.81206524956525,94.4566798941799,157.94697065500637,4.409722222222221,1323.7141406433072,27.780363155363155,467.6194397423564,1156.3025190056524,138.32467031425364,74.96421356421357,10.491071428571429,7.583333333333333,2.7976190476190474,16.479166666666664,9.28968253968254,5.138888888888888,31.395833333333332,1.037037037037037,253.81630188239615,1354.1094093406593,68.87038999012682,69.5,13.779761904761905,11.453869047619047,14.041666666666666,11.083333333333332,47.491402116402114,62.56770081770082,117.60536304653951,129.0850330955594,62.784664178414175,14.185425685425685,8.330853174603174,540.1276107380274,2.4285714285714284,184.62177846727917,8.25,55.736507936507934,41.90510531135531,66.49971741221741,309.4544786533917,73.49759592259592,744.8923886434916,5.327380952380952,26.84490740740741,2.643518518518518,23.95347027699969,144.6341896407686,29.405844155844154,77.23478793032365,0.3125,160.70186063936063,1.0,128.43046536796535,54.512937294187296,3.839285714285714,4.747354497354497,1.964285714285714,76.46230158730158,3.952380952380952,637.5609013561394,62.29927248677249,129.15315934065933,61.379960317460316,111.86553646970313,0.8333333333333333,1.5,14.123677248677248,27.39499158249158,72.33121392496392,2.8571428571428568,29.088357244607245,32.19623015873016,12.757575757575758,18.219518576661432,67.23346560846561,6.392361111111111,5.712241462241462,13.166666666666666,142.25510788488035,23.941468253968253,2.5,6.850694444444444,26.735254329004327,24.3631734006734,0.0,15.5515873015873,14.871126228269086,20.01984126984127,59.986531986531986,0.0,39.462896825396825,0.0,36.7758177008177,1.0,8.023148148148147,31.346230158730158,12.32972582972583
29.541466249799583,2400.6529643423023,1267.705852172519,23.770833333333332,30.067460317460316,726.6608951914098,630.0572293860073,20.587301587301585,10.079365079365079,325.53607462141946,162.39281505531505,17.767857142857142,1.0901751505199782,208.93535052910053,101.57473544973544,144.0943783068783,170.03161375661375,114.37777777777778,27.73611111111111,29.74669312169312,179.27185404464817,49.42956349206349,19.909391534391535,9.550925925925926,214.13828763828764,228.1851851851852,20.513227513227513,1.6203703703703702,10.944444444444445,90.87085667600373,65.2936507936508,140.52709694989107,27.00595238095238,42.14054232804233,126.56699735449735,3.6666666666666665,15.789021164021165,8.157738095238095,7.569444444444445,47.32060185185185,7.5892857142857135,4.44047619047619,12.824404761904761,6.222222222222222,83.24543226381462,28.53125,51.851190476190474,10.193981481481481,0.75,20.945767195767196,82.67989417989418,86.12535349388797,1.875,10.075727513227513,1.1805555555555556,0.8333333333333333,56.460978835978835,6.458333333333333,5.944444444444445,4.027777777777778,3.0416666666666665,4.351388888888889,352.31685163964573,90.88822751322752,644.5819444444444,243.4265873015873,253.85832015207015,926.1763591800357,181.3864478114478,36.19675925925926,155.09358465608466,651.5249007936508,32.77480158730158,247.35839719029374,522.6011463844796,7.5,398.7531288156288,25.142857142857142,5.366666666666666,5.933333333333333,9.21765873015873,6.636904761904762,18.380886243386243,10.53968253968254,100.90800264550265,6.277777777777778,0.47619047619047616,18.648809523809522,7.055555555555555,39.70291005291005,14.61111111111111,1.875,14.782756132756132,24.645833333333332,2.5,25.07154882154882,10.804563492063492,2.6547619047619047,2.8703703703703702,29.84126984126984,1.9097222222222223,3.6706349206349205,19.020667989417987,2273.670304232804,19.432635467980294,1.0,225.50327416320064,28.802083333333332,123.38349525634008,817.6748015873015,3.1872895622895623,8.447420634920634,0.3333333333333333,2.0,1.2708333333333333,2.566137566137566,5.0,0.3125,16.66111111111111,27.913194444444443,26.5,239.8804232804233,6.895833333333333,0.0,0.4444444444444445,3.4126984126984126,3.057539682539683,2.5057870370370368,3.611111111111111,1.25,38.045634920634924,33.979166666666664,3.125,15.444444444444445,1.6666666666666665,29.52777777777778,0.3333333333333333,18.375420875420875,0.0,11.180555555555555,19.291666666666664,3.625,0.15625,30.828813932980598,98.42361111111111,2.5,0.0,0.16666666666666666,2.5,7.344246031746032,82.77281746031746,7.481481481481481,6.666666666666666,20.881944444444443,0.0,8.972222222222221,0.37037037037037035,1.7708333333333333,0.16666666666666666,0.0,3.583333333333333,0.0,0.0,1.6666666666666665,0.0,3.0266203703703702,13.809523809523808,415.27513227513225,3.0436507936507935,0.0,6.734788359788359,13.222222222222221,3.333333333333333,9.12037037037037,0.41666666666666663,1.6805555555555554,18.181547619047617,1.1111111111111112,0.8333333333333334,2.0,0.0,31.958333333333332,0.0,15.652777777777777,0.0,1.0648148148148149,4.166666666666666,12.56630291005291,3.1458333333333335,7.258333333333333,0.0,0.0,12.766203703703704,5.777777777777778,0.0,0.3333333333333333,0.0,31.547619047619047,1.6666666666666665,0.0
44.064989884842824,6978.537690568814,4967.696795723539,201.53519104292775,292.2955026455026,2425.929453910751,2839.4871668014525,37.39352710781282,21.252888655462183,811.4547856205419,964.2639212639212,264.4157896997183,0.25,938.982048044548,420.0436766110873,412.5547772139158,792.846564971171,1037.1759258741733,140.4959656084656,118.4936457061457,1570.0711505921327,307.950389739229,178.20257936507934,72.71600238385953,459.3291644143037,891.1519511490493,40.74454365079365,18.872023809523807,22.694444444444443,256.07062546463806,262.2123942415609,219.26114438332482,48.13938492063492,242.50464003589002,262.09699782690853,75.2252435064935,49.89126984126984,43.37470366934652,24.359410430839002,298.09270282186947,86.49507560340894,85.0207732082732,98.89451058201058,2.5,383.71657497595,57.44205060812204,387.8874538325431,75.42081207482993,11.375457875457876,107.03860871271586,117.49805659006026,154.58171636564492,15.248363095238094,54.11079545454545,8.029845154845155,25.634017602767603,109.37506012506012,32.19940476190476,7.045918367346938,1.35989010989011,15.32738095238095,66.60041099773242,1011.8907749310005,845.7489531090961,995.3120044482439,1401.0650224775225,2832.3456474907366,945.7255406960763,568.6858892237613,197.4756875069375,1019.2379359066858,2219.009565489625,209.49524039413745,948.9525778755558,4397.246294784911,13.101025132275131,1376.0342359360216,447.7836465948073,0.6632653061224489,1.2962962962962963,15.624338624338623,82.2698648904006,209.7528409090909,18.063988095238095,1192.2699979583908,24.556382275132272,16.053571428571427,139.87152777777777,44.925595238095234,189.11357797295295,15.338637057387057,4.4226190476190474,21.046539449112977,211.0508035284821,25.919159544159545,16.769660894660895,78.38083845978582,12.30891330891331,17.001984126984127,54.63938492063492,6.215277777777778,25.9375,27.46577380952381,146.99330357142856,78.99094634697313,1.6666666666666665,793.5234518292554,89.31720825470825,89.7094742063492,1070.234148027898,24.07014114892266,36.663492063492065,1.8214285714285714,7.163690476190476,2.589285714285714,21.992724867724867,3.1274801587301586,7.382969213326356,32.66865079365079,9.904761904761905,86.27179928989139,316.6176926578712,35.598214285714285,11.724386724386724,33.49429563492063,17.45486111111111,51.370039682539684,34.31995336013193,20.249368686868685,12.535714285714285,9.136243386243386,43.857142857142854,13.312499999999998,11.326884920634921,3.018731103552532,403.6227212602212,20.7880291005291,60.95856256012505,16.397486772486772,144.36755538073814,63.8650214308109,6.526041666666666,55.750949167392385,92.72715097402597,1913.4913249448964,15.353535353535353,21.296100427350428,4.350694444444445,172.16604208699798,157.46391275808568,111.14298433048432,50.07575757575758,3.253314393939394,1.5656565656565657,3.185185185185185,184.0816628205706,19.00150690876787,0.625,0.0,0.47619047619047616,90.51833191609977,6.857142857142857,4.722727272727273,0.6349206349206349,0.16666666666666666,34.97420634920635,98.49769154456654,10.76388888888889,3.875,6.5396825396825395,29.981902356902356,22.03174603174603,0.0,35.59842241092241,83.66398310684025,0.0,88.0106456043956,22.89753401360544,1.385204081632653,0.0,2.837301587301587,151.54097222222222,7.93977048554669,21.411706349206348,5.714285714285714,10.810019841269842,9.693452380952381,0.9375,11.92741402116402,7.547619047619047,10.13015873015873,13.27579365079365,3.0,11.920918367346937,1.5476190476190474,13.851190476190476,0.4081632653061224,13.822210197210197,0.8333333333333333,1.6269841269841268
217.91679675409833,24793.91017020943,12324.52412563153,1004.3901978272122,1152.3797125603674,9268.088682130088,11082.654323226936,79.97296816939674,147.96604004410668,2112.5986383582613,2648.0018005021293,673.6632278306579,12.743697478991596,3250.368336722801,1323.11630237756,1594.025186386459,2164.8281787227097,2986.8660957175166,677.5565295815296,193.4386637976028,5049.889051372058,537.3303925655488,515.0186537999037,235.28841890046002,2699.5695607889465,2750.3963164344204,425.81171433927915,38.640399877899874,113.32178300094967,1193.2410124080666,1191.7405753968253,745.5564699850414,395.1486269614172,325.45922225922226,1171.1100466002251,252.23393295127318,105.68798437887197,222.30493752047636,384.10982271696554,1363.8732664779548,203.2859379707594,347.5737193362193,373.55465196179483,23.03412698412698,1220.7077060389036,544.1355886948148,985.1692909259826,127.95271164021163,48.74274042950513,362.19632384810956,280.0168919774183,427.77502043077436,23.322781385281385,148.64308989394775,68.61516261516262,47.44744098494098,253.25487614237613,194.03953222703223,29.27721088435374,31.861507936507934,55.541666666666664,78.76560846560847,3970.0699440123108,2401.83763862579,3272.6921022395877,4096.0584878194995,9228.77881709043,5232.639743041659,1610.916369470991,620.4856937044436,2712.0626524011786,7953.3082975595735,957.2181426541744,4738.582450082383,13057.628389272722,49.29217429396001,3525.5371588641424,2305.0273450425234,30.998804436304436,14.965277777777777,36.130997474747474,86.10971528471528,511.25197526644894,45.71891534391534,5191.268520441547,67.17864265364265,74.55957105064248,486.975271898883,64.78829966329967,368.7016168520633,51.3264652014652,70.46407527657527,77.85170755170755,946.9643020339448,43.75726833795719,47.430713499463494,61.83829365079365,46.80652218152218,44.916594516594515,171.45734126984127,89.90564373897706,58.98115079365079,37.71501172438672,234.1409752284752,450.064855810984,5.0,1724.2011264077053,88.31268037518038,436.4854756354756,4907.404783862486,79.95420518634803,260.3212962962963,46.988591269841265,108.86855158730158,3.0277777777777777,64.79199735449735,39.55275974025974,28.490438463652747,101.1949494949495,45.89055389055389,56.70949074074074,1148.6304155500584,70.59351820207083,65.25170068027211,74.41468253968253,54.896621896621895,204.39248136123135,61.77621882086168,69.36772875816993,18.472306397306397,103.78855526087669,160.45613560416191,21.47222222222222,66.38323740529623,12.175775613275613,4321.905321530321,31.04861111111111,63.83731962481962,23.521667915417915,227.92028422480104,134.11158794908795,48.992063492063494,191.95445631632606,176.02866008356204,2691.680636658315,76.46960678210678,59.824383486883484,28.06256808278867,119.15870240870241,493.56536448106823,280.6749969665411,59.794041606541604,19.715608465608465,16.1875,15.684523809523808,678.7694952067851,77.72557448905488,3.333333333333333,3.9646164021164023,10.11111111111111,181.69406724228153,24.28968253968254,216.4594507344507,35.99956657147985,9.728670634920634,20.868882275132275,468.85123877445307,42.12202380952381,11.134920634920634,42.910714285714285,95.20978835978836,28.886363636363637,15.278617216117215,161.15170322402466,161.08667072889762,1.3607954545454546,615.2343656343656,105.20793650793651,25.2375283446712,58.298205266955264,15.158730158730158,731.3478213794003,57.53118494872697,104.7991402116402,73.41406024531024,34.45238095238095,9.223544973544973,22.171753246753244,82.31911375661376,12.071428571428571,108.31666666666666,45.15871397121397,13.194444444444445,29.85409580498866,20.66080586080586,63.690009287190655,10.367228835978835,28.806926406926404,6.782407407407407,2.446123321123321
1657.358925441407,25439.427981658064,8712.231735223075,784.0478492397177,1382.6763238064068,7543.928588870388,6704.745371585669,563.8474893275751,449.11856644615375,2393.5718488679345,2976.8981954117444,518.6178538300829,22.581745945504636,1898.6306632352976,1487.3404123815262,3500.1446509546786,2581.0593296434913,3099.7189371430454,721.8275748159151,1158.2272889840142,4428.964500419565,2289.029146529427,523.0785472901545,724.7032407184284,2393.0827258288637,1038.4200893083382,235.61671293031586,297.05861314295885,147.17925460782604,2199.540591325179,1228.1688648006796,755.2703310840703,68.50372312872312,540.5906420103338,397.770743288898,233.76672033407425,290.69884754406814,97.40265258525062,65.53726250601251,737.258916834106,634.9883572783189,189.8243719755426,154.79452279392754,2.537878787878788,4139.921409208981,570.092227838562,3914.8869454329792,644.6063816101688,167.47595568366177,225.46026723756987,1371.631055060828,2119.8388433367845,34.762103174603176,113.2665587890304,216.53000263625262,76.25109623563571,500.0477327360901,77.13939995189995,131.2296489329384,57.33134119032228,132.2472890971293,406.59088317987124,4326.475152877557,3053.7531243088374,2491.6792970648626,5421.289081619155,12127.931482424994,4625.090612069014,5506.280993544597,915.760871734107,1478.2389916782315,7407.818324369929,1404.919077577743,3592.8235028072327,8062.937307476149,131.20662578162577,6247.363007430582,1084.621448967508,23.970332577475432,276.8651074998596,9.92989417989418,642.8600582395225,299.64376727074097,375.0659320663221,2420.4561842946127,157.08372902141008,94.68683489477662,1050.994609132366,106.97454089832847,1449.7899711125795,308.6692197359982,65.26752645502646,556.1573407660991,201.71738369655037,159.88123836040504,374.06458186038725,242.06281360268508,294.988116077822,59.25641669711363,233.5962962962963,101.96342997831093,73.57807239057239,664.8789418351677,646.9157135076252,745.1493272296125,26.940782828282828,5737.425133960937,248.7890156140156,125.60743705528188,1102.5993495114856,263.6354387034534,227.5007164132164,61.742559523809526,42.44876882376882,4.051587301587301,200.32795023603848,64.53085747649104,155.98103421632834,508.3655610065793,42.51067821067821,503.2095367351855,748.2451723523152,307.98764150934704,106.96645576645577,85.17992636742636,76.57200378644343,89.1767827080327,91.1872137122137,678.651268330435,110.30205627705628,61.00539948885537,427.03733275739853,204.55792891296431,225.94455353369827,103.92904185761329,209.8524671316338,100.93150553150554,570.4473231025106,38.43849206349206,123.80876022126021,128.9625850062963,52.112777037777036,237.460253117532,576.9617389921412,870.7430111147023,79.86815177576047,67.843672993673,19.6733682983683,459.02529363338186,266.5630813630814,274.3421509046509,357.93282403915237,7.694234006734007,243.58480977083917,14.801917989417989,233.67844249818887,50.743138728555394,20.863906926406926,24.0396164021164,15.20782227032227,128.04184856537796,27.208573833573833,46.85299422799422,51.20393402893403,9.586284086284085,381.0713724326819,104.09451476462345,43.61243386243386,9.871340097810686,89.98591223591224,57.89771058618389,75.87526352615637,90.56346872082166,193.7558633009291,71.94333814333814,27.645833333333332,62.474053724053725,278.1114470406137,12.988425925925926,54.9996632996633,7.299603174603175,122.94669312169312,192.30639941781246,24.55029761904762,103.45001538494185,66.91931971537234,95.31397506814173,6.726190476190476,91.10441768298911,51.57375292256244,47.95932138848806,71.71447102280435,6.649305555555555,31.161092214663643,16.448260073260073,72.94691489973353,12.868697605304748,29.087083722377837,80.7943376068376,36.147028897028896
141.70308999804612,5948.24634926458,1043.7625979208376,107.74963946871841,1000.8052250082591,1545.456730209341,1354.52470485669,25.513063986278272,20.797420634920634,668.6460298637783,412.08430706372434,184.82182456919298,11.95424482924483,231.87809318949024,554.7586884255808,343.62094454209114,405.46029157396765,837.0503571560782,52.86147278647279,47.68670634920635,1341.6549582362081,277.7066653254153,58.57896825396825,65.4899672087172,438.212430299946,611.530593773449,23.47706043956044,26.539105107855107,18.692582866479924,1796.8368369007344,662.0979828042327,166.91615329115328,59.19313973063973,75.121636002886,127.18759519801186,349.3284003561416,57.399267619505714,18.595238095238095,13.10515873015873,67.22438841447641,193.8881301348563,8.408730158730158,16.33234126984127,2.3102678571428568,78.93574656337815,123.1871632996633,92.25703463203463,19.70544733044733,28.76050061050061,6.6798941798941796,42.31799552960267,59.807387057387054,65.23848084947524,12.365151515151515,37.226614820364816,3.4166666666666665,11.97820997085703,9.35218253968254,16.62665343915344,24.277867965367964,32.95959397745112,55.112226893476894,692.6706237158231,195.5107295830414,198.86392134493852,398.81183238058236,1721.27063929951,817.1233119118535,186.37602562878297,145.34392198410055,74.99083963540485,2226.1779462371455,505.03566620070103,348.93277445716353,1334.4964827651231,51.32456752903181,759.609146352348,49.0360231271996,161.90601767465802,11.46792328042328,5.276190476190476,14.048641173641174,62.84539742664742,56.42297979797979,159.55005928699538,50.131059119096754,6.218567251461987,1.0119047619047619,2.2499999999999996,200.62494958744958,7.386772486772486,18.698985890652555,143.93748805919674,12.346410533910532,3.125,12.931845238095237,0.0,12.5625,1.5034722222222223,3.3541666666666665,7.851851851851851,14.174603174603174,11.558767951625093,4.222222222222221,15.31712962962963,33.25231481481482,313.4081356257214,58.07967454658631,31.819288119288117,38.53977272727273,8.593915343915343,28.1763468013468,34.75578403078403,84.38196214059309,8.395833333333334,13.157242063492063,7.311507936507937,9.282763532763532,52.22960372960373,86.04455196219902,4.033333333333333,29.37797619047619,4.6752622377622375,14.192460317460316,4.128306878306878,3.9930555555555554,36.021031746031746,4.8125,14.0376443001443,16.014880952380953,12.917087542087542,20.716203703703705,5.916666666666666,16.39781746031746,67.62314269724983,3.1,18.582010582010582,5.955898268398268,6.707539682539682,11.073160173160172,4.16007141007141,6.156249999999999,16.007386072708652,7.432242063492063,1.28125,25.482479711646377,15.73128908128908,11.251455026455027,49.37161971626257,244.76237581603476,364.97557888221263,12.699900793650793,321.770692435871,32.74512085137085,17.208333333333332,5.517676767676767,0.0,9.211309523809524,5.871693121693122,22.624819624819622,1.972222222222222,7.657738095238095,22.956349206349206,3.71031746031746,62.61911076658883,48.22210798460798,10.924272486772486,0.7407407407407407,23.31244488536155,7.646825396825396,7.795767195767196,2.915816326530612,69.12029521404521,2.2402777777777776,3.245701058201058,12.482193732193732,2.5,96.3884726141305,1.0416666666666665,22.791396103896105,9.219246031746032,5.439814814814815,20.109832297332296,216.59400553150553,15.779394216894216,0.0,0.7609126984126984,8.5131931560503,3.430357142857143,0.36111111111111116,1.2234848484848484,0.22222222222222224,9.571428571428571,15.707431457431456,20.810515873015873,76.64161255411256,95.80224867724867,6.804750033916701,1.3624338624338623,4.25
8104.698586375061,12952.316989450526,3709.0203054659983,237.3358385047949,1179.7671345075332,2276.822481980812,1144.5551641737345,54.87582325082325,89.45173060418158,671.9974048929608,464.1140658567232,517.260134232143,19.75051569374325,798.1414430212419,865.306670110553,1172.7790282370936,1325.8559227152255,498.3308240424903,93.32445517445517,307.7219023853694,597.8616723071249,539.758128368683,132.20372104747105,188.2151761848771,626.6066357309873,533.0581408075859,10.593719898928232,40.980315116981785,18.45367364117364,2148.3756124684683,292.024139958315,355.43684145527845,70.61272631689299,78.9738023757525,266.3093977416346,276.6886314752406,157.30643178025264,3.8304473304473303,44.03952320827321,188.164099374495,115.59729768688102,8.6119227994228,17.044844406800927,30.373450895509716,696.0722891378671,111.66344288427622,318.2968870272792,126.7330596922141,28.1067791005291,69.651800344717,1044.5530305501507,518.8222233814616,21.06134768009768,25.164053879127408,51.403102541521655,5.201478709199297,45.069262073209444,13.42015392015392,16.92340067340067,18.504719817219815,22.89832988648778,13.459671292759529,1161.114615189899,1228.6230404454136,819.8173429910212,1128.1259068487363,4744.909644953926,1476.7305539257618,821.7484135714645,232.3951609075839,151.14070828862495,5162.803131893505,378.13501958589535,1037.6183730486684,2698.0726483839817,226.94962037076806,1680.2465977198399,203.28390741883388,211.35784309937148,65.56702325452325,8.536742424242425,50.83273173585673,26.808889047924136,201.48882279571134,158.24933606633536,51.09680291257303,44.73454390370277,278.4225294804419,37.76178671483962,475.02594455290534,92.51805026198711,15.649882987382988,200.6478520967213,24.38488944835694,11.014209465189857,123.40632140900682,50.76003747714274,2.333333333333333,18.345108761207833,3.7305996472663137,20.638066331816333,2.510251322751323,21.250137593887594,43.46895424836601,68.11869438934656,23.203801406926406,1615.685911682302,121.55605626421222,12.869164169164168,19.36345136345136,41.48069879466938,44.945134199044546,129.22547764985845,4.3001443001443,8.804433221099888,22.731015262878007,5.4053150553150555,48.17917858619613,108.44897797456814,11.804340157963347,79.63965756465755,39.85402837902838,121.99446102763956,72.09087671587672,17.79680042180042,4.401455026455026,15.385648148148148,18.12371646067298,47.37643588137009,21.258625633625634,10.505411255411255,41.78524565209348,6.806217458629739,9.93635531135531,12.643537018537018,0.7564102564102564,79.56407465990799,189.39427563177563,8.934722222222222,4.82529907599567,9.411831224331225,6.4819289385078855,355.3604299199705,157.3207422207422,20.766371420976682,37.289113664113664,12.697589447589447,4.2142857142857135,84.32329704609116,145.6627250111961,39.88592826699444,28.112110000982998,3.7472222222222222,202.1052730079904,10.678978156919333,1.4222222222222223,10.026455026455025,46.366131553631554,10.371543965293965,7.167443667443667,17.023556105452656,23.860245759142817,22.400721500721502,30.271589371469346,35.214112058965,47.31170634920635,20.669539411206078,1.1777777777777776,26.630323107828342,44.5603035261188,3.9791666666666665,0.6095238095238095,110.89562249027048,15.837975416468064,4.499969937469937,8.432905173530173,0.6666666666666666,125.2562105433171,5.982498982498982,21.61839364339364,1.9166666666666665,18.313876863876864,80.24393329623592,0.6,36.997119294247774,2.75388337153043,12.466931216931217,0.49074074074074076,5.701058201058201,9.111372180451127,7.096765271765271,11.224486932820266,1.3428940568475451,2.3568931068931067,69.29828161563907,61.1687248495685,73.29070390680297,25.62220114592237,31.250945813445814,62.03420223947474
171.0682937624197,12364.753452786961,4743.740301016159,859.2572080847428,662.4802609427609,4829.603314727212,4090.251246196808,88.94077458489222,25.471712454212454,1155.5894131331631,824.9319576257076,476.3520677462904,50.64656012202452,1243.7879213048855,948.183245546051,881.5828271498965,595.813578115784,2595.87359946601,159.93692511192512,133.38562305749807,7039.455427149918,251.709513824955,1017.4567330046497,419.6308480540623,1208.00202494265,459.3012937060994,88.44807964407477,4.895833333333333,34.97842782217782,1590.132862449564,607.2209474167807,387.67869113360183,18.772289178829425,32.22489177489177,244.60296416546416,178.1428525955837,120.32939012046155,51.22011044511044,43.69879287379287,609.9686778499279,165.50893441875584,239.89194393569392,102.91884920634921,13.088744588744587,857.9311154327698,198.60779280939056,453.9807075005604,61.428759666259666,21.033365871601166,78.99561688311688,189.70244778369778,320.6308922437212,3.9966931216931214,34.24649470899471,15.881358225108224,68.41041366041365,53.21732804232804,66.41161616161617,9.618055555555555,6.386904761904762,75.39197191697191,15.383234126984126,1688.7844882037896,855.285252406692,1741.603104858882,1319.931945138195,6685.128818252956,1566.3816735194057,812.344317154795,516.0990000740001,2220.8877253873575,3876.432381018391,1104.8585276936785,2246.524982515863,5893.507259620338,13.837971552257265,2628.4993172154354,1579.3591982091982,17.59642649017649,8.696248196248195,6.951240344622697,44.19880952380952,103.85109126984126,80.8694092944093,1270.5135484866053,42.170657467532465,52.03681972789116,882.1789351851852,18.53409090909091,320.9031710848675,51.87800415958311,30.282738095238095,11.1831259018759,345.8564659755449,13.201139744328598,7.568948412698412,67.08511904761905,9.636904761904761,12.69645632145632,32.504629629629626,29.599445808820807,3.444444444444444,16.829216616716618,0.1388888888888889,229.01014389448986,0.625,814.1660603285603,58.82394781144781,423.8713961963962,1112.315769128164,61.008705020469726,355.65400317275316,51.73462301587301,25.51388888888889,5.152777777777778,32.37472943722943,14.383026695526695,111.32336030371744,44.866911560661556,41.774091649091645,45.79220779220779,126.90515873015873,32.58730158730158,131.29452776059918,6.68584656084656,16.597306397306397,14.055555555555555,14.28603341103341,55.80895262145262,39.824074074074076,82.40374886357029,27.58425925925926,2.591269841269841,48.848911736411736,12.510893246187363,1077.1068875447165,77.74971648721649,27.544973544973544,217.14660131535132,40.508328436269615,93.88051393051393,29.724206349206348,90.05886243386243,204.75756465756464,545.1975791074005,123.70776677026677,72.84648869648869,13.558123249299719,123.829329004329,90.60118241546813,41.86403917433329,157.52615532615533,0.1388888888888889,27.813652340306753,0.20202020202020204,1582.4220238095238,29.484200902583254,6.008597883597883,0.47619047619047616,0.9027777777777778,126.03595999588646,6.786121286121286,176.6220191845192,32.48086191899962,5.179563492063492,72.43371813371813,186.39054275750703,1.3095238095238093,6.0845963064713064,11.29593253968254,34.94285714285714,27.927994227994226,4.733152958152958,265.0385459199424,120.38988095238095,16.743223211973213,381.17876475376477,155.4324688208617,12.444444444444445,7.627518315018315,0.8928571428571428,395.33977572135467,37.88135822510822,38.48452380952381,43.77253740411635,13.204365079365079,1.2314814814814814,13.610449735449734,32.091822991822994,2.9082491582491583,51.80939153439153,19.664772727272727,0.5,9.194444444444445,15.293345543345543,47.10863384300884,3.9573412698412698,10.028956881898058,11.160714285714285,26.607583157583157
180.82425791596236,15859.683870803363,5454.683939203528,776.0813492063492,400.20261437908493,3409.470808976688,2773.070638785817,149.508551716141,152.69168729181774,2220.4754562236703,999.8056818181818,271.5810296846011,53.031204906204906,998.8657738095238,205.39475122266396,1877.2052151526595,1800.4049575493134,1800.1805740886098,17.063492063492063,90.16745448179272,2178.9293487757773,270.46287768085773,45.27876984126984,223.44557948338436,982.2543343028578,1612.9360169112629,115.65575396825396,54.49867724867725,8.62962962962963,745.2964446943105,445.4917658730159,175.11812169312168,126.94047619047619,31.18167943167943,238.85659013605442,91.49563862063862,39.68819444444444,41.727659245516385,88.12339380196522,602.8168583135827,111.25209605209605,109.50694444444444,44.15705782312925,0.8333333333333333,460.8891127391127,112.53064373897706,311.51055194805195,58.116402116402114,32.65056022408964,86.95280612244898,177.94768518518518,871.3753117913832,5.217261904761904,47.96296296296296,0.625,30.2281746031746,36.99007936507936,44.5625,9.844954648526077,5.833333333333333,21.252525252525253,7.895833333333333,3029.908998321551,1514.3239100243827,3166.7183527706275,858.1437594482237,3768.840259601273,3954.4363774783415,765.96521839863,500.0042758167758,1745.134058100029,4571.275954667026,591.6964285714286,2367.3023779461278,7929.071932801472,21.274801587301585,2623.9271256521256,1383.1009598866742,16.506493506493506,0.9375,5.847222222222222,51.21230158730159,158.722033984534,53.15277777777777,1652.184899643487,58.12625466853408,108.55059523809524,98.42261904761904,18.734126984126984,272.1768819143819,56.37713438951829,13.333333333333332,73.49107142857143,394.8128117913832,36.63789682539682,22.764880952380953,5.491071428571428,8.784965034965035,41.297619047619044,3.333333333333333,123.77083333333333,21.875,66.56349206349206,677.5386904761905,123.0596225864083,2.0,721.7430389055389,12.979166666666666,174.7686177248677,2435.6252742627744,74.12822693179835,9.586507936507935,0.0,0.625,0.0,22.805555555555554,1.0714285714285712,6.845238095238095,42.982142857142854,23.448412698412696,20.56200396825397,185.54940991548133,138.47916666666666,10.722222222222221,27.140873015873016,22.72222222222222,13.069444444444445,8.620748299319727,27.765873015873016,3.6507936507936507,36.296398046398046,27.59424603174603,28.538766788766786,3.5902777777777777,0.0,1092.472143399735,0.8333333333333333,24.08423520923521,6.333333333333333,93.71392167978303,59.31051587301587,1.4166666666666665,43.4013476077399,32.776477072310406,978.4070028846814,4.631944444444445,95.6871693121693,43.229166666666664,8.166666666666666,209.21494431105776,85.79761904761905,91.7954931972789,6.055555555555555,12.770833333333332,5.333333333333333,210.95250600240095,23.44319950202303,9.027777777777779,0.0,0.0,129.98346149065688,1.6904761904761902,6.142857142857142,6.944444444444445,9.444444444444445,27.743055555555557,116.0023606023606,115.90277777777777,0.8333333333333333,16.878968253968253,22.73091736694678,15.664777021919878,1.1111111111111112,85.3561507936508,27.119472789115644,0.0,66.52116402116401,21.64859693877551,16.211026077097507,3.6111111111111107,0.3571428571428571,273.51930685055686,8.180440357961366,5.287698412698413,0.5555555555555556,18.444444444444443,4.317460317460317,0.0,22.82638888888889,7.619047619047619,81.625,2.265873015873016,0.0,17.920020786092213,0.0,32.11148573648573,0.9047619047619047,3.5317460317460316,0.0,1.15625
27601.112304083137,127954.36343294808,23981.975518594158,1744.4510789698459,5405.57902459208,23657.638411580552,9855.491168840665,1024.1831377356623,797.1144542458281,3825.2901041781743,4503.445622622668,3414.779282387023,168.52036429833865,4062.271150439028,8650.88548447852,7242.260711028042,10360.530824420348,7737.950667693804,669.5759829387731,608.1119237078154,5210.540762746343,2635.6585054181946,830.4684740028267,1139.3493697538654,9824.292042583525,3985.1885500751723,108.5121815904554,1031.6599111589571,916.7056635630165,42417.44058326373,2107.41930102704,6277.999090581388,1427.7149472138506,792.0393104383045,4437.588117900965,2193.310062726651,1183.813742255493,57.9760932150638,55.51387177637177,1085.346193935028,1099.5237477316418,74.81859746004483,61.55407776603428,163.96581467960144,830.8322085088319,889.062243202806,1748.159211817673,426.2370028939733,501.32013965649446,147.61289895289895,681.3583858877436,748.0051903516079,465.7095636326507,79.19994650638033,474.70560591280696,27.590980234362586,304.90357485971407,26.69818221901555,51.7629185221097,357.7853451675168,128.92854195403675,689.4572129635241,7971.520028534564,4085.443967333948,6704.748164603295,4477.4270318503395,22654.779907360564,8887.654846174615,8257.439673886434,1395.9223650448284,1088.5065479475368,30776.726101854267,3809.1358263082216,7776.330050358787,29097.518421481975,1100.7218309920918,11361.629838234518,654.1285408287921,9689.723006927772,332.5423471085109,209.33483414733413,410.7257487850945,679.8155374425894,389.59219583380974,730.7157576518046,592.3186714484058,159.10772215646608,342.27198971454845,148.1777567083251,2219.6444881158027,292.0289744006923,470.47147801211247,2543.8448699029664,57.316962005429495,98.19590470445733,539.8990964518728,235.3550550756433,60.449580280830276,63.011184500484035,191.7188159063159,150.51505495063932,144.71281265031266,232.14601811965534,844.6230722746683,227.3966079168399,248.31769798358397,3024.892138196774,1481.9532146968565,519.237652150481,1157.0987605067291,254.18661744936253,723.0013981817199,458.30283946789365,301.7219376445217,43.11821087862754,135.81867859809037,129.2843626393291,287.8726159418497,346.2027350607966,821.9369668436188,152.76666211874544,1070.4178318074603,137.58040024465464,259.01580375092277,74.86812678062678,27.916259666259666,1207.7467032124923,353.66040205306064,114.87928772007719,688.0510291413842,179.08397268581092,390.0737309272497,56.5823529146865,142.51587196916145,344.8435218130246,71.79693362193362,485.48390899224233,136.73346123673505,149.58562436241007,41.50055938213833,44.51105299021965,36.9891070227693,1285.371163151122,589.1545998500683,110.54169672919673,386.2676914391535,203.93419034669034,70.53348665223665,519.7284545610877,2859.8470479940247,2689.236412150083,155.65730198387493,480.9234000126857,526.7853186337617,70.61225090269208,59.15206668331668,60.44854173604173,570.8320542474954,124.25093912143537,179.61109327180756,41.19072248573178,239.62588689451434,496.6277193666899,98.37650946822228,478.29188910576295,214.06316415066414,87.76490407740407,107.8466625966626,607.1165748018768,82.9490311135564,37.60397494196159,12.326868171511029,3618.2424945298585,53.40661854151276,51.54341029341029,204.07045933874087,49.78066378066378,861.0748214239893,14.605413713966346,310.7763236037746,59.595458046407416,64.94865319865319,733.5622382980509,280.50700803825805,404.9139368612124,23.43173506776448,26.732473544973544,156.8436272721987,38.854497354497354,41.20674970393015,49.92528058361391,8.135344208260875,150.79505994651342,26.327155483405484,556.7892341033995,282.28295083327976,3494.8654915397283,191.2862827220153,207.90848965848966,471.6862901563684
6908.420255000277,28373.262669540392,7431.588140618803,502.9991574060096,1309.5363825201287,5505.699839902152,2275.593296155332,261.8740605799429,231.91508825310873,1180.0965539751653,1633.2962627096692,631.5367341358879,18.88203463203463,1474.6664248446812,1787.7027516007063,2175.1551443258145,1975.1763430240546,3956.860864684064,189.815971312465,741.1876262139419,2416.774761132287,1297.4649263629615,222.95335362092328,221.6702953908836,1761.7584948695328,847.5972218003051,70.22266451204807,181.98530473412035,112.92857142857142,4578.820963186559,514.2309349147584,1197.6885083833024,245.05982832956516,206.93134588722822,593.2513466710448,271.48519238114824,190.1665709591406,40.436868686868685,28.347763347763347,414.23382173382174,398.0898054997866,90.28509504271699,30.07784780578898,35.65301365301365,1213.0117639710036,337.7100677100677,739.9576292238963,174.10813795869174,134.32905982905982,129.4468708612544,522.7767063468033,730.706224543934,108.45905483405483,38.89606227106227,104.84788250964722,22.66865079365079,105.34628237259815,22.61080586080586,36.75732600732601,34.8745004995005,73.1010656010656,67.9795586833258,2347.238692836067,3417.9470317156797,1414.645668066024,1468.1156181388567,9502.627514787495,3616.8670531951184,3615.669715245779,565.7399503482426,1027.2166043213763,6165.104113293363,829.2580066923323,1968.8546841891698,7318.431596099205,231.1132931396089,2699.7575275800104,265.34743939635246,899.2033729115361,55.2209595959596,16.075396825396822,159.90864690864692,188.8467180967181,275.70086885794086,950.258614071114,185.27211721969786,48.93762939958592,544.8622417604917,76.2080088743507,693.281407638227,146.694638129875,29.057350057350057,493.2256437519595,143.6076146076146,20.007936507936506,130.3956671388441,74.46296296296296,24.282738095238095,27.758292633292633,3.0555555555555554,24.849664224664224,57.86411103516367,189.53917619289126,237.3130370587267,178.06250693750692,40.94660894660895,3187.8195095285837,131.6967457272764,354.36142506730744,521.0381293543059,235.11328993587057,152.5505883005883,115.58631061920535,49.83382140735082,17.833333333333332,73.455938697318,18.390262515262513,38.08558802308802,105.29570082695082,46.4781746031746,219.39114303654182,378.5499466287137,169.48527100918403,67.23293210057916,45.05357142857142,15.706349206349206,48.37990196078431,115.30434842934842,213.66955266955267,99.01304397357029,30.416000666000667,100.80871212121212,70.88028883548394,54.18979266347687,86.63059163059162,225.7955377955378,137.49030136530135,199.93468698760213,24.746031746031743,68.95824845089551,60.92925824175824,36.823565323565326,380.5730941997011,430.79948670467246,100.12175324675324,79.85629892982834,52.70833333333333,34.00595238095238,123.17534263122498,391.7516052260645,494.6366004356589,150.0748741998742,70.23051948051948,131.87211726182315,5.909090909090909,74.47100122100122,23.294517982017982,151.3139083139083,6.873737373737374,25.126082251082252,175.3690927128427,20.86111111111111,34.98412698412698,22.444444444444443,156.63482350982352,171.2034632034632,66.56222943722943,58.83333333333333,21.45871623503202,32.22630147630147,30.813701531443467,15.898148148148147,266.92766955266956,42.976190476190474,14.487484737484737,24.363095238095237,6.25,253.52895715395715,7.950396825396825,106.35189320483438,2.5,60.12121212121212,170.58225108225108,27.00036075036075,58.33509998856299,34.10703842940685,24.91058941058941,21.049783549783548,9.437950937950937,20.621794871794872,30.123015873015873,17.096320346320347,19.658730158730158,21.24621212121212,54.61219336219336,39.409263441872135,139.13509732249057,54.444108669108665,16.342105263157894,62.38015493278651
315.2114039543357,8175.204179780007,1944.9051263237325,59.15094194370435,489.2928490014887,3349.7837147682717,1381.4609448553363,2.3335275835275833,8.520302341993519,210.81204989851145,251.16969431258647,42.42157945611893,23.661813941419204,118.44012262440947,479.8669412652191,181.4951726187402,252.560011561474,811.8089312693365,103.74371693121692,15.129726754726754,369.9233248738637,42.774240683064214,18.841490299823633,96.31965811965811,239.47450276817452,94.99104128895796,4.107142857142857,15.495681605975722,13.172222222222222,3337.415574661869,41.44691363919305,873.0277338096394,57.99324668405973,52.862252612130064,78.75848177163967,89.5983335413074,48.858054562907164,8.583333333333332,0.8333333333333333,42.066035816035814,69.46174802822098,9.166666666666666,1.90018315018315,3.467504409171076,36.01785714285714,212.50769774207274,80.19215321715322,8.333333333333332,7.694444444444444,9.70238095238095,56.187214868464864,48.58910533910534,6.797757961765054,7.346759721759721,2.367063492063492,1.0138888888888888,22.66729998396665,3.9384920634920633,1.4078282828282829,4.874458874458874,12.278490028490028,2.638888888888889,626.7995317191528,284.6798610977809,496.2641657347292,887.8963540096958,782.8462903102445,365.6040230357481,199.2170189694693,25.45726125726126,321.26693302690865,1771.6204236783974,132.3429884626115,461.715500068964,1564.0820055272675,29.083709114959113,964.4549382671786,14.818903197192672,245.2872182988034,4.343110912076429,8.185185185185185,33.2921850204672,22.985284391534393,4.9029621747013055,46.05095598845599,10.792280636030636,2.3684343434343433,17.523809523809522,3.6666666666666665,83.66814182173225,8.292250233426705,5.267857142857143,211.83592529628845,11.333333333333332,1.2142857142857142,1.5909090909090908,20.63018463018463,0.1388888888888889,1.1666666666666665,2.576488095238095,11.658249158249157,0.7692307692307692,3.708333333333333,19.339506172839506,10.2236790986791,4.117063492063492,47.44612413730061,709.7314404321789,77.03644226144226,156.94021164021163,3.224206349206349,290.61091433363106,25.31156806156806,18.278860028860027,0.6086309523809523,2.2182539682539684,2.7253295905256687,19.6023228314895,2.153152403152403,19.918033587769308,1.6666666666666665,31.321983571983573,0.9895833333333333,0.9382716049382716,1.2962962962962963,1.0416666666666665,106.73789230760116,5.220899470899471,9.39208553791887,45.77588444675428,23.48060643060643,20.13425925925926,1.54265873015873,25.195702445702445,1.324074074074074,9.998148148148148,4.3686868686868685,1.617063492063492,0.17857142857142855,2.8749999999999996,0.693958818958819,4.75462962962963,6.14672096908939,7.484818884818885,7.19047619047619,4.400793650793651,2.4166666666666665,2.4107142857142856,9.386243386243386,109.9731699830384,53.15983991641886,4.547008547008547,26.00116164699498,14.712948815889993,2.5,0.25,26.163780663780663,42.40247715247715,1.3148148148148149,77.2708152958153,1.04235347985348,0.8333333333333333,20.877136752136753,2.767857142857143,23.543430335097,7.446428571428571,4.6726190476190474,1.0,9.565705141728534,0.4820261437908496,0.0,2.0634920634920633,70.86425625028566,3.333333333333333,0.0,8.23384717134717,2.195165945165945,17.209073334073334,2.2222222222222223,21.353084415584416,0.5882352941176471,10.829365079365079,30.70053560954296,4.166666666666666,3.409507159507159,0.0,7.638888888888888,6.916666666666667,0.0,0.0,0.20202020202020204,0.0,6.936507936507937,0.0,2.9597668413457887,10.445938456967868,148.47980855000978,3.844047619047619,0.18518518518518517,28.828792966292966
316.3926291000594,7144.986449580702,1469.2669605526269,438.6252093011478,425.3966512381953,1783.022169679258,1794.7296669508146,47.24098124098124,100.10791446208113,577.2394018462903,440.5238018925519,295.5479788019447,14.691558441558442,424.54178807303805,709.7977592080138,747.2741588797501,601.9673426678651,900.3975953706023,29.381944444444443,23.069357971674904,409.4481398231398,269.3932754514596,29.35648148148148,120.2940416065416,902.9364328686597,311.0941431253931,12.521329365079364,84.86902009024686,30.688522126022125,2499.1438006405165,140.96527777777777,224.4066358428837,90.36176203024029,41.14025673400673,123.08651996151995,234.95216153672035,255.0972163049369,2.9166666666666665,3.2698412698412698,165.3133267195767,90.65326895326895,3.5224519632414366,42.051677489177486,4.699404761904762,173.3337409458733,99.86349853849853,252.6653439153439,47.156974969474966,97.19249037999037,18.489583333333332,73.08694083694084,31.931650525400524,15.175264550264549,18.49371693121693,17.884704184704184,3.310185185185185,15.208333333333334,0.9047619047619047,3.214285714285714,13.573646125116714,17.06134259259259,49.65242763772176,853.9375465149459,199.05311030815062,578.2685816337575,623.6434096268655,1162.079989163822,1025.4004063066564,410.4803799319464,62.520174270174266,21.86255411255411,1678.3446647550363,233.3010611570394,924.3989511645761,1518.6568323839351,29.023809523809522,642.0539778345884,36.77409681463474,269.4553895787448,29.873544973544973,2.8077755577755577,65.49191317941317,12.373096348096347,44.460317460317455,65.41395294520294,50.97796319570513,15.726686507936508,3.8472222222222223,3.087121212121212,301.14528348563675,17.350694444444443,3.545429666119321,174.45852873977873,4.365079365079365,133.43551587301587,65.53222676016793,18.660724896019012,1.4186507936507935,2.020833333333333,5.3125,2.9444444444444446,42.19810744810745,11.690972222222221,15.527777777777779,4.51984126984127,8.430190058479532,670.00235176458,45.92291736041736,18.672348484848484,39.886290244842876,29.367953805453805,37.02876984126984,21.635638240901397,36.115470177970174,2.7797619047619047,2.4965277777777777,3.4974747474747474,77.87219357439945,8.666666666666666,24.5,3.272982804232804,72.01289682539682,5.572649572649572,16.59722222222222,4.8044363044363045,1.253968253968254,46.85813492063492,25.126984126984127,28.8502886002886,59.4602793040293,21.122904872904872,9.86473822071648,6.5056022408963585,14.956679894179894,41.07924836601307,0.0,19.32323232323232,1.0,1.845238095238095,5.166666666666667,4.892857142857142,1.6388888888888888,18.48936117294751,99.79641164935282,2.5347222222222223,6.746031746031746,27.34648569023569,14.172619047619047,29.134780789386053,164.0023342382467,67.81024125410566,8.561620397146712,30.941017316017316,48.14808802308802,14.519586894586894,2.6944444444444446,1.5625,22.996534715284714,1.3333333333333333,22.23051948051948,5.469696969696969,13.908730158730158,6.886642156862745,17.01190476190476,77.16011894442958,4.378246753246753,2.04040404040404,6.958333333333333,12.333994708994709,0.5555555555555556,4.5092592592592595,12.226190476190476,85.0535378972879,4.3639686337054755,19.852182539682538,17.833694083694084,0.0,32.34136002886003,1.556394993894994,9.410286336756924,2.121212121212121,4.416666666666666,43.91156664686076,21.00717338217338,5.705367549117549,5.8882275132275135,0.7142857142857142,5.833333333333333,0.992063492063492,4.047847985347985,18.020833333333332,2.4545454545454546,4.416666666666666,10.19047619047619,20.246562850729518,20.211459836459834,51.440959367429954,11.572542653425007,7.331349206349206,15.578523328523328
2383.708246192505,11678.531191246073,3391.5660795957006,863.8910293418653,1225.8721668362434,3729.4076995171326,2744.6957052599814,284.4465969054548,165.11938578137807,1072.7209156449571,724.0682543287493,375.21723606500285,89.97098773971263,693.6108166990516,901.6547778720397,1722.685722384493,841.8716491409198,1396.1018519074373,108.85311314308163,101.27705094612989,689.1004724973387,573.4927274229013,131.89681189945546,678.7740580103052,596.9349800307626,667.43349904954,20.269179894179892,44.97715167548501,17.808455433455432,2402.5104942015455,87.44012198119341,647.0323892957502,124.36290614601188,66.52530648363981,140.0956482243247,119.60783777445192,372.62084227436117,19.727169655741083,2.0535714285714284,356.92463341386934,75.40179958929959,25.391495078995078,11.433917933917934,5.791396103896104,355.523552273286,765.6750834489736,495.51938761129935,98.91807535687566,40.10586581100753,11.652604617604617,225.61250685926439,292.7480084086757,7.8620996936786405,20.23253262940763,70.77645502645503,20.54040439974024,105.50937818794961,23.714726631393297,33.24864024864025,10.982859810590902,18.072797022201783,21.170033670033668,1712.5930082149216,1003.9967680202425,741.8563299809983,2970.4488350552942,4148.397399136229,1546.5962179529147,518.2654655025766,269.8831895413078,610.9076268308411,4097.453302850938,921.7022121728843,1773.9376408310593,3111.643238674203,78.69482105196391,1901.4228804314716,142.96922537468754,165.09372106959063,199.28311902720165,23.79388072245215,95.35431344254873,50.822991822991824,403.5936615182488,207.99222203872597,43.662385863845394,38.90086763463956,136.8437160722875,40.469076101180256,527.1691686846974,84.98761711615747,6.6269841269841265,141.59569431094872,20.64309296593131,27.28738206238206,35.19658586552083,100.2204080154738,12.571937321937321,1.7807539682539681,0.0,78.39735124171399,4.861111111111112,13.22985347985348,16.39021164021164,35.59819116069116,18.4312018999519,495.40686038775027,232.45864577141498,33.85691391941392,123.91355249688583,32.74583102083102,220.13924799329212,97.60013645839885,8.856421356421356,2.619047619047619,6.091325341325341,7.427683427683427,162.53711936211937,124.25590853648129,10.987709821043154,99.75983245820203,16.831439393939394,33.30306734193289,265.10947254776033,10.681558080367605,2.171092796092796,36.35896527414384,42.5630431601545,61.21013493781351,38.226689976689975,7.351587301587301,790.7101929335304,5.618551587301587,94.09378340957288,15.078126734376735,6.465118215118215,276.52180910788366,27.083680208680207,32.24636329279186,8.682208994708995,23.752790859933715,3.4814814814814814,159.99040402016192,608.7821433006878,115.3556272936525,131.38461027021123,28.656954448446044,1.25,263.41340206491134,72.16068191937552,56.04090575286227,97.4252039210754,2.291666666666667,587.0910908214756,2.7121212121212124,209.91809008208844,10.160588309397832,134.6136433011433,9.557720057720058,20.233261183261185,33.150765034648806,2.7751723585056918,56.22997835497836,30.940251718268957,59.80799755799755,69.85353840642706,16.891150516150518,0.0,19.65988506963739,16.640614015614016,6.9261294261294255,3.3428030303030303,88.80702249819898,23.972275114192406,10.418614718614718,23.465060470575175,2.8703703703703702,224.81656632840844,7.086276818419675,28.929635179635177,0.625,13.21164021164021,199.120454409425,0.0,42.877112362945695,14.984249381570809,15.821789321789321,6.083333333333333,8.874907720145815,4.663522984951556,20.96825396825397,7.2807068401523285,5.056547619047619,2.981646825396825,15.26581807081807,36.00738902398566,100.12224910166087,4.578384578384578,11.799422799422798,88.6272635198622
243.43714156214156,32606.720620223387,15113.141273563888,940.8726774200458,918.107434912582,7811.526968824438,5611.120925377678,182.58869439527334,215.190532324456,4138.243070399959,3475.366496119621,1423.0922460864688,9.803571428571427,1821.0691791673935,1331.5034582386008,1742.1708669855107,1772.647001576753,5810.176605645795,92.40337301587302,499.94405086238066,4677.738381996386,395.07167425204125,432.5075837742504,558.2131929918075,7940.555004394416,3488.9130510448554,221.7254769003908,24.447751322751323,26.12202380952381,1786.3070479923915,621.3010750052416,334.61356016668515,81.95667311847652,62.492261904761904,300.81018518518516,339.8577728390746,202.55991787300943,70.0782862970363,84.79100066600067,1001.1910695528361,254.39856346684078,147.1417869167869,117.76904761904761,38.71320346320346,810.9339794464794,174.9095481452099,706.4097433981362,84.35912698412697,79.17587287440229,261.7029521404521,628.5989237370816,663.0168655296944,15.819113756613756,95.69911545426251,9.086392773892774,79.90297189194247,59.59047619047619,42.859848484848484,4.087752525252525,34.54502442002442,38.016788766788764,21.28472222222222,3965.1446900971364,2707.518328490252,5202.921671656645,2195.220555819453,13862.133220447491,2987.5978915233945,4081.3193943294223,645.6419837515425,6621.466837954747,4552.644596657622,1820.627353506111,3378.4845653372768,10867.700755087124,19.24129045557617,2846.887436973036,1531.7557081878676,61.01485088985089,8.180555555555555,19.39236111111111,129.65482202982201,166.66596158471157,118.96756715506714,2598.8918763372376,108.76178804855275,76.00702174809318,273.2371031746032,44.48015873015873,1132.8077863769827,84.56358225108225,48.65016233766234,52.27476851851851,547.1767177267177,31.526112919301774,56.358531746031744,18.754960317460316,39.046932234432234,25.785561660561658,24.0,95.91280652218153,0.8630952380952381,57.14628427128427,66.80555555555556,238.007477872861,2.5,1119.8420225607724,24.16934223184223,756.4448634698634,3090.9709244637497,105.00611772486772,181.89700692825693,45.182539682539684,10.32093253968254,0.7083333333333333,30.416666666666664,5.625,77.12100399600399,10.522065897065897,31.871392496392495,34.67973785473785,252.35010128760126,60.80772977022977,151.20561457826494,28.03042328042328,15.628787878787879,62.83567821067821,38.90070611577964,45.070341695341696,18.537518037518037,262.3993861919282,70.73412698412699,23.529761904761905,36.28406111861994,9.774962510256628,3295.279253903516,42.09642857142857,39.20403439153439,40.61565055315055,100.6260582010582,68.3193426943427,53.647817460317455,138.79339215444156,125.94423285048285,1470.7660712633926,17.83882783882784,137.43863035113034,37.64336589336589,149.47160062160063,243.4614894695252,152.73843170718172,111.9051053113553,0.5,40.39554317514844,2.103174603174603,357.94435425685424,120.40376698464934,3.8026094276094273,1.0069444444444444,0.625,166.80340316682228,2.449074074074074,566.6820934356648,17.396254471786172,517.5028617216117,85.37191743441743,265.4227591522234,25.05952380952381,0.8333333333333333,18.761904761904763,134.80646397447867,26.338900034021982,6.017676767676767,209.71985101190927,70.27678571428571,9.005731110994269,228.64487842458226,112.21852882567168,42.64649470899471,5.840773809523809,1.4583333333333333,487.8532983694289,4.75462962962963,24.171031746031744,76.23966472124367,35.15277777777778,10.0,7.862433862433862,65.07638888888889,1.9907407407407405,90.88214285714285,10.892195767195767,3.0555555555555554,14.305250305250304,17.48313492063492,128.87006707800344,0.0,4.796296296296296,6.7407407407407405,96.1119227994228
158.91351024300585,4086.7042862192466,837.9401953617704,53.119567180325696,364.2631703944204,1626.541965579427,695.0596172346172,38.05944749694749,17.828703703703702,588.4116935337911,338.2058940998086,66.60813492063492,18.796992481203006,168.66997354497354,508.00989846210433,124.3860636277303,432.5994415536082,482.29041363048714,19.99426961926962,28.78174603174603,490.1234496984497,46.35966810966811,9.472222222222221,36.398809523809526,371.2458483237895,256.095991045991,12.250330687830688,22.38087457205104,5.111111111111111,1256.3350497032561,122.97871572871573,676.4141790957581,104.72222222222221,57.76013407888408,80.61111111111111,47.79100529100529,21.022727272727273,9.875,0.8333333333333333,97.59854728604728,57.92672258297258,4.893939393939394,3.9285714285714284,6.078373015873016,35.22069597069597,58.87566137566137,104.42903120844296,6.5,6.194444444444445,5.0065386002886,36.15376984126984,38.843297905797904,19.815934065934066,17.50595238095238,3.8333333333333335,1.6666666666666665,7.261904761904761,4.444444444444445,11.25,8.777777777777779,24.613756613756614,16.38095238095238,362.4577598327598,254.37856852142565,263.44009870848106,261.51032763532766,596.7247679073402,700.6434210630639,141.68384254634253,45.848454785954786,174.26057324741535,1090.2955503094208,149.6732345754085,342.84112184112183,404.2681326162944,12.564248251748252,358.3529942279942,36.669903926482874,74.98148148148148,12.3125,6.087301587301587,11.290032679738562,116.65343915343915,2.889957264957265,70.75,31.41137566137566,0.41666666666666663,8.431547619047619,15.13888888888889,80.25459879626546,25.97222222222222,11.78352490421456,95.86759393928511,6.773148148148148,12.0,6.898148148148148,16.398809523809522,0.7638888888888888,0.0,53.23015873015873,4.252136752136752,1.5625,5.476190476190476,219.33333333333331,6.731481481481481,6.342592592592593,94.69584582084582,102.85679271708683,375.0816798941799,305.2616883116883,12.722804972804973,36.673611111111114,12.854166666666666,80.95386904761905,7.416666666666666,0.0,18.006944444444443,18.994949494949495,21.958333333333332,203.859126984127,0.38461538461538464,220.88839285714286,3.020833333333333,5.75,7.111111111111111,5.601851851851851,101.72267316017316,50.666666666666664,3.8392857142857144,9.90079365079365,8.666666666666666,14.171626984126984,24.46759259259259,8.333333333333332,8.231481481481481,6.666666666666666,9.365079365079364,0.8333333333333333,1.25,0.0,11.166666666666666,2.8935185185185186,12.541666666666666,34.168447293447294,7.833333333333334,24.444444444444443,5.363095238095237,4.4523809523809526,10.416666666666666,78.66970899470898,34.19354256854257,4.416666666666666,15.082799145299145,19.253968253968253,1.9444444444444444,0.0,20.51382645132645,216.90954184704185,1.25,27.68145743145743,0.625,4.814814814814815,2.9166666666666665,2.5,28.953042328042326,14.08974358974359,5.780122655122655,28.583333333333332,4.613095238095238,2.1785714285714284,1.9791666666666665,0.47619047619047616,78.9927886927887,8.75,1.6666666666666665,1.976190476190476,12.722222222222221,96.26050685425685,0.0,5.5,0.41666666666666663,6.458333333333333,12.814258658008658,21.041666666666664,0.0,1.4583333333333333,0.2777777777777778,9.666666666666666,3.9166666666666665,0.0,9.166666666666666,4.916666666666666,0.2777777777777778,5.0,2.7891414141414144,0.0,47.222451159951156,0.0,1.5,24.333333333333332
1772.553581182606,21515.92681315785,8640.324672312452,688.5585751582767,1321.4981309805714,7506.253065728267,7251.84758921299,315.90015850551566,379.32022073786777,2557.761646072481,2430.266870432895,636.3738886113886,73.34465146124629,1384.3885354206432,1438.536468928245,2056.0146087047874,3278.8682317136004,2367.388392793185,581.2625773036488,388.21015466015467,3737.623521559311,1226.389674908425,340.7097552910053,403.6854407166907,3906.082597566385,1415.0536292080935,159.1218025030525,216.2005291005291,161.47197148090004,2921.728545613027,1142.419604932105,1656.1987152832546,699.6710985773485,405.6941264753765,1469.1408715623002,348.62437269520603,626.2263548510572,119.35795223295223,110.37422482488272,432.4763281012785,240.86708152958153,120.83592402967402,172.72730972730972,77.15277777777777,709.954783000797,380.16763193758806,866.8943753006253,435.81880850630847,216.1732727920228,267.9732142857143,1026.7180817363853,747.3545400480745,205.42960682395204,142.8321158008658,70.55475519850519,91.61626984126984,457.31328224650593,107.3912037037037,101.57182539682539,92.86078042328042,231.30226156119014,472.1097762576929,3722.522628784215,2336.4528353793703,3888.3432152317678,1956.9854585064406,5940.389632010583,8418.776908277623,1406.199571109933,716.1836600568744,1300.3441024172384,8400.422820397602,1238.970057100288,2317.390736242853,7372.9245745591825,201.5177626606198,4599.96177217006,646.0612212964767,112.85954184704184,106.79675925925926,71.81011904761904,335.27685185185186,924.1354497354497,183.30856481481482,1293.2436106442058,377.61248855311356,83.01998857623857,276.1727436914937,194.40121452621452,802.0193104349354,263.7549633237133,98.45449735449735,769.5621204486283,321.6863425925926,308.755291005291,236.94119665057164,120.75816286110404,53.80812243312243,61.823996913580245,221.09126984126982,111.60882635882635,165.55902777777777,235.11226336494192,4255.592165704666,263.845233171203,41.5,1486.7489573894393,349.5122381273697,807.4021129812078,2183.0969787157287,250.94241168689697,137.3878968253968,43.38702731092437,149.02610403902696,49.220238095238095,58.32756132756133,36.388888888888886,78.54910714285714,282.7604821104821,1795.5058997715248,308.3947068389986,1542.3834265271764,160.54339919339918,34.35218253968254,71.96395502645503,125.83349867724867,429.1550505050505,159.2435515873016,99.88736772486773,113.31057599807599,178.8471560846561,508.30224867724866,175.59232804232803,189.6942791005291,207.55169268562125,384.16666666666663,68.16782407407408,123.00155238530819,41.233333333333334,126.16939033189033,197.42184135309134,45.333763227513224,185.9665114977615,341.9841059403559,461.66815476190476,112.30186287477954,71.28289442039441,39.01851851851852,188.71287792894935,462.0803383037364,530.6926152551152,142.00468443593442,46.098848572062856,147.36162243257832,91.54861111111111,102.00648148148147,87.67668650793651,363.522421637005,28.5,16.75324074074074,66.15198412698413,26.274801587301585,63.88640873015873,65.3829365079365,41.61590608465608,213.51982947607948,332.31136803011805,451.9398148148148,167.09832451499116,100.7420634920635,70.14960317460317,64.87356241641956,387.61769896769897,45.248710317460315,81.86056998556998,201.84237213403878,143.33630952380952,264.0997685185185,29.23611111111111,27.832010582010582,13.844576719576718,461.9015211640212,186.23987586487587,132.57073713323712,7.2519841269841265,51.616898148148145,44.62466931216931,23.962915721844293,65.45998677248677,40.06362433862434,35.20463564213564,41.23154623154623,123.01835317460318,57.38343253968254,28.657076719576718,217.21223544973543,67.07464826839826,37.87739112739113,16.34722222222222,33.63690476190476
52.270244107744105,2328.2726986979887,50.855339105339105,104.21108309291083,320.84989778739777,842.7973884581027,191.58514328808445,0.625,0.5,145.68973235370294,42.37165612165612,33.64973914973915,0.5,194.2401996151996,398.78907435157436,145.69809935434935,304.5779845154845,59.520683020683016,11.238095238095237,74.12361712361712,33.86958874458875,263.3150774749846,14.884920634920634,15.054924242424242,47.083333333333336,54.26743757450279,2.0238095238095237,26.363095238095237,3.634920634920635,66.77678571428571,192.90630730208903,5.591991341991342,35.09525197025197,12.200396825396824,177.0595238095238,12.182681405895691,352.33893648296845,1.3214285714285712,15.336721611721611,21.49621212121212,43.7795399045399,3.386904761904762,0.9523809523809523,6.181547619047619,325.1261701261701,91.87955794205794,53.015241702741704,22.16641414141414,69.46317571317572,0.8994708994708993,190.00291177076892,460.51452912167196,1.125,0.6944444444444444,53.24900793650794,2.6587301587301586,0.3571428571428571,1.770923520923521,12.5625,10.416666666666666,4.404761904761905,0.3571428571428571,37.544094794094796,156.7820485070485,439.2691798941799,460.3094579354254,2913.2788959068644,313.7838564213564,73.75718401968402,27.73421717171717,55.37368697478991,760.4921789663637,42.43869047619047,200.943214401861,62.394704258515,0.7417582417582418,438.0473595848596,140.89227994227994,0.7083333333333333,83.50130629174747,3.8484848484848486,20.101190476190474,40.30808080808081,17.539682539682538,42.25066137566137,22.72222222222222,11.314484126984127,146.86904761904762,5.228174603174603,193.26090239125952,6.622023809523809,0.0,0.0,0.0,5.616822991822992,14.44047619047619,7.813492063492064,0.0,1.0606060606060606,1.5833333333333333,4.301587301587301,6.4523809523809526,5.3069444444444445,2.821428571428571,153.1545375920376,1.7658730158730158,521.4296720436427,0.0,1.1666666666666665,0.0,24.61528517778518,2.5,2.0902777777777777,0.3125,7.357142857142857,5.0,0.0,4.103174603174603,2.1904761904761902,0.5787037037037037,12.198863636363637,0.0,15.424145299145298,47.69264069264069,6.832341269841269,1.25,0.0,0.7738095238095237,9.75,0.0,0.0,0.0,3.333333333333333,0.0,17.93287037037037,0.5,0.8333333333333333,91.98183020683021,0.4464285714285714,1.607142857142857,11.859848484848484,1.0,0.0,52.89378676878677,0.0,0.0,1.826923076923077,1.7857142857142856,3.3106060606060606,0.0,0.0,27.48841885238944,0.0,0.0,2.571428571428571,0.0,10.512896825396824,0.0,44.654761904761905,3.133786848072562,0.0,2.0377492877492878,1.25,32.361548174048174,0.0,0.3571428571428571,0.0,0.0,0.15625,15.853185786235322,7.375,0.0,2.0109126984126986,6.794642857142858,1.2152777777777777,0.6818181818181819,0.0,58.871390183890185,2.9217171717171717,0.0,0.0,0.0,17.935876623376622,0.0,7.823405760905761,0.625,0.0,0.0,0.2272727272727273,12.479166666666666,0.0,2.380952380952381,0.0,0.3125,12.11111111111111,0.0,0.2272727272727273,0.0,14.667658730158731,0.625
