13893.18222958349,602822.9638749571,35420.66265483057,32933.720230374616,52796.531466209744,82713.5971491879,55872.508306225885,3896.0074004062076,23145.141527752163,30290.931181899014,11484.976250937525,75494.87819925732,38980.7345609054,805.9767271201438,1950.0396842552236,76.58420068915758,1022.838559878231,91485.6566671567,16615.10029345143,56113.98892169883,4536.918893366006,828.2369249000743,264337.8889203765,36732.387671271616,3778.059451623268,15226.681743680785,1093.9460146441736,1425.975208629288,6754.464155841676,14559.572503481892,13261.861576481126,59443.70494127417,995.064886840802,84810.14044182721,12274.869706424606,46082.0650427525,6123.601931011505,552.8491925182922,7382.045846203957,57197.83299265247,123.43852813852814,4049.9167574869252,4481.680623371113,472.1512735401853,277.84402614379087,60102.06128086628,104337.8101814853,1309.050742393694,1320.7137235113548,3360.9696689559596,175485.04559261267,152613.9027013264,24588.907451049894,349.879912698547,2617.7926938687656,207044.72012409064,37646.18079406473,79551.55277518494,62785.14057321127,21386.261065299062,9958.295129079612,2309.169650021819,1156.9607943515953,2092.953400650029,1852.6823045860147,2830.080549091692,4619.941292016885,13827.445949413233,13858.604982451943,7142.748634873721,14460.021239530384,18194.121612107498,12110.290029757562,56852.38379685759,43187.715637724126,9243.24623085607,1818.7420297606361,3600.803456564492,2430.424724350529,2232.8168763321955,6425.338665004864,4748.790565963036,4138.393527673307,33137.7446185855,1241.0611186036185,7174.556392116035,3763.2879110288204,2076.825902579334,2915.8282448814803,191926.24795941706,4218.50041409736,15573.048105855598,29119.711805113733,3515.4179141522186,3232.35055019317,21577.091970690493,15178.594741977004,7467.867380311687,269.94502164502165,2918.246058639998,172.5148171534348,3339.5390025724687,2844.4749501223487,1421.205437772636,11573.934639725632,618.2817558585206,948.0435535542888,4211.349608230757,334.3151738473167,2251.393124754522,2842.117418862002,205.27596577399208,1435.3299880708262,4042.755180270119,157263.19707860678,75992.81711005089,23215.24688991086,73913.59104185077,9321.933926938797,1683.3677255823156,422238.86695966194,140692.77429418496,6817.923651531289,32239.318557050534,70553.18736189089,38438.689489161516,15111.08558290343,125727.13541137527,125562.37395144616,16346.488434204817,1532.3564916221712,88108.57609963512,6878.519052738699,1821.1810524850966,185.2993727786375,2152.6654934199973,114.0463761174968,1075.427079455632,8115.8118833946555,7341.648686696956,603.3932187439754,371.7473984835827,156.291163003663,1155.3321636163687,300.72992222646633,1779.8493049666836,2055.619426488016,3505.557650062452,1687.2116730989435,28488.09321533032,205.3356105006105,235.5066176352383,20794.031245218954,884.7590024885245,2319.4234480357595,5560.964642462988,726.4989282939283,645.977793753332,4244.740360720238,13696.532768101766,13233.77651556505,9053.760656706554,41.9231746031746,39918.94356938639,1291.9332246374197,3303.676992726555,3504.271239289422,2828.702139493756,1351.5859654750134,30947.632226422407,2436.2998805162556,847.6806213378402,501.829700205536,675.3916302806389,27.091991341991342,435.1215411927254,671.3818010277269,43555.60469125992,79.69988352290984,3230.7471271275535,609.0636687168667,408.0769916855631,1637.9551441057838,82.20621482683983,4115.610860562149,362.8717573696145,829.3193323996265,960.4566660323803,2545.74654969165,2432.7100911079274,1874.4191443927998,2849.3593474985078,3927.6398564653196,327.4626839396236,2845.6091488122056,180.22253398648135,1074.8913877788877,96.57333333333332,2734.6115601514966,667.6260525489688
880.0777995642701,71256.07955757537,3564.092827099062,3448.0061776841776,6269.44867753206,4878.475145571839,13041.609536709342,10060.598643505982,1276.6530134680136,1174.3788059488058,791.0607142857143,6112.670563815504,1533.5936195001827,1254.161216914589,678.7405982905983,134.925,324.3814814814815,21670.46553556272,6323.067709419067,2448.1945012967512,486.4859853109853,151.6,1915.219038257768,800.076748661312,1141.2911884411885,494.0321643071643,452.9508333333333,502.3853846153846,6836.640196801069,1755.1271246246247,5654.422226245331,4524.615049611823,129.44444444444446,7116.933148459991,976.1517094017094,5559.542055662725,400.38888888888886,87.75,1049.4841725654226,2760.6485091718223,10783.073521557271,306.0955710955711,726.6123239260739,198.20960637560637,159.71923076923076,4022.6844011393528,1556.644769027269,493.6810606060606,103.70595238095238,126.89333333333333,11637.792015863355,30515.408052648883,7069.213188196918,98.79116666666667,554.0398313492063,26712.862679945778,4015.9009507894066,5890.714121888638,5912.124978932085,636.5342063492063,2215.813978978979,22.0,640.361712700382,137.14801587301588,158.04783950617283,228.5,1832.1933944658945,5585.0635640092,532.8098412698413,492.54354497354495,734.4690295815295,1932.442957957958,1607.3193875502009,1387.878416955917,2130.333467452799,211.14583333333334,191.1861111111111,362.0827380952381,392.60793650793653,106.36666666666666,158.3063492063492,485.407722007722,917.4958333333333,1875.0454646097387,477.80833333333334,67.48018018018018,643.2831782945736,151.96132478632478,1156.6209566709567,1206.989713064713,319.6928571428571,753.151507936508,9884.434719883071,456.59999999999997,519.6843554593554,104.1,885.60509009009,1673.7265586419753,196.39654896832317,345.2708333333333,96.5,211.28573573573573,479.0231961363357,106.7030303030303,1275.3594862719863,993.338492063492,213.90832855582855,2122.307245567998,324.0472222222222,150.4,739.0696246246246,58.45833333333333,992.7976154079096,241.71153846153845,19680.32312968892,6265.866136921737,3238.4812827405567,4269.9200819550815,1631.3853968253968,843.1283689428851,16008.94834773617,7832.702336732336,969.1879761904762,12422.982174084198,7940.892813492573,17107.72142863236,3201.894718861802,29137.470276900476,24767.961209453926,357.0503389103389,992.0248015873016,8366.831844648368,2217.250042711981,16.25,156.6,414.12392857142856,7.412,130.9580128205128,486.4634126984127,799.8978951678952,21.933333333333334,205.59,500.6613472784525,430.14771292029354,72.4,237.95138888888889,178.91666666666666,437.9194444444444,938.9419444444444,82.37777777777778,11.0,263.55765765765767,281.32107142857143,151.6730930930931,111.66666666666666,481.08444444444444,3168.476501317142,38.71886486486486,743.8412698412699,1298.609126984127,1387.8628672699456,239.75185185185185,58.285714285714285,310.25694444444446,181.83730158730157,64.7,218.77777777777777,146.48824786324786,25.05,906.5040417890418,98.48,165.05166666666668,75.06666666666666,19.0,21.65,610.9373333333333,479.6397727272727,678.5041891891892,38.16025641025641,215.3101851851852,73.56,78.11619047619047,9.603896103896105,0.0,233.02428940568475,111.69916666666667,21.333333333333332,374.4578378378378,23.0,124.63888888888889,51.583333333333336,640.6,74.4326923076923,169.21416433239963,219.175,20.02,12.11111111111111,155.5746336996337,614.2150900900901,135.8563888888889
1668.735030119428,374750.9627759626,54464.50406237826,7997.242902710035,21074.803349544,18732.075031109704,16875.66033188054,2797.647165256778,1294.3099412350587,3449.7602837289546,6848.956474304221,28935.42448412758,6424.728837732605,1482.551704223615,781.9574255513813,103.63656355664469,4991.630507335871,32132.38668381669,12781.207353861215,7245.281957857906,3769.3042490657003,1074.0117714564244,40312.36747705753,5794.125790869877,1581.4271032877296,1601.7810692273563,1751.3045356448874,3085.348523977955,5621.7714235434605,5529.513424290386,3097.901106461127,14855.435113819673,486.7832550599105,22994.7485778064,2456.359730661523,5062.5340162552575,899.941596079677,294.36143018326925,3031.6468220345714,8966.86029916444,411.88871095530163,463.24039285164537,1546.487365836622,322.15297159462074,162.82776840806252,4470.834589139837,8318.44878786998,272.507648753363,263.7457660468187,330.689748247083,37968.3436617947,100301.51938631822,8797.953877700293,8801.581107870037,1271.6653088596977,110809.52786793877,8704.147259291327,31733.953759819808,15076.726531512733,3637.1922667363106,5760.8806971870845,212.6698082010582,513.5179870695194,374.7739134851994,167.7832086400994,725.7772795274228,972.7557336904504,1917.7185763038703,7224.153312287367,1306.6433246543393,1752.6974907747247,1707.6608678842094,652.3937363260527,10346.16193451012,6640.434972452392,4126.693302589043,503.35612958124614,509.4399274926861,323.44281117669703,864.154990902817,1362.5160852408458,671.9480980188804,1544.4912040428267,2618.3011174618846,174.1988568457686,1888.923694116545,677.6845784240994,161.42901136916296,882.1303947215005,16084.14479343287,208.57767468909168,576.9311577439024,65357.0806647709,398.29954015276144,366.4768769457735,1263.3917410015877,2097.3104546631585,1143.0639400648156,117.29593005034182,691.2120732960256,199.36448798633674,1082.2110315214297,856.8667348008122,1375.7939767395098,2020.8782555378075,860.7826764096735,871.7815698562513,601.6711864223349,544.1444589199316,270.8933187924314,397.9842391055101,352.0654425092359,486.55311522143984,1337.8829890249324,80009.30476668573,15080.513719018518,4950.339558695648,21802.618163545052,2201.9543633551543,785.2240741854843,123374.58960332446,29158.98141423879,3198.9766159657156,19977.168174607796,24236.01226323272,16646.0752561976,12353.061725202,77480.41143209793,38122.83276080006,1084.8895843428668,242.81786006522324,30195.700308273015,1080.172993934604,243.65461386652564,148.37242689361892,2897.987257943295,423.8354601401153,195.01019288055824,514.1966340532914,988.2699911515869,1395.559798727993,978.8033724514834,154.1312044817927,169.85006112023353,536.3886722431955,1900.2966053233545,266.07703754464205,623.4361574585563,780.9120964335809,1881.030613084652,77.3089613623227,199.56546365511883,1050.5813613457035,92.63437189172483,188.1671447071447,1330.5677536067744,535.4307855472177,232.5956243435599,421.03296626596546,1358.0181774430146,1423.4788619925173,1726.9541658131272,60.98546856193915,2875.586542338845,1247.4710624395138,1317.5310743431244,2134.6841780732466,1595.8767941019075,810.6544887383551,3657.730161178274,211.22066149846322,1515.2800113495625,2171.1263589408886,1909.0107154055122,63.019642857142856,886.213175491135,1914.3670636372083,8714.104573174924,26.32019621883841,166.54951677640753,2411.269016708432,187.13708465152442,1099.6532617606981,364.90856051078697,274.20630311137666,1711.2073774697878,98.14390756302521,74.20674736721611,303.70917550946285,223.24932100952438,241.51375601911315,669.5422612670458,145.1275479428675,20.380405035577446,223.77531602384542,490.76152248078716,799.6915422290679,75.70495543672014,467.2353407476647,3011.159267353689
67.35555555555555,52568.84058276833,638.368269969278,718.5846289127539,2739.072981671107,1325.9538886766827,3946.470260485658,11828.357258168387,66.85178571428571,217.36805555555554,749.6087768440709,11875.550970542063,589.2911324786324,4111.168565862242,1089.5493425147838,113.35553266178266,8232.258679672723,11233.741536119946,5825.095475427351,852.228811050061,277.60297619047617,79.48253968253968,2080.256762820513,273.840625,3582.285687052599,72.49166666666666,2153.4867434852727,1293.4508418299536,5560.220622439566,851.5662962962963,727.2844511388566,4909.556132368244,43.68333333333334,2554.1709033613447,630.1222222222223,2504.188702038702,431.4798611111111,15.666666666666666,3089.6268144437263,2364.047591195569,638.4992965367965,32.725,1033.0245494864612,308.02129629629627,1414.7178330835259,675.7159243422349,932.9112118437118,207.80897817460317,184.23875,35.270833333333336,12412.977617376675,17266.491239202478,1200.973728123728,10.32,286.8901599702381,14049.906730492456,1422.8154613519196,4188.280651481881,4412.017671133332,128.7747222222222,1024.8689407814409,24.523809523809522,1290.6040900810658,512.2055555555555,50.91893939393939,593.9614583333333,229.53675213675214,15567.871026963867,465.6328854016354,3645.8355438842204,53.891666666666666,198.03720833333333,20.583333333333332,1891.0996856418005,5341.884165317397,64.49094291125542,229.0242673992674,519.9854575163398,295.8955128205128,132.52420634920634,44.05,315.41290293040294,32.71388888888889,1519.0277663308914,76.325,27.57222222222222,519.681746031746,725.1249322493225,111.18327991452992,3075.854515904632,105.3,215.93194444444444,2577.0025570104845,174.16547619047617,28.835714285714285,28.795833333333334,149.0897222222222,219.46821428571428,1249.655841503268,33.583333333333336,607.5531750275868,2585.0384202670966,1222.080377923581,135.93194444444444,32.68888888888889,147.47314814814814,1601.9666042147853,81.15416666666667,620.4995634920634,16.880059523809525,110.18784722222222,739.5817129629629,504.90316697191696,4196.37371031746,20172.50470361309,5117.573236542023,476.8106962481962,806.5942409442409,136.28690476190476,54.193333333333335,8850.076715607163,6191.350909331682,779.7545238095238,1805.665509423855,1281.86401232293,9748.874233826904,1260.2745856676004,9284.508889397639,19131.209717535872,85.28125,203.10625,11882.541350444457,2232.676338752347,7.314814814814815,345.322619047619,375.5078472222222,153.5,97.33333333333333,19.947222222222223,462.12549019607843,33.3,90.33011904761905,6612.193289368154,63.80138888888889,289.11041666666665,55.0,25.38095238095238,895.8003944312768,261.30555555555554,144.77786706349207,184.459623015873,2983.2296523053665,221.66271875416834,106.17958333333334,95.32777777777778,120.46714285714286,30436.222531981944,105.89965277777777,45.06041666666667,24.365535714285713,91.43333333333332,463.3263888888889,16.02857142857143,893.3872013199219,10.39337606837607,119.875,18.10590277777778,1.0208333333333333,259.71,606.1541621572871,46.13055555555556,6.441666666666666,43.94047619047619,445.21284722222225,5.916666666666666,1532.5363979646086,166.33333333333331,209.83311449579833,25.333333333333332,9.1875,0.0,5.944444444444445,2.6592261904761907,179.47460317460317,93.91666666666666,20.333333333333332,0.928,232.20238095238096,3.8,84.21111111111111,13.767857142857142,8.966666666666667,25.34722222222222,169.4488782051282,100.82638888888889,39.94642857142857,28.765625,2263.0291666666667,39.09074074074074,13.076923076923077
842.1101610084535,103349.48898467653,3567.4207303899097,2695.512095745885,17604.02919067043,6387.003593370643,10020.283416299106,9225.823602487437,441.98246180614086,374.26535980359506,2981.838444722009,34365.76501352121,2116.494733147493,1247.712289354961,567.1814787233602,26.8502664002664,151.57294601949775,9830.243887551876,3739.1111844508996,1992.7652791837972,1383.7398452578934,31.403966927070375,11625.726176251506,1069.237395007908,223.33901722723223,549.2910722920258,239.86255461807082,447.7020202020202,1770.8672690497488,3298.749406117658,514.3255807669768,15885.957071220453,110.2089242175449,5825.990344953552,1388.2429732959451,2895.3889788002334,779.2875577473418,100.13787878787878,4429.186527811242,3774.8805593952984,118.8894809438927,235.40055320496498,789.4852808139573,223.26458079783637,76.92222222222222,3018.964581640299,2777.982050251375,311.80532724226083,214.2530429538375,419.26523167472243,25165.156044136074,53540.337422697354,3912.2649274550386,151.0248933768092,90.39518696807583,76813.17365033898,4883.911571669758,18956.432800904524,9934.172803470683,2688.407944398582,895.8576661708598,422.35278628192907,1256.622024354321,250.7403422247361,75.87169703559155,186.9508454122091,373.7015023622985,1964.119420389394,1514.282106447748,3017.1860919764194,515.68104503798,989.3804706411273,49.687148972221564,7997.762162181226,13997.398955818695,558.4616361758459,335.7034376542997,653.7461487487557,315.257985670842,73.68181818181819,48.61882694541231,706.6013415655043,270.57091684320585,8074.042252843091,166.04176942723836,97.59289525691699,471.2603848384632,97.94325188700189,286.2946479065597,8300.978802080186,232.68984075424237,212.94072932021385,9301.496926879583,392.15534236160505,369.39283678546576,458.6226508480572,77.9215367965368,1010.8419401298241,275.3804760835387,300.25796935520617,117.6844595274007,3059.504035735796,961.9046852238837,405.9239515343618,437.0679529356152,180.21313046199617,139.42329468776836,256.9997848781683,120.7553690874343,161.61918054168055,327.9752846554014,113.98843229776045,1101.401088318297,800.1420863590995,36888.34358492332,6573.838810602129,2833.923658537409,5002.712529010911,1594.6227502638035,313.29887955182073,39197.809682620646,20690.504284360984,617.7353746274138,8169.7520061804835,7422.160321754457,11130.93168454467,10275.22255302924,24486.35891542732,38911.08794083282,1195.0261330800263,416.22170854279267,11863.843632570792,1138.5521280590915,16.42280701754386,128.80350352262116,1540.7200214857955,1.857142857142857,125.93675169460496,630.6386602199461,171.55223396973395,330.63054353054355,56.884740259740255,1.0823529411764705,248.51574175877502,702.1177323255282,428.35964074625065,72.40251156889087,694.3852794658328,168.02618289740138,116.0750333000333,2.4285714285714284,1418.67861598056,60.70089490968801,135.14041946615475,173.94268016297428,562.9237299296376,81.40176357899482,73.02700501253132,38.66802134646962,825.9232484705964,372.7516768743042,685.2724301347206,10.1890756302521,878.9209204060987,612.8342958955144,62.84477380582115,7337.657352772211,629.4422057212553,180.16868444089272,2189.107871827731,352.86592851592854,310.0393884667064,33.486590038314176,2086.8805364302157,138.22222222222223,6143.863299167306,95.3191788887441,1292.1011060125063,1.1818181818181819,10.614647804302976,331.31078212937734,81.43852813852814,245.64842871226907,53.98669600415924,142.88606597585047,566.3275498684322,26.70816539782057,137.24621951577834,5.428571428571428,286.0363770946975,93.36742803123803,106.330076988063,219.55954113539252,0.0,166.83047875185096,51.76398014266435,2.333333333333333,31.31269841269841,195.55488969807854,36.40084033613445
2919.1514113293592,229848.59212725662,17455.00076308424,10166.512359800585,27000.997878643655,20700.933655974248,24638.122738979426,13103.218448387932,1684.8545569963517,1816.6565271070056,8895.256808966567,67707.55544705546,9232.334099820951,3439.352526179176,1201.3181788601835,52.31292735042735,865.3759227353887,25463.341040202245,6067.492511261943,5895.195478079521,2718.8894250490375,504.37271159119473,24650.442094492355,2992.1560696665038,740.3690125288655,2006.872165562172,364.6143528715781,747.0557844676779,2024.9936200826792,10936.956471835934,1407.2372310123735,23791.62236422364,164.3991883116883,23738.471683395408,1052.2998870883514,4769.615974934938,1958.6821037711286,211.37701465201465,7367.738198784496,10700.73902472448,289.88197317388494,447.70126405003856,1845.3972294090668,95.63804855275444,159.44733893557424,7100.361636961441,6578.059435156551,541.6811056798877,246.19759128644253,1933.2086988096755,43141.436257593625,93158.10265596419,18064.02513903667,918.1496792751085,780.2458254964044,113547.29215805694,13735.984908988592,37041.48058594277,16280.63880428728,5040.785838422348,3516.831165823909,301.246028971029,3071.553459140762,804.1240350529849,184.05943855462414,706.143701320466,982.8477849849301,1440.3459199895965,2595.7538122307005,3050.763195145068,2867.6755152212736,2140.6182179106895,220.01771247653346,11756.081157889186,18731.702497814662,4021.0980103821917,315.7927109981522,518.5877440065052,560.2842862419849,56.1770535020535,216.72966909173215,1125.9956612066853,1637.3626927107048,9960.57250005653,180.4851760683417,824.976426602498,646.168266786724,82.8487456987457,545.6934733729981,17701.576377476616,268.7459935595905,669.0888990736244,26315.77309405641,1119.314080637644,1286.8932737731714,1617.6057075796668,187.8839120799835,2239.4729406086853,370.71136302294195,1427.640312715387,334.4404451795236,3726.019249103732,1619.4925780073613,965.8191133198326,2254.366371449263,501.76445114728506,446.3471694971695,674.8339729120976,272.90372495151905,204.0629398819875,1286.3202609350824,118.14749172396232,4221.754103433929,1639.3791824052853,66819.11806353506,23512.519640002567,10611.565563845994,14412.541142646729,1115.5766484076808,660.1946385640503,93990.07187887648,42516.45413422941,958.5266571268838,13378.558699244417,20489.16478322965,25938.612646802114,24175.06591603539,63797.21840918862,53789.751490895906,2082.75082014009,856.1980921654717,29724.986437908687,896.2703407346389,111.72992719354949,106.50795157663633,1220.471059957748,2.4285714285714284,465.4778396762592,932.0115613276281,624.0913483037306,574.7872295143128,141.67946815089672,42.50070028011204,948.6052782103039,1427.7522646189689,798.7083205545745,239.921990710439,619.7335328307702,530.6753159137063,535.3994291422863,13.18469387755102,1752.7906551522176,290.57453139893613,553.40733100004,272.17215393538925,1993.6637216544846,550.0668498168498,62.67863247863247,77.02060208310208,3673.540829765227,1104.6850878469552,1274.1068923255848,28.421008403361345,1549.8508303687142,1647.9179378627907,205.59663384001618,5873.532397012403,5182.093015858492,1342.9640116470325,5411.782577594943,1048.2421945701358,1351.1313507317416,190.04911067193675,7475.958432708086,49.14285714285714,5703.536447802427,693.2781529460877,4889.615065813353,21.836904761904762,44.84539803100727,810.950964741269,77.94688235740867,1073.972296788023,101.78776396032588,357.7330809005809,1965.4740601862159,149.03333333333333,422.59361905233715,59.39682539682539,453.22504985729347,434.619844341518,940.5555585005361,388.68382251767923,34.28146853146853,328.8351862423291,116.17236097236098,56.41666666666666,12.583549783549783,1228.9792015517737,407.0515515297028
334.5100329209429,110188.55820805307,3179.828054221267,13654.229167285388,20892.46884706909,4639.906927432662,16109.737859472227,23617.363742092843,877.5120544552997,2055.4549998008165,1092.9410154385555,18207.181352596483,8147.085635423037,3715.2849209409032,430.22383719280316,63.86888888888889,2610.820079223826,30934.64811997918,11853.464905075802,2186.747192103464,769.7738331322786,133.40978989401404,6904.184029955248,813.7076180066152,1443.8227231367723,812.8301277020735,11156.898955334113,358.7914058164058,10769.381742857207,5449.439258424076,2488.593746796378,17149.099578949856,158.58795653580137,12027.299880536857,1217.4169915081893,5416.538445288103,2582.8175901243008,102.9703723155929,972.3809919998472,5501.3016947247925,533.5544277360067,770.9368031821979,378.49406677613575,187.66659931501334,432.89141419725786,1148.953386876637,8081.883493805709,1611.5826266181891,1570.8777313203632,915.1714356506486,21774.122605612443,43667.956851860494,14930.847634078034,334.11858083646877,245.77034135587735,65871.43230659771,4284.138063372282,29789.471790319203,14175.32991942446,885.0553985657943,2448.1073553729066,332.24259918343404,3497.8007257613494,664.0775581152865,487.53235385136475,319.7001857170187,1008.5358808299484,11732.844932766078,2892.39015482812,947.94535881804,185.9770509575441,693.3126259728551,637.8167568647791,4575.407826142185,28182.85746986369,84.698967091044,232.1449843260188,120.25208333333333,758.0241605117484,1373.96566700843,400.6684523809524,1420.8749365109286,2104.9190732982293,9906.967960033093,173.92528413182905,109.79365079365078,1475.0012232990955,317.92893242722187,352.5233924271463,8045.123980046444,896.5296781813561,748.2644561377319,10067.512784088862,5718.109710058528,333.31663080932475,383.75189314500113,525.5330879959639,563.2859271382479,424.86954113012416,89.45612638994992,147.1261433011433,8519.146790952855,3501.40902019567,114.05748619196895,339.2333216686095,1183.7252582572562,305.54493734335836,242.2749995142896,210.14614583333332,505.29020562770563,1228.6591859619214,69.1972197342887,5289.78927512644,2414.5245448391092,43178.246735332636,9702.274122685552,5362.701784097754,6392.597398277241,980.3591440723019,50.034285714285716,37079.850415035005,9637.430934031347,6496.500834364175,12323.459836310964,14271.407702293463,26517.611127425193,13055.059315996647,51847.79658362491,38959.90583053226,295.75299021706587,654.6261408681647,43422.25878143831,6117.773797451032,1.7543859649122806,845.7558004860637,121.42545466229677,79.61063082750583,509.4776214465359,354.7903691540412,356.9579062043756,36.49285714285714,162.23511904761904,460.48201017249005,827.6033425877913,1282.310921457928,139.296977124183,119.74461655652105,644.1010369450356,335.6797630509884,455.9521751653213,77.42928571428571,2436.549127693342,374.4726775575285,712.4049249386092,472.276847303351,328.8808688431284,5398.070347648544,56.00341478696741,143.87651492236338,688.2687280439866,467.70019957482526,253.466515351012,79.74886877828054,2107.6877893066585,148.10858275711217,519.7829365079365,226.0269123835934,96.58473754013681,41.06449917898193,454.51686772902633,704.5561985846971,67.95221674876846,60.39224137931034,3496.924514340438,43.52380952380952,11107.642249392047,137.24064009661836,726.0727122385364,0.0,216.54473468153142,78.96583169152828,87.37038497217068,41.542931780862816,108.025,574.4140301684931,146.96556776556776,26.5257183908046,367.56669372294374,53.647619047619045,204.27207626744334,215.8952312534209,40.73229560316675,327.18701864369433,590.7681892902351,76.6406175274988,14.825,25.0,438.54202297702295,258.9189232551075,224.60252112966398
259.96428571428567,17818.517996203915,419.50131285978057,959.1950587606838,2326.858569388128,121.62369819722761,1928.2678008197165,3927.1245456095844,29.629365079365076,165.16877289377288,169.27292429792428,5012.754716867958,667.5446805645335,491.69961538461536,165.725,30.641666666666666,647.5684533984534,3116.6924183806964,254.6763431013431,315.31496482353623,98.04444444444444,33.30099206349206,1500.2845044340252,298.6453035060178,994.8002238502238,81.9047619047619,321.2507298257298,255.6353785103785,1357.2939886039885,575.4298577123157,327.80181827431824,1003.1173886291696,43.52083333333333,2570.822155823868,30.099206349206348,263.2566085766086,233.9330280830281,14.375510204081632,125.36666666666667,816.4623504530017,52.06818181818182,17.479166666666668,168.22069597069594,1.798474945533769,273.7046296296296,289.16395067745873,686.4632159530479,63.58551587301587,86.16357142857143,343.99999999999994,3064.728848059158,7346.387330707337,697.3039889032536,122.10666666666667,140.56325263278387,6255.4486036535045,173.61475093533917,1771.5089069700518,2262.003738161154,170.46230158730157,139.39102564102564,142.07445887445886,485.959374218971,127.07738095238095,4.805555555555555,64.42638888888888,9.270833333333332,1249.690084506137,61.160125588697014,220.55461538461537,57.519841269841265,102.21937973137973,43.9793956043956,711.1278716648602,2490.2272583868503,5.713541666666667,9.833333333333332,6.555555555555555,77.44442355889724,71.22777777777777,0.3333333333333333,97.12499551102492,10.016666666666666,551.4392147884795,14.019423558897243,66.88718820861678,67.64166666666667,100.7420634920635,11.686274509803921,1084.5903945862165,4.238095238095238,55.69841269841269,1220.5851528633987,25.318417366946775,99.66165674603174,165.0021978021978,20.12238095238095,49.6043956043956,10.952380952380953,20.95191409897292,53.14508547008547,976.664708658716,135.391157736939,22.388888888888886,32.54642857142857,4.95,45.04514245014245,111.54232804232804,14.527777777777777,42.42281746031746,34.44600840336134,81.43172568172568,257.99487601214577,94.66675824175825,4971.283976885974,1611.478998528561,174.11652236652236,343.32566137566135,20.357142857142854,2.32,5814.28880809375,1204.484520136726,482.7490659340659,1143.8076085434172,1671.8738887435316,5027.389195210733,562.7309407096171,6702.348825868425,5621.513684229857,31.432598039215684,82.7298245614035,6725.28121542035,189.9186376646054,20.476190476190474,15.333333333333332,0.0,22.333333333333332,73.14965277777777,13.759803921568627,75.78967356173239,11.6,0.0,524.7197598697599,6.142857142857142,19.633333333333333,91.0,9.668498168498168,30.586894586894587,33.15693681318681,53.89246031746031,18.138888888888886,307.9016448801743,141.9320634920635,14.450980392156863,17.666666666666664,67.01166666666667,4101.766745401271,15.357142857142856,15.119047619047617,107.49999999999999,75.69297052154194,8.94017094017094,5.191208791208791,352.8288493764577,0.0,7.666666666666666,0.0,13.4,68.09777777777778,126.26832664689807,159.0,0.0,1.6666666666666665,264.89980158730157,3.833333333333333,805.0890425305688,0.0,238.19220779220777,5.9,0.7407407407407408,4.466666666666667,0.0,0.0,0.0,185.63095238095238,0.0,1.072,158.28224206349205,3.4333333333333336,0.0,5.5625,0.0,28.25,278.5566239316239,0.0,2.533333333333333,7.0,48.97126068376068,4.238095238095238,0.0
8822.784374291286,198677.00382147104,2125.7156544027866,4120.70409035409,16376.465510184104,32391.899057357867,9591.939239907319,470.83518772893774,101.78186274509804,2089.1831701853885,4032.683410056719,1908.0116410550233,3135.3065704997284,77.24369747899159,176.25833333333333,77.0,1669.0541832894774,11148.652980699855,13417.062796416545,213.85,372.0684283309283,430.78484848484845,206.26785714285714,23.81666666666667,5772.272172565996,89.125,1717.8689192232512,2777.1791847041845,11886.33321726476,318.90236915861914,158.4234126984127,17505.5354043968,4716.1593025846705,16797.235701776775,8424.077647189411,453.40910364145657,31.333333333333332,2515.5942419182124,265.40272817460317,1749.2549077783917,33.51428571428571,118.75595238095238,79.07619047619048,6869.7589405420285,130.69047619047618,13.4,169.71964285714284,70.69047619047619,5.533333333333333,12.2,8764.253561438562,25937.808227428333,8610.032902609826,700.5969367669368,88.08333333333333,85200.176964565,6360.298401344479,12156.022680277969,3416.6648216085837,4525.392484598734,172.7293956043956,489.54054834054836,3.9529411764705884,15.85,6.0,55.7375,35.91547619047619,311.20209235209234,119.11666666666667,218.93035714285713,2573.5549148074147,33.32142857142857,12.3,222.53333333333333,278.1376616847205,6.777777777777777,212.8315268065268,188.275,9.571428571428571,12.03125,1099.8402776838734,334.0363095238095,1319.0788819513818,1746.6403153926683,19.0,396.9015996625923,26.5,26.238095238095237,38.5,392.3880952380952,16.1875,73.5,4728.905891066252,24.944444444444443,739.1428571428571,3.9090909090909096,2384.4759896612927,158.6734126984127,3204.335906862745,54.47758537758538,452.42321428571427,86.01785714285714,105.80681818181817,3916.8647588522585,75.35000000000001,927.5859668109667,8532.497790431245,78.19642857142857,57.218831168831166,17.425,80.03067226890757,6553.436861055611,21.958333333333332,133.62708333333333,42026.383761819256,11018.571529817063,8433.655350087458,2688.1156440781438,118.79459325396824,631.5669124856624,126581.10846727956,23543.42923340548,9784.735290516945,15403.05187220534,7926.005155650863,25496.036168016708,500.7180056871233,43675.22294428648,25764.85611924125,28.5,722.8529761904762,7740.405442519876,8671.601790663712,417.24207150873815,0.0,79.6026515151515,0.0,0.0,0.0,0.0,6145.482939691027,179.95,12.714285714285714,0.0,0.0,6220.191109271991,0.0,0.0,0.0,0.0,170.43035714285713,27.25,0.0,19.599999999999998,0.0,0.0,0.0,0.0,0.0,0.0,0.0,171.72142857142856,418.0766955266955,0.0,1233.8809418767507,582.4164583349409,770.7244928297011,151.55772005772005,984.4463564213564,0.0,92.58333333333333,211.4017857142857,3476.505957052207,954.9676901529842,142.48880952380952,472.6822309226721,414.4138888888889,0.0,59.653174603174605,0.0,68.16706349206349,1616.7382683492976,523.179816017316,2632.0614815921185,0.0,574.4442428486545,0.0,0.0,219.70837268791814,0.0,0.0,0.0,6.111111111111111,19.541666666666664,15.666666666666668,3483.1874609187107,124.66666666666666,0.0,0.0,210.38571428571427
2025.891050163287,229079.81585360062,1816.3732301241212,3330.9494754533926,35986.57650326951,4673.905331824126,19985.464584669233,11207.478238983684,1621.7639262297157,2327.603353314437,1338.1107110772489,6585.600769398008,3338.5261293004028,5306.26060416192,61.32727272727273,29.933333333333334,150.06487050960735,58529.79103892642,2467.6464562071915,6995.268049985043,1243.8775673400673,64.73927109305261,14933.19669931072,3504.7042934261367,126.28642921406079,647.7576053518778,118.48636363636363,270.87148268398266,234.9754072123267,1790.6351317597746,2442.87106865228,4526.7633652120185,822.4708090572752,8521.792154831384,711.7681457431457,3269.6844579176995,624.1496152315118,71.74761904761905,348.2328540507112,6980.198893360991,4.415584415584417,162.49213564213565,214.51944444444445,62.285714285714285,8.106060606060607,6910.434307080477,9985.79005492461,419.6382974123064,343.4136197136197,358.4704974984309,35082.47142453572,72578.59573450424,4045.1280574355515,0.9532163742690059,317.9904340396446,43008.7540771178,7801.420894335337,14954.863271346017,12935.667059570895,3410.0759743452854,2328.0512265512266,646.6797406297406,1374.0032011407916,277.57532230841053,161.1255772005772,597.7855455738915,632.4464285714286,14134.324484499439,3345.7659724288437,695.8472465846846,592.4210689286347,1062.5349833499833,1349.8858485780172,16516.715063402484,6955.273435704255,1443.9225490518254,31.84202456899825,81.33802308802308,443.4421052631579,19.872294372294373,272.7660313671537,510.9742175543312,4675.230594868095,9769.314774798853,134.78974567099567,219.58110639360638,764.0186688311688,449.1149892407787,344.8548692048692,11203.782389772698,161.64577922077922,769.2963348740391,6807.758273335244,439.7155788655789,132.36825396825395,402.023063973064,686.841341991342,525.0361111111112,742.6027777777778,928.2566446780733,21.778095238095236,6859.271752757047,2174.6722424221325,51.01785714285714,507.65463564213564,145.8939393939394,2.9595959595959593,665.0046729196729,115.6845238095238,35.893542568542564,590.043983465365,0.659919028340081,1801.770707070707,1419.4395354840092,81938.99887061797,7689.025662557826,2298.6066450194626,1855.5230994152046,1086.6966639180926,280.79847725374043,62940.01830397495,20857.905719711154,1120.7305819872647,26993.52090280736,29080.45621653568,25649.884489020224,6000.604993879251,31333.361380683305,20321.004910469816,570.5127830106401,887.1530033691798,32206.655188054774,1169.6810305435306,40.59722222222222,68.77395833333334,531.2903681406312,1.4230769230769231,230.08881352565564,648.1216909743696,962.4712121212121,45.3783979178716,67.2328947368421,8.0,125.76679894179894,878.9668831168831,326.14424603174604,701.1708250690125,496.8796035255594,120.11969974469974,1432.630148642896,31.023809523809522,211.4725036867894,1885.9888260212822,172.21016113516114,848.3820526695526,345.8243991479806,773.6777777777778,197.43706159337736,498.4703128353128,527.9933996558997,2808.062680022528,1656.782695024274,5.800000000000001,1305.8358210836782,8.801169590643275,36.17716640085061,196.00666610078375,608.8964912280702,40.96644736842106,633.0498882744935,220.682967032967,30.580538150932885,1233.664880952381,1732.9708347208348,36.41904761904762,10210.533238263142,35.90225563909774,5639.086997325751,0.659919028340081,99.36916519694297,23.416617300827827,44.373051948051945,25.09283625730994,16.4,201.07871572871574,8393.303032986229,36.25160256410256,173.28030303030303,28.152380952380952,444.5988492063492,57.12986111111111,334.9623556998557,398.6900072150072,435.7707671957672,355.64262265512264,3.0,20.63095238095238,92.87121212121212,575.8987549157192,4.902255639097744
205.51104886399003,24521.566057085365,304.99167872704635,203.06975717637482,888.8927261946635,1113.4129769536019,1857.1552009809363,7975.691579161579,72.39835571835572,205.09831932773108,153.79957264957264,1543.4849734307086,267.4450244200244,1322.9161035789205,48.58833333333333,0.14285714285714285,561.8061904761905,11282.946123681959,1628.5185643060643,464.10265262515264,23.486764705882354,14.136622235100937,2335.4501227240444,242.7348488113194,340.41749084249085,6.276556776556776,238.6347041847042,254.49305555555554,1249.8521143671144,510.87993589743587,134.35162114845937,3064.4512785498814,17.32142857142857,1466.4116446264495,196.1300976800977,552.9749066293184,41.90407913165266,43.5,201.14249084249084,435.0901933850463,568.8570707070706,22.32234432234432,148.32111111111112,79.29166666666666,105.97222222222221,896.265421649429,635.5921591949482,52.935028370322485,88.76190476190476,72.98397435897436,4250.9521459821,14401.07448259118,2971.448799348799,68.70666666666666,73.86666666666667,7149.540963764034,485.6707459207459,3232.4447616334533,1718.9854668278022,113.63095238095238,160.242761527688,7.906722689075631,358.49954545454545,39.5,24.32502374169041,85.90049857549857,257.22301587301587,2477.041549324858,155.08866503866503,570.480721679135,6.9,113.66782051282051,195.35119047619048,383.1971269811343,930.2008455433455,237.2801282051282,71.32051282051282,173.22692307692307,57.51826923076923,33.362637362637365,4.288461538461538,64.4952668246786,1.5,255.25401404151404,59.1098901098901,57.54173060528559,140.67087912087914,59.91089743589744,34.42708333333333,583.9417774262201,0.4307692307692308,63.7437908496732,1066.0709264119093,185.79945054945054,4.111111111111111,21.076923076923077,22.69230769230769,62.53333333333333,300.02232142857144,9.928571428571427,87.8589010989011,669.1324698327987,99.31289543789543,6.066666666666666,75.99912375206492,43.938576007326006,120.37216117216117,23.190099715099716,26.47222222222222,1.4500000000000002,50.623911273911276,96.09444444444445,215.68311965811967,435.29738562091507,8309.231559259679,3609.337165097483,98.04774947274947,487.0858007733008,101.40265567765567,22.6,2371.177902737241,2640.485753035677,81.47229691876751,2188.788507550456,1007.2341464363524,7993.555159047019,1542.6647071791679,7262.662907147939,7002.209037869053,113.48952991452991,337.83882783882785,3766.223616204057,197.6279602496269,13.200000000000001,186.73459383753502,83.50834033613445,53.0,1.3333333333333333,76.36666666666666,98.23401206636501,2.9000000000000004,4.8533333333333335,4524.759793313412,30.882407407407406,70.65333333333334,0.0,41.9,196.56167851756086,17.733974358974358,285.1539612511671,6.775,144.13214285714287,133.17948448610213,47.56222455648926,123.06190476190476,1.4666666666666666,25882.701635314002,44.4375,20.96323529411765,32.99305555555556,138.95910364145658,77.88578551078551,0.5,246.73619416643757,18.875,19.8,23.25,0.0,0.0,236.48480362230362,0.0,1.4666666666666666,0.0,58.983333333333334,0.0,319.02537878787876,8.15,76.01541693600517,28.400000000000002,89.43,0.0,0.0,0.0,94.7452380952381,0.0,0.0,0.0,15.142857142857142,2.4571428571428573,51.016666666666666,0.8076923076923078,14.785714285714285,14.58653846153846,507.5492521367521,4.536809595633125,1.75,0.0,147.1783333333333,24.95897435897436,45.33333333333333
389.01745001030713,59741.9986443072,208.2996068368868,1758.1558685914044,8025.859706918916,3009.7077036931096,6209.109167511191,9313.99798165696,307.56926448317745,223.58636204481792,593.3223398957281,10419.614396582418,1318.1673399098268,688.8797118641448,445.59752673796794,17.222569444444442,864.1410105793329,9174.012562435695,1359.9979446914924,1522.6661593995882,587.22623710879,1.125,5103.777793045445,1107.6843474832137,1334.0179951992452,246.10034013605443,275.3452380952381,483.3506550740926,2145.1793157262905,2348.572626939019,195.4081485477318,6301.405281264382,45.176785714285714,3328.739612156874,980.3789254590725,1959.917434467312,852.7918121001844,12.736507936507936,1497.5542110765264,2073.53180024883,64.03928571428571,171.33247354497354,157.60267857142856,99.89666588857764,101.34156194885361,1043.114228728518,1393.4118376977242,453.0385660893145,225.99479291716685,280.4521727183492,10636.990303815845,38215.01933400145,8129.706201468543,7.706122448979591,114.75314056178026,35202.39213316175,1733.7329433241266,7279.74858999843,6019.274652843742,787.4293655201008,430.2426238929915,113.34789377289377,1426.9588754668534,177.6494658119658,133.71464752567692,23.21267361111111,892.0355438115416,1955.8313487256944,520.5862019428984,479.93650013002275,97.9870879120879,596.2428415973646,171.18388526093167,2753.422335035822,9680.958974995925,10.020202020202019,27.73015873015873,87.01140873015873,310.8228853383459,237.18055555555554,74.41938061938062,420.02330476803513,554.2279103617892,3746.7843277096395,83.15430426556587,17.11111111111111,1271.3105290508015,38.62276910764306,308.39647435897433,2595.692842060402,241.19272875816992,233.43260971055088,1978.069692311925,337.27593635939223,203.82359584859583,94.45072839741957,91.77780112044817,196.2201418951419,294.73782705333593,179.01648839360305,54.50791666666667,14379.317533511994,708.4647376216261,77.4657367432619,198.75667989417988,491.8940476190476,282.3861111111111,168.26001984126984,5.625,22.353125,1197.8084774460451,4.359375,1805.296988100796,354.00249474789916,17193.03263691192,6812.821392724274,1980.8598096814483,1899.4704165856933,574.8688969247986,64.39783691254279,22668.825628762406,11017.70263486197,1272.0820057321173,3648.811658091302,7249.198231229953,8074.636498876865,7843.690599432268,18626.21618372592,19398.672924858587,160.31918387304415,61.420159313725485,8508.412690052954,1501.59230930211,15.166666666666666,158.63228114478113,163.88873877401838,32.56515151515151,2.571428571428571,430.30440009337065,123.18330280830281,16.3875,74.86031746031746,68.78333333333333,71.75671992481203,1059.0681448214484,52.16887353027335,65.0047619047619,323.83217985431605,325.3074159967017,382.8041707339501,12.501339285714286,660.5937533470428,162.08184523809524,261.55270081770084,168.9515289449113,140.49603174603175,1670.7360714285714,109.48496240601504,85.2812237394958,198.07652708810795,771.6611881256413,590.7830616816104,7.542857142857143,706.7719693938182,105.5270473574045,0.0,990.4601673678691,140.56508198342874,123.5563939930039,786.2219197556304,118.83273809523808,160.23296087440826,4.644444444444445,1366.2550303203486,40.345238095238095,3686.9040081263765,8.625,859.1144623758595,31.800000000000004,78.97156084656085,15.936507936507937,44.312605042016806,70.09774436090225,26.477272727272727,28.973809523809525,31.37938596491228,67.87619047619047,133.9084656084656,0.0,97.01986663086286,28.409580498866212,7.0,41.601809056956114,88.23482142857142,219.8638985675571,4.916666666666666,1.4527529761904763,25.44,204.7398219717122,0.0
918.8167160805726,216723.46456188615,1981.096962238846,9788.340326777252,28228.850613262446,10650.568324131302,18636.54513327247,42639.70023905396,1032.271328482216,1131.013610127425,1981.9545375136825,38251.72333029494,7094.228093526789,4067.9009606027525,833.6683084816681,91.04506222943724,3235.9267302938706,50163.34843644203,7167.772739360738,3873.6607374130167,1964.1783323531781,232.84341332039608,14804.638606547782,1958.3408900422526,1722.8551335189113,812.864011318529,4207.11178849857,557.1339773811571,12385.124191699642,13187.093908233033,911.7064918768552,32042.074481302403,598.4946159417267,15034.332859280828,3223.7821071924423,11258.774362555921,3465.389785581453,81.80466322892794,3870.583908347107,5433.7804831581,436.4184176071138,485.3803656069633,618.9187528533031,204.46983853409006,990.8395146316102,2605.471839403561,6380.191503632162,2046.2259096256525,3555.348826051236,1269.5388023709695,34540.83459545984,104570.1971860291,28020.56118122887,373.8678497428497,501.0548979886674,110624.65141370405,7312.406709094433,39976.70206225969,26991.268476752655,1965.545942371363,984.3397317111833,687.647979212238,7533.0049280032445,371.22956264076004,531.838389632102,844.180789035295,2855.598347026522,11379.193341683831,4159.933241092781,2237.01914408323,515.9312547980792,1085.7357202886008,601.5491749600902,11391.706991306222,48757.154866399505,131.07799029715997,196.03715539269353,602.746346410571,1721.5563525822026,459.5162842274684,350.5667543994467,1489.3731995039172,2317.044697446233,19447.747179038914,496.71946337983155,89.90788313810373,3271.316678473081,240.690259115352,417.56973096348094,10629.585472823355,911.3236029014511,967.5744923788947,13240.536514679065,3632.0295990375703,609.6604443289788,646.9042058503013,568.6602986566155,622.9741659037162,1292.4545406623736,571.8411772537298,257.34447981069496,30293.29141893585,4986.258252687266,470.9674240806207,381.91995137146597,1394.2930201482368,583.5999753021889,511.88924076114176,414.9520299145299,222.23153614223466,1855.6411970555273,192.09027401477832,8285.265815341489,1908.6209076149341,78686.21738114145,21067.65014461509,7804.427850623575,12256.465547225707,1078.9317545904387,225.03317480776943,82195.17777905348,35131.099922469046,5531.324241836432,23508.886049848672,24345.339421761375,31248.163950829847,24404.510888572164,74731.33400219312,100019.92617283814,676.0140247193508,871.1604482875716,41198.53824307183,5377.487238267037,47.166666666666664,221.80851482911078,1632.6145895947343,204.7152665852666,735.1914909694708,605.9940870766169,310.22945929488077,310.37000662735954,362.852297979798,579.1538401484996,802.6955603460948,2294.0309233204284,241.35219299841148,395.94635964912277,1268.5636630116205,453.41511643758184,758.4947889185067,42.01979166666666,5881.516584338815,509.6564996346169,947.7228430168329,361.43132625458475,776.9971620600965,2540.7520548003577,31.045179235968707,263.20248591143456,260.99125844007057,774.5144090337609,661.0298545766269,11.55,3590.2838774082497,322.68851722973574,535.8352352304559,895.697580133818,498.9736726854524,254.89499465707806,1426.6245935969393,1084.4744937293099,263.1422560629964,154.00710211723143,5882.263274925724,109.90277777777777,42721.665914518926,38.147306397306394,3293.8423439747316,35.46805555555555,224.46219692411842,29.29934371184371,111.03066469011847,693.0773289745526,103.06760037348273,363.58987092400974,1601.1997171214725,28.411553963278102,575.0353485492523,25.359027777777776,258.4210765657474,193.38751112555235,307.67338406651163,341.66247409639436,265.8968636441267,366.612648158075,155.51898934398935,89.52447916666667,133.43820346320345,725.9216809160583,165.5381858881859
5876.65652270834,269362.34630292136,17361.274685629432,8876.599063002242,30542.300085025297,15924.330523221966,27565.49448244578,11654.46007642138,2883.6142643341636,4777.1822859597405,7858.642759895065,43683.90339409954,11315.761104671417,1530.8854956956502,4185.685272189684,195.61008597883597,3456.147820028555,49447.28792574522,7473.063688934537,15844.199319103855,2405.27816984274,302.801197524987,58330.157590894,12790.880117412684,8194.245865150095,2603.0847775806365,1229.5205081492581,3547.595044670743,4435.650009654281,7160.3001082521905,5405.351434942951,18929.126137216346,2087.686104497355,34099.20846126552,8354.356344523123,11764.843926620904,1814.4913084556504,646.5798443823517,4665.592550987786,23527.570433299577,417.6050172866349,2016.0787290732144,5190.6501869260355,313.0220324074074,478.8105249247847,14667.984873329317,23401.576071408606,1049.452937606554,658.5795160236936,1749.6063462338602,60568.95181242487,91187.88143790775,10599.556680556729,206.22945134575568,1631.9695681040093,79263.5861022411,13507.250218646292,37248.94319213308,29224.214882204124,6333.499301113375,3646.5099587667232,2897.188637747885,1362.0992007276866,696.1882324295788,527.887887186343,1171.8738160912512,2527.069064661975,8597.922076440105,5814.2301486575025,5044.835716580584,1911.3170663323483,6651.113103890234,4116.584125605124,35872.96688526892,27624.79262080988,2495.596533896387,1074.8905015344133,2275.0151017316016,916.6311929083988,733.6282777777777,2053.7151936673936,1185.2579899982452,3046.384718357798,11535.031772605953,749.8667935113561,2927.7387512219148,1772.6885122803467,1395.9275560127007,1924.1946283808784,41910.315534230125,855.6067972250851,3575.840747035685,21107.678682323443,2282.3930510286737,681.6859042482572,6348.600076574632,3221.292453583368,1401.9455436482144,2332.2041964313635,1001.97468217003,247.30724603174602,11651.991401664254,1144.0259460693042,716.1088211252685,4146.07040358627,1024.796103896104,1288.8454772079772,1427.8385257037435,709.9837267153238,260.9758693806194,1416.6531249605514,70.63541666666667,2374.965806559998,4152.4043405860275,78260.59428565859,24116.753490560153,5790.931445000104,13873.83402992445,5937.905048300789,1294.485143005143,125496.75078121241,49536.87238772898,2944.684273818223,24631.483482148273,32351.684985969205,27955.878625495665,14437.535111651841,72552.84268433474,66250.53484084265,3483.1845296573993,828.530660146286,47039.54335759933,2996.200002720333,251.74197191697192,459.12225214872274,2326.9425721282,73.85449284511785,427.5081287231287,1383.4413593882455,3755.151216582569,670.9536576617827,344.82727106227105,745.8186974789916,1046.498069169086,1193.8333834670232,1758.7314823994866,584.4855174032544,1562.524418266861,903.031310818183,6455.158307676632,88.36212301587301,921.8134371184372,7599.679450226293,751.9851049832608,793.9719884348456,722.7573309284157,9044.89327576072,934.5535761331892,2276.1369948392758,4121.100199855156,6082.287502465662,2787.5759774998824,57.463756613756615,7571.699236759072,1304.084000174662,557.243556998557,4118.2479837111205,1025.7856777481777,414.954657718013,6249.839077656761,554.3449857087357,950.3715285615943,92.29746031746032,3173.9725609477728,171.6063492063492,2619.0569231522404,278.82113997114,10368.462363968209,35.98174603174603,569.7619853693873,318.64556526094987,305.57487536428715,1017.6652541291296,101.2102870658753,910.6431012059835,745.898967051467,245.9647940947941,701.7687962962963,281.9682037037037,370.5308712735493,134.3763492063492,722.4757881334352,796.825511452972,655.4043042877602,907.3822149380059,100.80627747252747,148.9932644901395,172.02158496732025,527.813484626951,769.4072549019608
230.40071733821733,56789.9804810815,1311.4568225147173,1003.7887706591654,8078.5527021421985,5194.589263975761,3676.9863350560727,330.4191919191919,64.68313492063491,151.2367857142857,637.5221475283976,13341.584772456916,1396.8836657324157,328.12473304473303,558.734132996633,182.86666666666667,3485.682045915829,7868.341811938062,1577.8869688644688,2121.624206071706,3501.110756621546,118.01277056277057,3095.71176648849,418.3847686798297,702.0175721500722,929.8434749680144,553.1255844155844,592.3498403149139,1233.2354557479557,644.1251774728224,1305.9084312619116,2252.0450231875966,198.34280423280424,3290.1567753385243,525.8910764235765,6418.24764041514,76.90833333333333,61.03670634920635,612.7827777777778,2590.5801206817873,779.0141242254477,126.07916666666667,398.85164335664336,705.5347957461928,2089.5387265512263,406.32147963147963,606.9195054945055,178.5690476190476,120.4361111111111,19.682222222222222,7082.652291429331,10440.799165015307,6122.460221202086,1570.1301718943823,487.2649927849928,12839.710793459797,4996.241445323825,3531.40486989862,4089.69274042478,2054.9316324240135,524.0757696007696,109.21249999999999,46.52777777777778,31.0,16.958333333333332,70.27777777777779,60.19708994708994,283.25059523809523,1109.0402513227514,131.78410304292657,279.8892307692308,178.0909090909091,128.40017857142857,853.0719085008559,1478.7172235951184,304.72887987012984,710.4535363247863,141.77567155067155,103.75153508771929,122.43333333333332,334.1924684112184,128.60619047619048,144.13998591909882,470.851628959276,48.802923976608184,113.77222222222223,157.28333333333333,185.15208333333334,30.25,769.2435644983672,39.384126984126986,38.49720695970696,17248.933977884033,213.50434676434676,106.10619769119769,127.69709235209235,217.91118437118436,345.22817759003243,32.733333333333334,59.9501461988304,40.370198412698414,11.05,116.46845238095239,257.4819042069042,594.8539592352092,324.12934523809525,176.14959500466853,324.71567136567137,217.4530525030525,104.66515873015872,109.4319696969697,20.794642857142854,163.20473342447028,159.77657254782255,14906.478966132301,6384.35069333072,1746.185269255598,9385.437514923418,132.5281931031931,186.23769841269842,16162.47474222385,3819.2873972323973,2348.5721101202716,4543.306796415955,1976.4027981785239,1768.0160413433914,683.8792814612923,22084.737497906655,12942.621538261932,114.46359126984127,137.37127857522594,6922.533665803724,549.1849320586821,322.22407407407405,51.030682743182744,270.97989047989046,3211.306945369445,20.98148148148148,20.816666666666666,71.11222222222221,308.1615548340548,864.4621494708995,7.555555555555555,28.949285714285715,21.15,202.57391682391682,59.19166666666667,34.12390873015873,50.64722222222222,49.58839285714286,83.48333333333333,20.0,109.2625,72.19492063492063,26.931547619047617,806.3723797498798,89.3111111111111,6.049603174603174,45.83333333333333,481.96612914862914,29.18,0.0,38.12271062271062,141.8815058479532,89.32136752136752,237.4120670995671,499.3289194139194,138.8781746031746,57.58142857142857,60.14878968253968,9.904166666666667,213.6171626984127,577.4527052138894,58.66161616161616,96.25714285714285,23.91,93.48452380952381,2.8591269841269837,106.93306878306878,3.783333333333333,46.88148148148148,74.19424603174603,150.03269230769232,239.37407407407406,76.48690476190475,195.07083333333333,3.114285714285714,1.1,49.451058201058196,153.09249639249637,7.916666666666666,29.3125,0.0,0.0,24.55,12.011111111111111,206.4719696969697,18.210317460317462,0.0,597.202306587175
498.48668810299904,127631.29545828182,75518.26204081881,2392.655782076627,4676.815959896811,8330.495569267925,13465.74827359458,235.04988333523588,387.2664819589452,806.6569458550708,2014.662955462355,6117.728138192952,2467.2547698948356,139.923580451535,147.36247319811457,100.94521988088164,514.6247643986958,14908.84245984432,3663.0766251376144,4549.649184845472,2809.9155329559503,206.24056532018605,16873.191857165937,2977.3334779770266,860.2050097360287,1169.7312514980433,744.8925480930523,1060.629483842012,1982.4687597991565,2079.65615680127,1885.1397300319943,8132.40171479118,127.19769143554858,11604.698275783547,933.1323731515398,2863.014790421268,81.66549332611832,55.35206349206349,1373.1947664372665,4565.2056045425625,106.58379850642696,244.76501918560743,1083.1003710177279,248.3370986343255,4.4568907563025215,7901.593392278306,4414.665782231892,28.35073309626881,281.425888000888,128.6657575713057,16537.975814908878,37240.32371364443,5167.072262485517,2274.9945959724514,2681.5639015941892,26874.082625143146,3795.1417815039254,11047.479964109642,4662.668227049761,1117.397336743753,1300.9432803875525,16.414285714285715,180.92489177489176,54.55619094141153,167.05865407353798,264.417840618977,803.2022616810407,443.0369690957191,1085.2497262219554,427.4546334628326,283.5701851851852,1419.8421314824757,1145.7722524302446,3442.5311634063105,1573.0442830460042,2336.7471611500378,130.07247077541194,130.6791208791209,125.16636677015465,28.993290043290042,401.6626002758159,236.294900028468,3302.1894936818676,1503.5188725056844,34.75032467532468,534.2335264272764,175.2835669156272,159.15543565911213,111.83951233951234,7005.960844647897,153.3869547119547,915.9972577110295,21307.152971842148,116.02879578754579,110.70902851233734,401.70391395154553,378.12711931833076,553.0304026326721,66.3070165945166,449.0036636083439,81.39916666666667,212.9613536184878,231.10026193383337,345.4987429237429,1405.7754087822948,149.7567332156148,252.52310606060607,232.28641236712264,151.21212121212122,38.87142857142857,58.935923915388756,295.64795436836965,246.99002199487566,491.67761542817925,23610.803120352582,7137.599021416834,3778.516725770505,11897.509755052628,483.7201937876938,183.6833152958153,45023.894806200005,11565.945472566835,1532.9497127024476,6547.526577485038,12030.061278036957,8052.907198249771,1561.8288104068045,50719.13209370316,10982.8019961259,262.8359734547429,113.68411033411033,12124.333143580825,254.53709882400074,220.76474567099567,236.4395979459991,451.47451297487305,20.124761904761904,81.61883533133533,369.25947057615014,812.5335994810804,1174.3359590743871,77.9742527313956,9.041428571428572,47.98849206349206,171.44087607359188,950.1136240294793,52.919795150383386,96.5574855377181,209.94827856962243,1281.036025269665,117.21261423761423,8.8,227.28845523437914,37.13333333333333,4.368571428571428,637.7400206389757,406.7116444403848,109.11913580246915,70.13300237321045,431.5617355371901,773.7793912745751,423.23029414194826,148.34417423535072,548.0905871006894,590.0840299357792,263.1689451740671,795.3317272161389,632.2888202955104,98.89479282155753,1570.3402481422038,63.26190596440597,774.3681235831904,317.4864705485924,15.368080808080808,22.785119047619048,20.213054560615536,767.5003392477992,2490.100138218052,50.65926339766676,118.30386382623225,596.2390969311462,214.12616609580894,247.30306247575288,335.4717089896747,513.2274107146914,170.4923273103708,51.16046020027444,9.21103896103896,73.47078245828246,16.096636696636697,54.80858724608724,228.26839277839514,18.520742084712673,1.826923076923077,77.40277777777777,119.03293650793651,83.12066822066822,65.95,97.53432239057238,1210.5685208690152
650.2194401547777,184453.47161714634,2710.153148379668,11465.427740055125,35837.232086152646,10721.878828620991,10314.831411069687,24287.02485828837,615.0341161899418,703.3716860867604,4850.391264543011,91549.17399466528,7065.251730145179,6505.829452467165,174.90054515433144,76.8018981018981,648.1314174058319,31102.49643108027,4964.2507045462935,5396.533836490519,2928.5471778574515,329.1701435936399,11464.323688629967,1488.5168906652937,766.5709968564228,1655.676012837938,704.0418688489043,413.83820257714996,3679.335877027873,9117.845525705372,118.22294501274084,17979.37441321462,666.8240072706199,12564.245363684744,3001.579499843599,7536.266469082335,2949.5807018500104,243.12098081656904,10075.70812698522,3756.987498204501,462.19433406837715,330.00876890681843,691.4232812713982,81.00058051391926,398.4170562770563,2336.8605436351986,3529.9334265905673,995.5669650873318,1316.1261562733916,3412.499125829358,31984.082387278286,69111.77758709124,7433.571008538529,348.1408847171347,131.4323235088751,89526.16310033151,14574.414350350082,33244.35035015273,13907.255315124134,3291.034594203917,1094.0003724711703,222.5481166670595,4900.018636582005,970.6116383524222,158.50460338914968,560.5367968667583,1510.1874632534089,2943.2059581830736,2763.609315647741,852.7821639965197,206.88134336860816,663.2534060244723,321.5963857855192,5309.217338016808,20381.312962100226,295.8477625442767,158.0564109688079,696.7526442135447,996.5889193322911,115.51257923363185,269.64912123133274,374.6439082608233,1005.3276986872609,17855.58365448294,243.96742456877666,80.11673329938036,1632.489220745922,126.20708814212104,200.42671960250723,10523.995275824744,97.37468640655572,455.45745365449653,21722.280632971713,1459.6959330467716,889.067856419728,695.9261890449571,204.23222829801776,297.30755765408213,813.7891626736094,738.6997063749742,101.40623449406344,10797.244624115589,2865.4730144136392,1552.1583485175793,1103.9619579623006,447.8273523084095,649.4212335458659,781.9540909632663,279.3461813186813,159.78202353202352,677.3287693237894,439.8890406528337,5547.804070378525,486.47189761136224,69348.31949125438,15129.27253150766,6709.768595016367,7241.317425363847,533.5025628319049,575.3874369858136,88649.29633409365,17396.456757330856,1592.9283876703364,15358.431523399957,12270.598057955973,28779.288686761072,30516.86364404004,58585.20591078408,57257.927215121264,876.3289779818946,1133.5774912305212,27066.974898204342,2008.838376869484,1.475,101.77326103549014,4963.497585642063,13.096153846153847,491.8957616851042,192.52650748374433,808.585147618052,517.53133805374,934.1711525974026,68.04368876737298,471.0438587691968,1521.1824068043256,242.28845817581112,496.9318552991171,1167.4298444976077,418.8845293595294,323.95435688337005,72.08333333333333,4702.356357151449,155.16142369729485,553.4439865835918,245.86884103111657,606.5205987452416,129.06376698014628,132.79294448241816,45.574723114151425,845.8744671775148,668.2276618672716,507.66513386996144,17.832142857142856,2963.724080670569,1221.4752581312246,122.77485467963409,1398.3181559359805,1742.8976940903237,1943.8229323851442,1885.2395782274523,634.5732342578793,612.3574435855481,76.52238300492611,13299.514533502106,28.642857142857142,16276.966469797871,57.408280238280234,9599.835606808261,1.225,41.25002230410579,306.1495375920376,91.10428835870012,816.9035840855327,46.5123822623455,137.35378450673142,2549.818790875135,3.310344827586207,415.5143131478593,0.4945054945054945,62.57104987525734,204.01576727869832,268.55889874178905,148.57052861855493,3.836842105263158,227.1770942472162,136.92126145784042,8.833333333333332,72.28262987012987,698.2411509860559,131.04970695970695
2052.0381976376407,164919.49210216117,1325.0013817419783,8302.744436705498,16811.42387465404,1972.1483615241482,19634.62240423771,22664.237693023777,1087.9843944104448,1967.52129271477,1773.8098610066234,24362.708319884405,5390.63820611083,831.4370607429296,142.69967532467533,6.542222222222223,672.2621212121212,46708.11765650767,1379.9487429488227,3056.3872512620246,765.5007453587224,403.46251443001444,8111.7746375027455,1008.7816691939645,255.37443306693305,217.24218717790146,1118.6362734487734,68.7077380952381,1464.069847830664,4802.823359397275,804.0990654032875,10596.628912117098,47.7898592140618,19851.994633141563,107.85240848612172,2975.1552153486537,601.4125840376943,19.412464985994397,281.35341537196274,3104.8507764788155,368.6014880952381,292.50061327561326,429.85511904761904,78.2859943977591,32.797619047619044,1410.7843642874789,7262.337572430065,391.5129808286951,598.1539894149515,655.5421044270315,19145.63033520827,56432.56683755121,13190.149557249442,98.73354978354979,231.23730718033045,81600.14433802474,6554.224657111548,27531.073787753263,8168.149700172589,893.0216536346456,474.19236511050127,81.53811605061605,2377.3593044455542,258.03343680388485,378.21400708209916,1585.840310846561,1104.8217810023611,1030.8243490064835,954.011378066378,223.82589303398126,395.5697476917402,850.2750758546579,333.0986495921844,2959.733522241432,15427.013874675562,180.73958333333331,1.7207792207792207,16.62222222222222,424.1620175848117,191.11866883116883,6.666666666666666,366.5648429880869,381.2506890012831,21422.354346663273,183.46428239158502,10.15,399.71550877926927,82.24447278911565,771.767203548086,3699.724061632133,221.76848845598843,1735.5027808538675,7858.962498827667,1221.3554133596301,848.6424402273972,383.4371813371813,257.3511987128716,547.1565926883574,1.2580645161290323,1217.9852049671542,57.15,10215.124888007595,1368.5203043449478,42.939743589743586,486.2485543032957,206.23171313980137,40.61325396825397,45.93540717331773,18.934895833333332,267.6255576776165,890.3327022793266,0.75,2937.9412349389613,166.80029761904763,31701.20669306282,27967.235744717716,3092.7948234154524,4805.750343836365,559.7591161616161,2.081566820276498,35033.18971658777,8127.724856670524,1513.2321662244506,9360.776082311122,18283.841730019227,37117.55892126369,19512.23309778677,45982.65657045438,30302.236273129853,1183.151424241025,556.3507016812164,30757.704761879508,1074.0095002898001,16.0,35.660714285714285,82.51988095238094,67.89333333333333,277.257404328128,284.3631747635258,626.9353280717067,0.0,1.8,980.2588612368024,236.96727854582693,1055.6322558020877,98.0912251264142,54.23759982833259,614.2554931583275,158.89707019171306,317.35154854239676,0.0,408.275235654868,739.82806221783,262.2878599545879,161.45085034013604,256.41994080825543,6751.503904206532,7.114285714285714,158.3038660306102,207.62492784992784,81.68685608233801,138.11425212718316,1.361904761904762,1278.4855578128688,61.44642857142857,33.68055555555556,79.59204545454546,42.60864197530864,55.6,397.65871985157696,976.4055385706914,7.75,115.08333333333333,1726.7220664635654,3.214285714285714,8100.502286921873,106.68055555555554,753.7289880545519,0.0,106.98809523809524,11.26388888888889,16.897727272727273,5.166666666666666,6.583333333333333,275.78020647653,14.552134646962234,8.571428571428571,75.70484572616925,0.0,192.22212141649806,139.30294187850578,98.51147186147186,90.18353254645824,777.0415875790876,122.87797619047619,0.0,0.0,1.7207792207792207,272.55112416178594,2.725925925925926
9316.627656439148,1381330.468020412,293785.0026630053,19550.15944868934,85567.57335132657,89418.30088422717,106637.14267660474,10844.852366871197,2525.5016450253,7444.246340324484,11120.791212030848,55847.89497905747,15400.938810614818,5916.514205066411,7495.226166671105,734.6684486757889,30596.157154657256,95370.96489520483,67425.50410966409,23854.4099803543,25459.68119230382,2266.62510573945,29821.125653793308,5895.589715979353,7051.506827505599,10233.206126399687,15052.16832451996,15752.526435333393,43872.3003702473,11274.218341029296,27744.949925904333,41012.27674698626,4485.842711457204,74386.25854915057,6941.676516612686,22378.927532302085,943.0131613280955,818.7325090321546,9711.708825026895,26963.54114975901,8981.52330398529,1443.2642830309856,3474.594179746488,5273.929290727221,2806.2012948761476,6237.428738310435,7252.421897944192,533.6714984655581,460.4319395049395,455.73514406257806,119351.36934380434,246112.81500420446,42599.61427704861,119881.14620586006,11318.178143509364,303074.2536623387,40546.544342206405,83002.78989110743,52589.85552042444,12278.986168785783,12467.313242564296,611.311903998779,987.6521857596426,274.8707923340276,549.9097256991374,1521.343200755239,1794.2085282790251,11077.36557070732,8679.698126332767,3360.938075469994,5408.736442128499,4828.866343228542,7498.482477090146,18239.629274064977,7262.244298540481,4625.3980816160265,3865.0365512382764,1455.9561498275873,274.47297366051754,1481.3953243978244,5327.677876136495,782.8989216935803,13839.715937490882,5627.032392303885,243.4337566021583,3238.980467340311,668.7007588104642,504.99900034465196,691.8618239488123,7236.654477768946,757.543088037733,1262.1011757857723,457076.7634914922,1204.0383547945082,2497.2954052819973,1322.6492623790762,10391.054717127305,6228.977204800975,2194.4859712395446,1684.9268847454623,2149.1628594394906,1512.3635373789216,1022.1566568235686,4658.031562241828,4866.748859440582,12540.732410297553,10057.267915619543,1344.1800076102334,4066.715933125293,773.5397686516399,490.3224870539963,1752.8850099519218,619.1171014823983,3671.6892992396274,245048.3763241624,36697.52137233776,36250.67795440368,55122.02698970524,3996.3383827653392,7000.145007220004,234432.84354472885,43665.17378306231,30551.272593331152,107780.25553185852,42779.19472794491,71139.55585115906,11355.87188696452,316686.8351020604,104087.25850520008,1624.0312984430107,1695.9936157364812,83957.16101669967,6316.144511204984,2666.0643832544965,1908.606943622823,7377.732284610714,5992.956140751239,338.73408463064715,1898.1878804180637,2855.900494428832,5132.582173479976,3752.4251769655025,1272.0762951754127,347.2539045092838,585.1197860282666,7144.133541838959,402.4661140695594,483.84288728881444,3716.9136356020967,957.9476470711064,390.830383378604,411.8889617662031,2143.474483127134,345.45424682348187,109.98051599194456,3199.515875289714,8898.901076739792,245.49301319072583,733.9988797927734,2296.987637360855,1291.362372848776,2313.5343569461584,1602.7048906567288,2448.821612006165,2667.014622884569,2723.709806810128,4989.742322687039,3028.4730165879428,1488.417435507614,5799.299552883595,572.2673080272218,6144.876546696565,4349.500169028383,571.95787275464,665.8832248342375,736.5415306704655,6008.503104519579,3194.565144835384,1225.7363429043723,452.91694280114206,4751.468734591445,2689.5324092628503,3680.580280084542,6610.251425224019,679.82619333157,5039.2354763215835,245.5143288349078,196.68034226190477,1411.7881712532142,314.2271661124823,138.23107517482518,945.1791342524149,197.19246058271793,2373.206456877968,55.9754884004884,1364.6426214757464,1838.5716629017927,392.98550420168067,548.2242577222191,51018.234494779295
2381.637002449257,240296.8622351033,60354.81328808976,5216.818434642543,34650.62666505393,17428.286321465614,18045.887163511186,4384.250736980884,2335.527708551902,2298.979553482888,2003.036330744419,21272.862741056666,6395.2296954901,2710.3269359634555,849.047310452105,59.40151515151515,4297.710615835962,32185.317960953504,10496.797804790507,6863.9825808295145,2487.116011825865,191.0751082251082,29105.415926307283,6736.765525536841,1778.5086235659764,2436.372657897658,1958.510308551098,1517.3415989221776,5377.458990613789,3933.586148111148,4734.069640202605,13230.934267409692,266.3115218115218,19382.501476065176,1743.3079435077157,4790.183108929922,818.2799596987097,190.57238039738039,2189.7754474283884,12468.873538723381,412.79761904761904,647.6369658119658,934.4614584489584,990.4091991341991,254.61381673881672,5217.509186819883,7630.152445179172,386.01994949494946,250.72467532467533,448.7809523809524,25627.37334906691,66157.29506116846,7753.157910708702,7515.95298981539,1946.2033860875965,61735.328401607716,7618.417636484637,18081.34664593351,15389.386707050062,3824.9282508327906,1794.2513961013187,280.34444444444443,464.36868686868684,218.19920634920635,271.48487315153983,223.6074481074481,1256.5665179189152,3361.3062532880213,3297.652919985297,1082.1002166875521,1410.427491952492,1704.530128143075,1300.1964688368987,7804.448460690755,9605.559535006903,1356.0985782191665,802.7622655122655,604.8939621781727,250.63479853479853,560.8175172780436,1017.8192278309925,418.278663003663,3490.2103772534,2480.0696212284447,138.50238095238095,480.0334295334295,368.65268440709616,330.196336996337,191.08968253968254,11980.217311616809,422.75416666666666,1614.9148491001752,39937.22085518424,707.2889886580526,591.8047619047619,2020.273101898102,1870.5035499580833,1822.3814881056817,40.166666666666664,505.4432194616977,141.686093857833,924.2115139490139,710.2044853294854,700.799885082238,2908.286825988222,472.8709617180205,1043.4571428571428,717.0503108003107,252.38314463314464,336.3464285714286,580.507116331381,280.94169164169165,1300.9534312909313,960.373051948052,50224.87288759305,11098.199717199474,6133.3683985812195,12174.681716733845,1605.833238983239,968.9125199362041,84970.58193874534,14398.413377172972,3540.490694420736,16965.463329961014,30778.683202056804,12811.99281606871,8546.744209176943,53840.83939899033,21013.355446442914,1350.0791169478669,293.60233100233097,22315.892892784865,1693.0887350304017,421.65122655122656,495.93123165996116,1857.7927683427683,621.9824675324675,221.4595238095238,680.1211942473739,1430.123332215761,1070.4668287122233,449.45531788472965,435.27777777777777,94.06830206830206,1517.8964105339105,1665.2786075036074,323.5577380952381,636.2258547008547,1047.7311688311688,2254.6904273200325,154.51666666666665,58.25,1808.4123780750715,243.81037525795588,137.63849206349207,383.08033536511795,1555.675395358154,187.01486106486107,742.6403567947647,1593.096225996226,2253.052631431233,812.3478835978835,74.9010989010989,1773.719585969586,430.262142024642,936.5062663915605,1182.2773605479488,665.2242861713449,265.83492063492065,4163.024573660487,266.63412698412696,1201.2675962925962,1368.599802974803,627.211800976801,24.6,2279.376318126318,1342.0005272505273,5322.016530837919,96.31456593801795,272.4474358974359,401.47618667881824,196.08055555555555,493.0688204815162,206.8870231133389,348.26855089355087,367.11349206349206,192.04924242424244,66.98809523809524,77.35353535353535,240.8801948051948,80.69712301587302,219.0945767195767,344.5199153185995,299.2345238095238,387.38144257703084,167.76817042606515,269.5167748917749,51.33333333333333,250.54224664224662,2252.170470006184
66.11585191044821,110512.97684426705,4409.093263345953,1126.2101385140602,12526.51022693552,5735.75932692546,4107.373293612412,2038.0273068697918,45.77431500491845,169.01779913024208,1828.7609202431217,5197.681284524676,426.72615466292467,1640.0387708089631,38.51890622149243,85.17816091954023,668.8789145378431,5822.682469376585,11942.989923375602,1617.4694461214053,990.1259648610431,285.0210925367232,835.7889769261368,186.66698950054712,842.6729968884692,351.00438488714354,682.7397737101802,8076.939920875918,1033.982605018769,524.2106099440151,2347.466117205292,1785.6574810132493,159.2059106975505,2346.7841264183894,1739.5719174344174,647.1698307911088,83.85340598099218,33.175415114236245,373.0816111304617,854.5477033203265,261.24255845556354,27.658730158730158,20.929054279054277,74.533612342009,45.114285714285714,711.2316243277565,590.9739616142253,187.43592835735694,11.3,29.885057471264368,11453.077157815862,26323.401865081236,1454.667207858038,2886.373965959685,443.53380978057703,20443.435029920907,2011.2468571063096,6453.165516539947,4184.101019112904,904.0325919877492,1064.02850086486,6.154761904761905,110.13114395183361,10.426785714285714,11.600000000000001,109.7642475659717,110.5924443691685,214.52755404388265,3991.0740369840905,302.25481343369273,160.5600072979383,99.80721003134796,21.788814872866595,1033.4780050858813,584.5305076314747,174.27941193489622,16.76963601532567,304.3440943634909,46.01373626373626,13.487179487179487,25.222955131029142,90.04720063134697,111.89697645199021,255.30852858503235,11.166666666666666,161.51607214624457,20.76062411407239,35.772074190177634,10.773809523809524,495.1273586812353,28.82375478927203,31.52377531472359,38947.179096456304,53.469316893424036,48.27948823207444,127.96106549899653,230.22444414245885,137.21981402389346,22.12589285714286,32.42149042828556,99.56051587301587,102.56851149040679,53.42040816326531,85.7113039259591,162.76045811860706,1208.2300371334525,182.96230559563892,156.3216030138444,142.2751470751471,29.68061914420941,28.62267907162865,56.56907227764985,107.50044208664899,243.30560614353718,43050.46843598538,3300.7045653767614,599.6287598902252,6010.4008781535995,422.86279547168556,510.9468827473498,12928.37836729178,12581.823628084974,1010.6992401468841,3403.611323601821,4551.056424903982,6328.228655399464,5301.414640657199,24850.936723050618,18153.227974323963,74.93724925867782,374.5730455559766,10166.902004375966,182.55261363264236,85.89502164502164,39.183673469387756,3458.470464376811,423.7039433905813,33.33066933066933,25.679948914431673,76.84645942668256,452.47758075258076,266.3565811172954,15.057142857142859,81.67323481116584,9.375248481193603,388.6834267652282,122.8314935064935,30.753496503496507,64.76501283589405,14.298953201970443,7.2526785714285715,113.69715342129136,41.671247412008285,0.0,20.819047619047616,148.17566556537145,190.44851046698872,141.35270811563916,16.859301139473555,172.14096152889257,31.82758620689655,188.04079571222428,76.40454545454546,137.78095661522386,253.94059785530374,294.54923131256186,104.83339438339438,11.591534391534392,5.698412698412699,314.9930513201449,8.325347066726376,55.49550679205852,702.2549549201027,11.853930105654245,5.5322128851540615,113.49469173441734,425.71444494203115,381.24008147025387,34.46258503401361,0.0,301.41058386058387,10.65986394557823,36.28746874040992,180.11866414125186,11.03602851396969,209.01620879120878,6.5,5.166666666666666,81.05945395600568,1.95004995004995,21.333333333333332,38.872544824268964,0.0,5.5065681444991785,30.09157509157509,2.466666666666667,971.3179431679431,0.0,346.4810084073015,1004.1650881020972
1479.4641673881672,136822.72448537243,5202.05176281962,10508.985835184109,19390.265979498014,10131.649337205592,16888.22002348926,415.4875658698027,1187.6636329385985,3493.9785289499946,3653.0472056136405,10189.676422685889,1713.844049980841,166.93166770444168,689.8353848357525,137.3605235042735,980.7020153551317,15147.624019718738,3353.0662577237576,6050.8041716662965,7481.921406673392,149.6095238095238,8054.155345651938,428.000053163211,963.3601982739483,587.1463405483405,2186.7865667665665,489.83465867465867,2646.680825535811,4886.8126466588965,4391.277500004625,4915.866255903187,73.0431855500821,12326.065726552544,456.87373015873015,3483.5135534835536,33.06127819548872,122.18300865800866,236.94444444444443,6243.226579019119,660.6360606060606,20.75,151.79333333333332,489.76880341880343,197.1680402930403,678.817766955267,341.63329725829726,139.8062271062271,158.41171428571428,133.67585326953747,16625.59295332991,28294.477126379472,6481.957168701669,4851.62734282579,2132.2693675213673,24722.604564021178,3542.1382960002957,21891.99449739174,6915.867205063455,1394.6334935897435,8619.61553058053,15.263888888888888,71.95833333333333,78.77777777777777,84.5547619047619,84.62222222222222,230.55873737373736,1224.7767110177404,1574.4845687645686,186.7179487179487,2447.060085988086,957.775231990232,1230.7028943373978,7651.929203296703,920.3256156476705,2159.300629148629,481.35438842203547,585.9125702075702,8.290476190476191,1199.7884249084248,356.76695887445885,518.0211507936508,1035.3899982722528,1650.8197053541,24.51825396825397,252.38728715728715,572.2978732378732,113.0,3068.648846153846,1447.194248153807,64.09378754578755,258.9365811965812,41604.10620867042,154.698556998557,731.4876007696007,285.63362193362195,2017.057520352142,1805.7805099273485,66.8125,171.92249999999999,155.42570374374483,37.375,77.27848484848485,203.99742063492062,1125.177275132275,797.3827777777777,387.65578699585546,537.7948015873015,176.3202147525677,203.26071428571427,100.15666666666667,124.50089285714286,69.39484126984127,216.30142218892217,32689.978922245296,13688.47890354789,5235.296473278441,8491.426695599062,2031.1628238428239,613.0278159340659,17523.834693665383,14886.159591663238,4583.431173499503,17859.71930067004,3582.9058532289096,15341.469505847646,425.9041955266955,28428.603567603543,34410.21063884541,241.90404312062208,965.0113682983682,12932.893693841506,372.6461838161838,401.1928989139515,140.40167693744164,548.8436396936397,318.5331111111111,252.73214285714283,190.3398051948052,565.3525,459.4959560626828,442.0503848003848,89.0,8.333333333333332,43.49696969696969,568.6583556149733,9.84074074074074,114.9647619047619,892.7664468864468,20.65,84.16190476190476,0.0,364.24007936507934,82.49055555555556,107.4888888888889,171.28652597402598,129.84166666666667,23.19047619047619,65.7107843137255,82.73451048951048,44.88425925925926,199.09401578813345,33.20833333333333,68.93333333333334,2578.8612197606312,196.20778089013382,427.25025201406777,338.0833333333333,99.96031746031746,943.7761101969926,242.29166666666666,209.26666666666668,686.3035589068742,44.12521367521367,23.636363636363633,0.0,236.86012876012876,36.31666666666666,63.90993589743589,110.00939865689865,208.66746497946497,259.94761904761907,96.72112609612608,180.05190476190475,4.888888888888888,244.60856251591545,65.38666666666666,75.43809523809523,42.925,289.44404761904764,25.74102564102564,764.5323809523809,63.77169312169312,29.133333333333333,7.166666666666666,88.47962962962963,473.4329115833661,44.233333333333334,100.95555555555555,1235.4555773089164
2873.5690893566207,119594.39698735507,24994.452652923264,9173.24737218729,13562.129017685425,8587.60452651153,7612.684756175079,1170.3619474929258,304.21533572707483,1658.136768087188,7520.069693879298,7223.082826121764,3303.508466207253,389.1139673457855,196.1432178932179,31.215151515151515,721.4569720338636,15662.320214141168,6039.6514264605175,4686.5357340985065,1319.3636959027565,954.7261904548313,5463.900329759758,1028.2821725465428,1051.4463206331307,2365.4179735938665,1234.5693272196213,2114.572189693536,1305.5558659749836,4504.395722192243,1386.6780202274192,7238.082784400304,76.0381179138322,17951.657807464715,1120.1180326225283,850.127194450995,265.62661853298215,92.29155289155288,1317.3573654520083,5908.123382088388,204.84614644614643,107.82607947607947,1807.0551784129184,96.41465807375582,12.245714285714286,2626.268746096953,3084.68138050683,155.57630041915755,26.76984126984127,219.81610339800702,19247.083518178933,35417.768235426876,7567.264333471556,1636.8633397385033,715.4804011464726,32195.93593598348,9596.757924253312,19207.624325112447,8077.279461204362,1022.151741108819,3933.4276818765766,139.3502124033374,113.41428571428571,204.16396556250604,16.670741758241757,759.6971044955384,115.03507647907648,177.51051638837353,7021.626094381223,1175.0235802013112,422.28828130451984,919.065540257644,382.8179897569649,5108.380256509364,1992.3925408054924,6340.60485334061,139.10868714618715,1123.2986104538736,292.70524290524287,107.78571428571428,777.9383563827423,194.99353101594173,1908.9203341263046,1397.025056247052,53.80061605061605,2409.6611318909495,124.84369721187903,376.95256132756134,265.5462251637252,4131.8123632579145,95.02238971346114,357.92150155776164,24271.568364750547,219.8702781112445,273.8247751763699,494.12233989555415,876.1660726125726,440.6363910991784,3.3409090909090913,428.33870037414295,235.71197532626104,1031.5943743197763,181.33367206206492,1334.446519920012,4685.696811384071,160.22291270898413,197.49018518518517,203.60559729952587,119.09456691767616,17.0,81.91791383219955,66.56992115027829,179.60571403325162,8244.930437653386,34118.68289027963,12324.32907495674,3933.4300456456303,12952.263081707317,941.9340865289395,468.14749028749026,44972.835523262824,27428.85322835011,755.9591487947507,6680.422431430405,9917.492076890909,8687.288139879764,5785.426313908345,42536.576887075615,25219.849226833772,862.4194885092327,84.22656898656899,18063.658388070908,578.0809764309764,191.4849025974026,50.7210406570655,1844.5264117828472,27.58033189033189,255.4056623931624,357.1443690563577,1003.5654448001941,1024.4990380496229,106.29165120593692,0.5828571428571429,93.32069610283895,313.81756755616715,2001.64946403542,44.41732220160792,233.30627943485086,490.13753654423004,233.30388916638915,23.773809523809526,24.76851851851852,69.73897648245475,73.5164835164835,26.381623376623374,507.3866996223509,161.58260869565217,86.99796340023613,107.25932539682539,865.6990361342672,979.3773718632414,1114.3137285354578,2.914285714285714,357.42754745254746,1708.9033416991506,303.2450702075702,2581.028765556339,3223.235722453317,392.5066285302,5997.699390257055,207.46309523809524,2843.2823027220875,570.6406376163519,1905.803999692608,7.728571428571429,56.36435766614338,1300.5450147075146,1489.820006621141,21.229316120387548,45.44868068439497,966.3126326633892,24.23138184566756,394.20895062245955,226.55991496291804,155.15779452029452,694.5990367965368,9.632,37.83910256410256,105.90697635697634,44.1399753024753,72.09875778982922,530.8087689733075,138.3261209029066,45.25,145.7429773929774,106.03155178155178,197.54132996632995,6.6818181818181825,98.40123771730914,971.7716720361238
2119.545055571219,345894.0075502661,2601.5174357725764,9151.565621438616,65832.11478745691,12772.8556005437,20495.982318969498,30393.280516325744,1463.968294103601,2555.927185083721,4778.452840040011,42661.307126231455,6581.311719875154,7159.952795676656,190.67872475754734,48.283116883116875,1330.4793534661546,35227.578327688476,3108.879484546036,12264.007872669727,4245.847705071077,60.84079526795044,14359.094367628866,5310.526320312685,502.06499062878373,1008.8910622038516,587.6381264261254,211.79977620819724,2105.334083643612,11996.22786235504,546.3269223411193,16673.473870714737,242.56495384883314,22258.565117330843,550.1040922909757,6586.7902209451495,1188.5205176811544,47.8,2837.60151963124,4490.405348536112,264.15967719149535,320.0186724386724,292.8470721918774,144.91571523942213,173.6256204906205,8250.065219078384,8506.534413627876,628.5900708215867,1001.8334116957025,1982.3121273549898,32889.01094435077,167608.0029084874,39993.63298399122,776.0392512077294,237.49235147691226,114220.01663588917,14192.295627112653,32589.85812336035,36938.477715645815,1931.531479285137,2180.9276886123544,208.93686260536896,4978.4295059938395,958.5555978024942,250.5545573333648,1641.2879365552499,3238.4761996148013,1953.7191755112567,2177.8700826776653,555.9350645225917,1348.0935512877204,859.9555868511404,453.81778459121193,5040.67006523673,24965.829003376042,434.0809317562564,36.86451350496818,164.66512979434196,521.7974474191174,9.919372294372295,149.1335011002268,871.1166549271269,1285.862843326511,14591.558110884313,250.86025861112068,36.79319828722002,1089.3710457835502,66.66278166278167,413.59549983961193,10118.33377158655,240.7672317767599,611.1180740554253,16533.50089483456,2334.977297709112,1597.496585244989,549.7254580530914,267.7654466433038,1192.4330345970511,87.75115258304913,916.134579210472,139.65380832617674,13388.215582923167,2693.596183313264,133.59808070386123,984.8688717492597,342.27361880663096,234.25994769119768,365.3552266559683,222.28793624250144,563.2749801124801,895.9563509195247,56.49548751057372,7442.248607763748,373.6826376449221,77909.1172764339,49947.621016462625,14329.514204470966,8485.712833074895,1284.593413245004,333.6982784243174,139943.8082494818,19478.829021850277,2302.2985091413784,85980.32035454852,25838.73051105694,53973.688254544664,71895.03943566474,48262.583624809486,49890.69445183484,1008.6367795155624,2953.300640958185,39141.68031709934,1413.531722763608,21.25,111.11823815136255,925.9036092593072,11.933333333333334,199.51436222928106,502.34884768009766,924.8266124064504,45.393593073593074,34.36590007215007,378.5470779220779,444.00174186445736,1289.1932727457727,205.9693917193917,572.2866329551674,555.0508870758871,438.33362859906975,301.0178677363201,23.11111111111111,2066.7702026697043,605.0607738144522,1299.7787487177425,255.50624010136204,1955.4416554677723,808.9190202517789,73.08306878306878,308.9811986863711,1195.8046593600154,416.6826280265115,245.40661829600123,0.0,2708.4354003311537,844.2471474358974,37.870175249587014,1365.988726204561,1059.6882875840874,324.83855120920936,1057.0258635497405,1479.9695578231292,476.2709413261262,5108.10508347017,3225.253210124099,49.70833333333333,32020.156441902673,12.645454545454545,1538.3691699698336,123.76492673992674,38.67856002554278,838.5939484126984,50.7973753829017,541.3396228201016,23.433333333333334,215.19394215299388,5436.504188310408,37.51592775041051,287.3560663021189,10.604166666666666,198.6202233425489,656.1826709210329,221.18774034969886,482.64062013694365,19.066666666666666,96.13568594104308,15.545238095238096,88.75,19.16130952380952,1237.8131719276678,77.85216750841751
458.18743386243386,56720.58852768464,1977.721223951487,1011.0619745980428,8388.821373084977,5123.385182899889,6673.611636027886,5493.528171550672,217.78036408036408,253.51275252525252,455.20457875457873,8170.894159035409,591.2423456173456,5089.579909211159,202.0666742979243,76.23333333333333,411.70829725829725,14375.228659006338,9968.107520465135,1346.1996919746919,853.6792526917527,691.248113195991,1050.5654701779702,924.2520634920635,743.233500705876,1241.4886661949163,2628.4636393698893,1100.7823574301515,1032.1721933621934,1248.5332348207348,970.5910087461558,2524.969982971031,70.12556600487635,1629.6293873718873,454.80683760683763,1894.1502338864839,53.13030303030303,82.46875,250.3972222222222,1049.6824551195518,1979.9618679110615,13.706293706293707,385.445473970474,260.6533397158397,204.39102564102564,311.1520202020202,504.05090187590184,119.53333333333333,15.1,80.75,4274.581030141885,10573.76316019965,4209.184380989381,1211.798273023273,186.8595969819654,5765.2527612338645,2997.0108803032717,3787.3342903959838,4592.208641415256,607.7140782828283,380.48448773448774,8.583333333333332,40.638888888888886,25.166666666666664,43.25,45.94444444444444,96.48566017316017,3881.8539076664074,529.9391127391127,57.76645021645022,83.31313131313131,281.83492063492065,140.6375,1102.9480931650048,765.92252007252,240.3674603174603,300.7811507936508,74.0,68.75555555555556,13.916666666666666,131.5410533910534,159.20238095238093,137.68257575757576,565.2710945487261,119.07222222222222,83.39102564102564,34.66904761904762,87.69358974358974,205.41666666666666,392.20718355718355,82.2,29.604166666666664,16899.07930425067,121.1547619047619,60.56991341991342,33.38095238095238,354.6905994876583,354.5951506826507,959.442328042328,5.333333333333333,237.2451058201058,72.06666666666666,69.46322114704468,295.24520923520924,114.26335470085469,2439.35177970178,83.77643097643097,477.23518040601374,156.65833333333333,81.81296296296296,12.444444444444445,62.17764041514042,66.79102564102564,151.17658506368184,24244.189864520467,12742.294610858793,802.8636414511415,4600.545482583426,148.63864379084967,158.82142857142856,8832.485513768854,3319.2323780386278,1211.8591982091982,5174.185262462712,4158.627223150005,2943.166065087724,2180.7966889237823,14228.447880566857,8775.90772796051,35.07222222222222,77.93333333333334,5469.774037074037,1801.8716237466238,84.52777777777777,36.46428571428571,298.5043650793651,159.68418803418805,3.0,274.2707070707071,330.2138888888889,113.72510267510268,1100.1512698412698,389.8242424242424,24.933333333333334,43.25,192.32472943722945,74.4106782106782,68.71041666666666,950.7228715728716,59.31666666666666,31.50277777777778,322.2,57.455357142857146,32.125,46.357142857142854,8.0,2963.3276984126983,2.1666666666666665,383.8058080808081,224.1318228068228,5.653846153846154,171.02088744588744,4.871794871794871,117.63434343434344,191.5191919191919,43.11666666666667,124.13333333333334,142.73101343101342,10.5,539.0662685283653,114.7,199.45256132756134,330.50324675324674,0.0,22.700000000000003,51.0,5979.068520522687,99.47727272727272,3.0,61.55555555555555,217.26666666666665,55.22222222222222,48.61363636363636,48.635714285714286,22.75576923076923,23.958333333333332,6.125,0.0,2.5,85.07222222222222,0.0,89.25,2.7275641025641026,57.785714285714285,0.0,6.916666666666666,233.10721500721502,51.58876678876678,195.7178404928405,1071.537402874903
2204.487302010742,190866.64048835752,16415.79657096905,5500.257423631647,17848.48659251422,12422.553324159062,28725.958779900513,19486.995111591914,2145.5461807813645,2740.0522267267465,3066.6784903114312,32515.317229465614,6292.161589972353,5814.707692364694,4012.2321137936137,707.0424603174603,3789.078763024013,75091.82019707478,14424.278317366761,6406.225523050873,2129.5401803773434,561.7836369225953,13440.446416292943,2824.8899523789087,3361.539085385989,2161.919853399791,5466.4044400044395,2784.504742976813,12798.677857599429,3263.5474736204083,6494.154056851535,10704.609754622725,688.9504550264551,18232.898347593466,4668.147412055731,8332.208930748911,964.8733286375933,240.61574074074073,2242.4439558446616,9108.86692774811,15134.917180241197,373.91027206453674,2312.0511917802605,1663.0226126425055,1024.2388247863248,9408.880087298252,5712.216432080914,931.7943231332937,657.6460308403613,359.6369089516148,37406.8480824304,77128.44143684715,12314.026924382453,664.6691666666667,1565.2144807407471,65174.66790251838,9879.417972235591,19010.065458960205,17713.953385105997,1876.609871474697,5170.614519226465,279.59447591215974,3208.405537948242,610.8010661375662,421.2675296471865,747.9685619754247,2432.846249484779,12686.693402949051,3023.7060860470797,2637.0613586814516,1233.5058959970934,3786.0374604191784,1287.7786967996212,5929.87397385707,11199.670953391855,1064.7205679634908,1370.445557269382,1741.1078498459212,798.730137973138,1235.2214758852258,438.480996049391,1027.0290684119361,1657.654289021164,4445.636480527179,1095.3993473030237,1343.8873365714157,1287.3820668320002,1066.9369540486614,2780.9541402253903,6155.981887308512,571.5112643347937,1398.3097899132458,25450.659705822527,959.3685484749456,428.15799695938983,692.405755344873,1793.116392147642,2880.346560483595,1664.0656595881596,442.1460719414028,581.8975557402448,3262.0899095208497,2583.9910660362975,794.8984944684945,1943.0925234455067,3500.890851324601,1180.8458257786829,1894.7737658675271,766.8357936507937,237.92055555555555,1103.6755601468838,462.8738603988604,2310.852509034568,3908.2597509726156,64290.02699904505,21308.52911445965,5862.586060611559,10149.518301594942,2674.075476629398,818.48309760773,45573.88379887547,15905.786269191025,3386.3022254935386,33524.03801873463,18956.55457288241,34529.45861576413,11267.167163361824,72924.97738867813,60353.711126259615,1261.6154769376092,1372.56632050085,31877.058224919325,8455.125080990601,358.3222953216374,348.3593121543489,896.2319054621848,373.82709070691214,224.58299478299477,1557.8758516213725,1969.2911179745738,343.91345112403934,1173.8409038928212,4008.7985474815,530.9209338624338,351.5027825524149,1247.2445816639788,288.22008153883155,1581.575876324889,1324.961045651879,961.3449211569922,384.69950915750917,986.4707773950421,2151.0879257386714,432.95482081871785,393.7576370719228,977.1644491129784,40738.45009805746,373.3993126529891,1662.6545652604475,1987.9415158545157,2737.4574244318633,1087.254845186633,210.81736874236873,1835.9549318221314,500.5084747232226,263.0331349206349,1447.005611866969,240.00881562881563,447.1222222222222,3039.6704460823953,228.4962012987013,596.5511363636364,313.48430952380954,838.6319409430439,110.00833333333333,3023.4814926003364,2091.8083829365078,2449.027986569223,82.33228571428572,292.151345871682,146.58050183150183,165.56845238095238,98.51894688644688,795.3457539682539,816.9105396228259,563.4251322751322,135.52288644688645,702.8081838981839,26.002095238095237,494.9141720354809,151.09579772079772,472.08427559912855,437.79482626170125,2346.8438834041776,592.5826651616358,33.72111111111111,135.55039682539683,908.4852442002442,637.509146971794,544.1805385550123
432.5811790877967,111140.40582422058,31610.746162742907,6315.049269561489,3008.3649209427667,23503.15758937057,18519.301308842292,61.76190476190476,2334.237060415658,944.0089009088483,813.0136261954276,2228.0693794475833,2052.2656337282388,84.29391534391534,75.92857142857143,441.804788961039,68.51785714285714,15849.535039815848,609.5558153651904,14301.74179240694,972.5522479446324,49.77936507936508,25565.726095661295,4823.669028754101,2516.9806945039086,4338.623773907388,577.8911659768803,194.28650793650795,7259.000434604689,1678.0904383762052,774.964253504432,10463.456784449996,87.38095238095238,16261.74583205738,4036.134351497657,15304.05679318177,446.6750462685074,50.638888888888886,853.5591036414565,14567.702782776638,55.25,299.9233076563959,342.80662578162577,244.9609067131126,24.0,27453.796191428202,22737.648329105068,112.43367346938776,1051.7852279948497,516.6793670245876,29845.86019769375,6241.60760177517,3171.6905247803993,118.65950655624569,371.8087439676725,5286.081593249681,3695.7356717313965,6752.055641586625,4474.517374052758,3175.77639163539,9626.698158035399,11.428571428571427,37.83664021164021,209.9783415813878,437.52474787894954,181.71132756132755,282.07635882635884,132.41626984126984,5233.5830791796125,430.9917826135397,2201.833081764174,1466.9497108569535,2435.552717870365,1860.7944218343903,3444.8544157940955,242.52737713675214,318.90021849843276,121.71145124716553,314.9284377387319,383.46921788917587,2913.8387262344722,141.72438685912076,477.74642857142857,9687.082451338538,131.02777777777777,3694.0239394689497,429.92521326712506,541.915016663231,239.68384534855122,20182.291914759946,704.916048085901,2802.7059788095503,3092.6548227854337,290.3072973633898,165.21847792730145,1912.358530542494,1785.2244468157633,626.3044895736072,109.19761904761906,532.9263294711824,92.92183812919107,97.55654761904762,165.4407796451914,247.25595238095238,2075.116341991342,56.79351285968933,309.17657669128255,156.26994920775326,713.7022505272505,388.7528077897826,299.49617604617606,542.77117003367,110.59126984126983,225.85058661145615,43310.806006593935,8196.131282160364,5738.4995859552055,17990.58063024776,1909.43521231725,131.1780577514273,118696.79382729887,33763.58815204751,402.13293499217866,1842.0571104850253,11322.024597871265,17183.4336021763,1036.6606704589371,47150.66095067149,9269.431875083561,1716.64439459836,221.39069779426924,3007.5137137469596,1809.4450555727342,419.6678932178932,77.88839285714286,136.61617545822423,77.12962962962963,51.91161616161616,513.7580849861312,1251.889291294412,85.25131673881674,113.95138888888889,0.0,161.77684407096172,88.36190476190477,675.6613440957191,252.92764898500192,416.4658211769556,141.90873015873015,7411.404073882661,346.4231018981019,2.3333333333333335,820.6020348481272,89.78863600995953,103.97618107071888,81.3961038961039,210.85319264069264,220.3703629599988,449.7068589131559,628.2394235471967,1996.9981226280333,612.3366013071895,17.677248677248677,8671.589233010609,186.5803615774204,33.833333333333336,437.1240079365079,2761.289667277167,15.317857142857143,3850.0847219249004,117.31061202258681,366.0739989177489,296.6222222222222,9.895833333333332,7.357142857142858,9.319444444444443,156.63736263736263,6035.576990880851,309.3141534391534,676.7946428571429,21.229166666666668,813.0061223168366,807.89097005498,22.640625,2107.5791585904662,137.1780303030303,15.595238095238095,37.2281179138322,1145.763776065982,432.6748850083934,202.6326338111002,1163.9378005708888,545.4046023965142,18.28042328042328,258.0801020408163,0.0,95.4034322820037,12.0,408.68507581742875,50.68144841269841
