752.14698745336,7991.50273035737,927.088648796737,1287.108336108336,862.4486028499152,1684.4826021563765,254.74136321195144,6748.866477245332,240.25728281152809,525.4099259816518,3100.223618048618,4269.881745141494,2854.273686091865,1467.8317899239466,1304.626698957483,1893.647793180977,1566.989144740899,1984.6544564612009,3141.863457571745,2018.9337523315464,94.12301587301587,4515.023139862541,1299.685940515048,1573.8867800594783,2469.3461046042407,44.030762389252956,1093.0614483318,1153.9085878993417,1712.3617023045945,1417.8586289937941,216.81394993894992,650.163159063159,101.54177489177489,237.32424892051327,603.9484013854615,604.2305179388512,847.7817605869076,738.5226831139875,418.0961311292194,343.17937309603974,1471.4436313323567,805.0120490620491,224.18170348170347,1279.2321764355024,676.3191530732347,1770.759183502388,176.24866350348805,1140.0175884162884,539.0398471898471,601.3121945501847,1455.2180659119383,111.83289241622575,597.8062313684862,944.9309962368785,4521.850272603214,318.8710086210086,816.8095397758441,564.7422794827055,149.56166056166055,269.75216542716544,72.24891774891775,1449.6788428323594,114.75264550264549,161.5879168589695,1.037037037037037,9.485449735449736,3.8888888888888884,86.74603174603175,104.3794585044585,458.81602420818103,84.48470276999689,335.7093915343915,225.98979816479815,106.97024827024826,28.66137566137566,26.69654882154882,335.21361418487857,13.972222222222221,72.294416319054,60.42376142376142,587.6536075036075,19.49074074074074,47.49328449328449,176.80333555333556,27.77910052910053,400.13653193212014,10.596560846560847,524.5874270790937,75.4592352092352,47.066378066378064,452.89629321295985,9.4011544011544,85.32887482887483,37.5010582010582,72.71957671957672,348.5828911227518,100.756734006734,10.891203703703704,39.067460317460316,101.90305257636298,408.8438385688386,397.5509648303766,36.639490139490135,166.08985812757743,38.472980379327126,2.9166666666666665,249.45999925999925,63.77513227513227,48.62354497354497,84.80832130832131,14.321428571428571,95.56230158730159,19.179617604617604,23.625551735845853,116.89484126984127,67.36926129426129,7.333333333333333,73.95734126984127,77.88888888888889,194.44669312169313,5.62962962962963,27.977072310405642,19.75132275132275,56.263532763532766,21.269420394420393,81.51587301587301,11.559523809523808,42.607350492644606,336.32050264550264,167.49306064306063,728.6453595786929,775.867515267456,124.96230158730158,394.64963662068925,33.09920634920635,16.055555555555554,93.67387470916883,367.81313593813593,88.23526473526474,32.34139009139009,101.05352055352054,23.415390165390164,1.3425925925925926,30.436147186147185,48.83730158730158,4.333333333333333,113.8574666074666,138.27988215488216,134.68894993894995,16.341269841269842,60.74599104599105,16.219576719576718,8.541666666666666,311.73336654580737,14.948412698412698,37.035714285714285,6.0,4.62962962962963,37.180675805675804,51.02152477152477,22.206349206349206,59.195526695526695,28.551948051948052,0.0,3.7499999999999996,11.621869488536154,0.8627450980392156,6.8240740740740735,32.89189514189514,131.18080808080808,19.24074074074074,17.865079365079364,4.821428571428571,140.61785335216706,212.39405964405964,217.08477633477634,9.652777777777777,31.477513227513224,0.5555555555555556,2.265993265993266,0.0,3.666666666666666,13.194444444444445,10.783105783105782,21.160052910052908,69.85524499654935,12.068783068783068,1.4285714285714284,0.47619047619047616,14.205026455026454,20.38888888888889,21.156084656084655,8.031746031746032,22.134279300945966,0.7777777777777778,2.7777777777777777,47.026536426536424,6.873015873015873,0.09259259259259259,0.9259259259259258
102.24007936507935,2313.2058682058682,410.6626984126984,234.56349206349205,264.3191438191438,222.83730158730157,31.666666666666664,697.9761904761905,292.01388888888886,671.7962962962962,264.13888888888886,459.98148148148147,684.1150793650793,565.9285714285713,166.16666666666666,868.9246031746031,183.0,871.648148148148,924.7189153439152,62.67063492063492,58.74999999999999,63.34680134680134,228.70238095238093,600.7936507936507,23.527777777777775,256.6111111111111,50.86507936507936,175.83333333333331,244.287037037037,89.2361111111111,36.388888888888886,64.02777777777777,135.0,49.09259259259259,222.05555555555554,51.858585858585855,93.66666666666666,116.74747474747474,44.58333333333333,251.2628205128205,142.05555555555554,13.888888888888888,117.30555555555554,147.66666666666666,44.55555555555556,245.14814814814812,90.55555555555554,223.83333333333331,122.05555555555554,392.82341269841265,315.90476190476187,26.888888888888886,79.96031746031746,44.44444444444444,33.19444444444444,31.666666666666664,130.0376984126984,13.472222222222221,89.72222222222221,231.02777777777777,20.97222222222222,176.25,79.98941798941799,91.52777777777777,50.83333333333333,24.166666666666664,450.8531746031746,15.238095238095237,74.42460317460316,13.888888888888888,6.666666666666666,27.36111111111111,20.555555555555554,42.916666666666664,19.388888888888886,59.44444444444444,89.6111111111111,26.658730158730158,5.396825396825396,17.333333333333332,27.555555555555554,49.44444444444444,48.33333333333333,291.4444444444444,5.0,26.059523809523807,7.083333333333332,47.55555555555555,26.805555555555554,14.999999999999998,1.6666666666666665,0.0,7.083333333333332,12.222222222222221,8.333333333333332,29.999999999999996,13.666666666666664,11.666666666666666,28.333333333333332,85.3030303030303,75.55555555555556,63.27777777777777,0.8333333333333333,12.305555555555554,32.22222222222222,1.6666666666666665,65.83333333333333,5.694444444444444,31.666666666666664,12.777777777777777,0.8333333333333333,35.0,43.464646464646464,10.0,13.333333333333332,6.666666666666666,8.333333333333332,23.749999999999996,85.98465423465423,14.277777777777777,52.55555555555555,4.166666666666666,7.777777777777778,35.0,7.222222222222221,6.111111111111111,1.6666666666666665,29.11111111111111,58.74999999999999,7.999999999999999,0.0,17.22222222222222,9.166666666666666,24.444444444444443,8.333333333333332,18.333333333333332,17.5,63.80555555555555,10.833333333333332,25.555555555555554,77.33333333333333,10.277777777777779,4.166666666666666,5.555555555555555,4.166666666666666,6.499999999999999,5.277777777777778,2.4206349206349205,0.8333333333333333,13.055555555555555,6.666666666666666,1.1111111111111112,8.166666666666666,47.0515873015873,3.333333333333333,6.666666666666666,4.444444444444445,1.6666666666666667,15.555555555555554,37.5,0.8333333333333333,12.777777777777777,0.41666666666666663,3.333333333333333,0.0,0.0,4.166666666666666,2.5,4.166666666666666,23.194444444444443,7.5,11.249999999999998,1.1111111111111112,17.77777777777778,26.111111111111107,0.0,12.222222222222221,0.0,0.41666666666666663,12.5,0.0,0.0,1.6666666666666665,9.583333333333332,1.25,5.0,20.0,0.0,0.3333333333333333,0.0,0.8333333333333333,1.6666666666666665,1.1111111111111112,6.666666666666666,0.0,5.555555555555555,6.666666666666666,0.0,3.8888888888888884,0.0
827.3632305373791,7760.87766741821,491.9239098004355,519.5482390631385,484.6576745240961,521.5211103711104,66.68992889826222,3802.700234030899,1245.140454701548,515.2880265117965,857.8599817938053,1065.2531348462721,2431.3274035026234,918.4190076559529,453.5433751557848,2044.5758145865261,702.3215835451194,1656.67785369232,1836.7005539429485,355.45932462599126,80.83915636832303,1401.9889553438572,193.05968473247884,761.9731167615971,756.870064311317,52.362443883277216,113.98549367299367,389.9879862421529,575.6563972620087,200.32080344310737,27.129052205677592,233.85557897077504,117.92080550168785,262.6269184519184,310.36694786694784,69.19056637806638,216.05321249193798,256.0091204411057,62.488579707329706,294.5968253911393,169.2357580690914,167.13008288008288,39.81411412661413,325.0618249641082,206.3128659839186,484.42126029380927,233.4941599600213,669.940373950668,109.61564199283497,434.38829519437104,816.6420373598016,104.01299472132806,233.9341361367677,99.4271069163226,756.647781658295,225.61210240376906,255.4210049210049,47.504451566951566,51.43564306064306,39.174778723691766,5.0740740740740735,746.9423767318375,72.05329147976207,244.04668171573485,25.68797175047175,90.04279735858682,5.591687552213868,25.654152811761506,125.00760684486174,79.82091349196612,50.96276272746861,38.85630412260847,84.83514108004918,17.40999740999741,25.202461119127786,13.991300366300365,203.66333367975525,1.103174603174603,10.276847063611768,11.83054353054353,124.77700396176273,10.096873496873497,7.3132816257816256,58.23717159746571,54.89121662651074,98.905287999038,47.37868075551899,109.58702408702408,44.96234272550062,10.19023569023569,55.36042661042661,6.725980038480039,13.125485625485625,65.34299025230398,9.435545935545935,55.5749171136168,13.414141414141413,15.701058201058201,16.450396825396826,17.408241268535384,70.63394383394383,81.77974571724572,16.17063492063492,99.24580419365635,19.282527657527655,21.628417107583775,70.7467951963566,6.989454989454989,13.314416792357969,12.736672278338945,11.42579365079365,35.27593779677113,3.706349206349206,2.4761904761904763,34.968041218041215,27.402777777777775,45.180247992747994,33.102927773980404,47.967184231890116,28.61481573981574,10.0,6.222222222222221,41.57275132275132,14.166096087148718,15.876293459626792,13.454822954822955,45.21741221741222,27.076479076479075,33.58763227513227,41.02405002405003,107.74164955414955,321.95800843681275,9.317469567469567,28.110551485551486,11.814153439153438,4.79563492063492,26.311959039126222,47.41269841269841,14.68574481074481,18.90441657108324,25.31836219336219,42.73018648018648,2.6363636363636362,18.520077145077146,3.119047619047619,4.583333333333333,13.434656302303361,52.93524531024531,9.765385686438318,5.742063492063492,15.739835700362015,34.81448473553736,32.52386964886965,42.44261756761757,2.4537037037037037,7.096560846560846,16.119288119288118,8.480082417582418,5.802028218694885,23.462632275132275,3.7301587301587302,10.716329966329965,4.87037037037037,3.5304232804232805,2.9467532467532465,11.264307859896094,28.777608012902128,10.04582672229731,146.55584693084694,11.89236111111111,1.2222222222222223,18.766594516594516,119.27089808339808,8.281903281903281,24.909792417856934,32.25395233851116,6.992063492063492,14.84042809042809,22.313852813852815,3.5546642899584073,110.90957884430745,2.5,9.482804232804233,5.678030303030303,18.95223665223665,8.98049118637354,25.164702581369248,44.4932500778089,12.064056922609554,9.74537037037037,30.049476595529224,14.117845117845118,3.5767195767195767,8.24915824915825,21.80736235012551,0.16666666666666666,4.924382716049383,13.684633449339332,0.0,0.25
16.666666666666664,817.859126984127,64.50992063492063,18.958333333333332,51.18462401795735,39.492283950617285,17.503968253968253,149.5515873015873,49.71616809116809,144.37037037037035,115.65277777777777,224.66865079365078,295.9149029982363,299.343253968254,119.93981481481481,148.19642857142856,78.06481481481481,200.276455026455,247.9398148148148,15.407407407407407,37.916666666666664,49.45238095238095,53.81439393939394,203.83838383838383,15.608465608465607,223.77777777777777,1.6666666666666665,96.22558922558922,32.33333333333333,11.018518518518519,14.166666666666666,7.5,83.11111111111111,4.916666666666667,34.5515873015873,20.555555555555554,105.64337421837422,7.957070707070707,1.9999999999999998,79.27182539682539,18.392857142857142,16.037037037037038,7.111111111111111,25.078703703703702,6.5,120.5,23.443121693121693,8.333333333333334,10.194444444444445,32.519841269841265,152.33333333333331,7.833333333333333,32.98611111111111,5.972222222222221,51.3776455026455,7.075396825396825,28.78042328042328,7.0,52.2063492063492,245.96759259259258,16.453703703703702,259.30026455026456,51.888888888888886,31.74074074074074,72.45833333333333,9.180555555555555,13.416666666666666,1.8333333333333333,12.939814814814815,3.194444444444444,70.24007936507937,0.3333333333333333,85.12962962962963,21.396825396825395,23.521825396825395,6.75,8.416666666666666,24.489417989417987,18.75,4.102777777777778,11.976190476190476,5.972222222222221,3.333333333333333,17.291666666666664,167.72883597883597,3.333333333333333,43.02777777777778,1.6666666666666665,10.33641975308642,12.805555555555555,0.6666666666666667,20.708333333333332,13.819444444444445,0.0,3.1666666666666665,5.0,5.833333333333334,18.61111111111111,15.805555555555555,5.388888888888888,9.027777777777779,5.092592592592593,37.69444444444444,0.23809523809523808,6.111111111111111,14.527777777777777,4.305555555555555,2.4431818181818183,2.7777777777777777,5.555555555555555,6.888888888888888,3.4999999999999996,7.361111111111111,3.333333333333333,1.5277777777777777,65.61111111111111,0.0,0.0,36.30555555555556,9.347222222222221,464.15542328042324,16.435185185185183,0.37037037037037035,2.5,8.194444444444445,0.625,4.722222222222222,3.333333333333333,1.3888888888888888,3.2499999999999996,5.166666666666666,14.814814814814815,4.5,9.166666666666666,0.0,6.25,0.0,0.0,0.0,2.972222222222222,2.0,0.345679012345679,27.0,0.3333333333333333,1.9444444444444442,25.17063492063492,0.0,0.8333333333333333,0.5555555555555556,3.666666666666667,0.41666666666666663,1.6666666666666665,0.2777777777777778,0.0,0.9259259259259259,0.7901234567901234,1.25,6.888888888888889,0.8333333333333333,0.0,0.2777777777777778,1.7361111111111112,2.9166666666666665,11.793650793650793,14.041666666666666,1.8333333333333333,0.0,18.805555555555554,0.0,0.8333333333333334,3.1111111111111107,0.0,1.282051282051282,0.0,0.0,2.5,13.432539682539682,0.1388888888888889,0.0,3.0,0.0,49.91203703703704,1.1111111111111112,0.0,5.722222222222222,0.0,0.0,0.0,0.0,0.0,0.0,0.8333333333333333,2.0555555555555554,0.2777777777777778,8.472222222222221,42.99074074074074,0.41666666666666663,5.666666666666667,8.75,57.94907407407407
145.31381229613945,2044.8901461504051,194.1527236165394,165.16102878602877,270.8918257668258,275.1584168917502,14.718401968401968,805.2147662885408,291.85862660267424,361.53215439531226,486.5466832550166,439.1728307788034,625.8799470137706,536.9853423990679,170.11527669861002,997.9259556982596,272.6783148995159,591.3929211220877,1072.0770241373311,71.1452158952159,100.5194071360738,297.17318684402017,59.567460317460316,441.12982619232616,139.85849626045703,125.76869966453299,35.33198051948052,190.34553471220138,191.8883703442527,67.87549179215846,1.1221340388007055,108.9914860466331,24.263227513227513,105.42734765234765,269.58116883116884,97.37373891540558,220.7908233741567,117.50977263477263,11.67817041346453,74.78742553742553,118.03911058077725,20.279761904761905,14.386604136604136,52.4965524671407,27.337301587301585,181.3322765197765,186.6974352872462,131.7957812249479,138.09846326512994,178.38563612313612,298.970827601955,26.54172679172679,118.06943240511352,62.70285578618912,240.6174543049543,37.20288199454866,83.44710690544024,5.665824915824916,7.221950888617555,14.064814814814815,5.817901234567901,600.2212007037987,19.657527657527655,54.877747496168546,43.22295066045066,7.833333333333333,8.614357864357864,7.529040404040404,18.69047619047619,10.851343101343101,15.991582491582491,30.797318422318423,17.506549052369486,11.632885632885632,10.888888888888888,72.07365319865319,191.36797338464004,7.556878306878307,7.341269841269841,10.887950937950938,68.89505864505864,3.3333333333333335,3.9488636363636367,16.835978835978835,9.444444444444445,26.06382853257853,4.4958062770562774,10.493697478991596,24.10958485958486,2.0493927368927367,3.4914529914529915,2.417388167388167,1.3737373737373737,3.5555555555555554,4.560846560846561,15.760040885040885,12.142135642135642,132.77876984126985,20.910052910052908,10.776401838901839,49.589504168670835,3.504208754208754,1.1111111111111112,31.23629590725179,6.370280182780182,76.65597442680776,12.841914258580925,2.3122895622895623,13.03505291005291,6.880070546737213,1.8888888888888888,18.84022350198821,6.056998556998557,0.8888888888888888,2.753086419753086,63.573412698412696,0.15873015873015872,15.698332531665864,18.920654508889804,17.240063177563176,0.0,0.6666666666666666,48.26495726495726,13.506142006142007,4.0653759820426485,14.158730158730158,2.3595848595848596,24.537037037037038,1.400462962962963,17.21693121693122,2.35978835978836,47.08646214896215,3.3796296296296298,9.101851851851851,2.496693121693122,4.503787878787879,5.116398951925268,93.33615921115921,0.2232142857142857,26.86796536796537,15.041005291005291,42.549552299552296,0.6666666666666667,2.3002645502645502,0.0,0.47619047619047616,6.064153439153439,1.9940476190476188,4.523809523809524,12.162078662078661,17.74185999185999,0.4629629629629629,3.611111111111111,16.647065897065897,3.3333333333333335,8.873015873015873,4.4713804713804715,0.0,22.293009459676124,28.265001202501203,1.9444444444444444,0.8333333333333333,0.8333333333333333,0.0,11.562409812409811,61.469493469493464,0.7980599647266313,5.185185185185185,66.79596329596329,28.24206349206349,4.641203703703703,15.66955266955267,2.738095238095238,3.111111111111111,11.026862026862027,3.009259259259259,4.9914529914529915,2.8007054673721337,0.6060606060606061,0.0,5.494708994708994,15.314814814814815,1.6666666666666665,8.028499278499279,6.232010582010582,0.2777777777777778,8.333333333333332,0.8333333333333333,8.518518518518517,0.0,8.512566137566138,3.3048433048433044,0.30864197530864196,0.0,2.9675925925925926,1.9550264550264551,2.0152918069584738,2.797979797979798,0.0,0.0
16.402116402116402,638.953021978022,105.69642857142857,60.31938431938432,167.1907166907167,34.31481481481482,7.777777777777778,185.29268416768417,27.970899470899468,149.40806878306879,63.70899470899471,128.59656084656083,231.47817460317458,272.52645502645504,92.13161375661375,359.9371693121693,160.01322751322752,299.15995115995116,265.8988095238095,25.42195767195767,5.555555555555555,33.23611111111111,32.81878306878307,174.18823768823768,35.30555555555556,105.39814814814814,11.11111111111111,97.75132275132275,77.92592592592592,17.72222222222222,1.5277777777777777,34.166666666666664,22.63888888888889,4.26984126984127,69.8038258038258,53.13756613756613,204.73677248677248,51.44444444444444,1.1111111111111112,70.48941798941799,10.023148148148149,9.685185185185185,4.325396825396825,25.27777777777778,1.6666666666666667,38.37037037037037,51.625,33.80952380952381,8.166666666666666,72.19246031746032,173.01785714285714,4.305555555555555,11.11111111111111,3.9999999999999996,44.96082621082621,27.513227513227513,41.48148148148148,2.7777777777777777,45.208333333333336,65.57142857142857,11.73611111111111,86.01719576719576,5.372150997150997,24.865079365079364,38.44444444444444,3.958333333333333,0.0,0.0,20.48148148148148,3.7499999999999996,9.31196581196581,3.333333333333333,1.4814814814814814,4.166666666666666,2.3333333333333335,17.22222222222222,20.232142857142858,19.845238095238095,1.6666666666666667,6.25,4.186507936507937,3.3518518518518516,6.0,26.38888888888889,4.166666666666667,1.736111111111111,19.166666666666664,3.333333333333333,0.0,3.333333333333333,6.111111111111111,1.48989898989899,0.0,0.6666666666666666,13.222222222222223,1.6666666666666665,3.3333333333333335,54.583333333333336,24.708333333333332,11.666666666666666,11.25,4.296296296296296,0.0,2.2222222222222223,1.5,15.087301587301587,11.916666666666666,4.166666666666666,4.074074074074074,2.142857142857143,3.611111111111111,16.296296296296294,6.592592592592593,9.522283272283271,0.345679012345679,61.99074074074074,0.0,0.7407407407407407,0.0,12.5,20.555555555555554,3.333333333333333,3.694444444444444,1.1111111111111112,3.0555555555555554,1.1111111111111112,0.0,0.0,7.916666666666666,0.0,0.6666666666666666,1.5,0.37037037037037035,30.555555555555554,2.148148148148148,0.0,0.0,3.388888888888889,0.8333333333333333,0.0,1.6388888888888888,0.0,0.6666666666666667,0.0,3.7037037037037037,1.6666666666666667,4.972222222222221,1.736111111111111,0.5555555555555556,5.277777777777777,3.3333333333333335,0.0,0.0,0.8333333333333333,5.064814814814815,0.0,0.0,1.1111111111111112,7.777777777777778,2.2222222222222223,5.111111111111111,14.86111111111111,0.0,7.5,1.6666666666666667,2.7777777777777777,0.9567901234567902,0.18518518518518517,0.0,0.5555555555555556,9.685185185185185,0.0,0.0,4.027777777777778,0.0,0.0,0.0,0.8333333333333334,3.333333333333333,0.0,1.6666666666666665,14.61111111111111,0.0,1.3888888888888888,0.6666666666666666,11.666666666666666,0.0,0.0,0.0,0.0,0.0,0.0,0.0,0.0,0.0,7.597222222222221,3.333333333333333,0.6666666666666666,1.8055555555555554,5.0
6.513227513227513,273.68518518518516,19.17195767195767,3.75,49.55555555555555,3.833333333333333,0.8333333333333333,58.11441798941799,7.321428571428571,49.10185185185185,16.444444444444443,56.76488095238095,72.19179894179894,72.91666666666666,40.25925925925926,73.3425925925926,23.300925925925924,85.5324074074074,116.81481481481481,7.12037037037037,17.694444444444443,7.041666666666666,14.9520202020202,60.85088985088985,2.6944444444444446,44.791666666666664,1.75,16.453703703703702,85.09920634920634,8.251322751322752,2.9166666666666665,20.726190476190474,12.117063492063492,6.111111111111111,19.01388888888889,8.527777777777779,34.72222222222222,34.166666666666664,1.277777777777778,9.050925925925926,5.833333333333333,5.333333333333333,0.5555555555555556,5.050925925925926,1.3055555555555556,30.083333333333332,7.42063492063492,2.7777777777777777,2.388888888888889,17.753968253968253,103.04166666666666,0.5833333333333333,6.666666666666666,5.601851851851852,13.833333333333332,2.9166666666666665,0.0,2.5555555555555554,8.194444444444445,38.44973544973545,0.8333333333333333,53.96164021164021,7.472222222222221,2.0833333333333335,7.152777777777777,2.8055555555555554,3.5416666666666665,1.3333333333333333,3.388888888888889,0.5555555555555556,14.375,0.0,9.86111111111111,1.6527777777777777,2.611111111111111,2.111111111111111,2.7083333333333335,11.226190476190476,1.25,1.6666666666666665,0.41666666666666663,0.0,0.5555555555555556,3.573412698412698,19.63425925925926,0.0,10.833333333333332,0.0,0.0,3.7499999999999996,0.2777777777777778,1.5,0.8333333333333333,0.47619047619047616,0.0,0.0,0.0,4.166666666666667,2.2916666666666665,0.5555555555555556,2.5,0.0,4.888888888888888,1.1111111111111112,5.277777777777778,7.583333333333333,0.0,0.20833333333333331,0.0,0.0,0.1388888888888889,0.0,0.625,0.22222222222222224,0.0,18.958333333333332,0.0,1.1111111111111112,5.694444444444445,2.5,144.0,7.62037037037037,0.0,1.1111111111111112,1.25,0.0,0.0,0.0,1.3888888888888888,2.5,1.3333333333333333,4.166666666666666,0.0,0.8333333333333333,0.8333333333333333,0.0,0.0,0.0,0.2777777777777778,0.5555555555555556,0.0,0.0,0.9722222222222223,0.16666666666666666,0.41666666666666663,4.652777777777778,0.0,0.0,0.0,1.277777777777778,0.0,0.8333333333333333,0.0,1.4444444444444444,0.0,0.0,0.0,0.5555555555555556,0.0,0.0,0.0,0.20833333333333331,0.625,1.1111111111111112,0.9722222222222222,0.3333333333333333,0.0,4.402777777777778,0.0,0.0,0.0,0.0,0.0,0.0,0.0,0.8333333333333333,1.0833333333333333,0.0,0.0,0.8333333333333334,0.0,13.416666666666666,0.0,0.0,0.8333333333333334,0.0,0.0,0.0,0.0,0.0,0.0,0.8333333333333333,0.0,0.0,0.0,3.0925925925925926,1.1111111111111112,0.0,1.4444444444444444,22.18716931216931
2.222222222222222,239.07473544973544,20.799145299145298,10.444444444444445,29.1765873015873,20.168650793650794,1.6666666666666665,101.85070947570948,5.423076923076923,30.77843915343915,12.482142857142856,23.497354497354497,34.095238095238095,9.46957671957672,65.79563492063492,51.72420634920635,6.157407407407407,97.21097883597884,84.17063492063491,0.0,0.8333333333333333,0.0,0.0,10.75,0.625,1.6666666666666665,1.9166666666666665,13.75,17.40277777777778,0.0,0.0,10.125,37.46825396825397,15.812169312169312,40.895502645502646,4.7936507936507935,0.0,15.634920634920634,19.15079365079365,27.108465608465607,0.0,0.0,0.5555555555555556,3.0833333333333335,0.0,24.77777777777778,1.2222222222222223,2.4305555555555554,6.755952380952381,14.972222222222221,28.866402116402117,0.0,0.0,0.0,0.0,1.6666666666666665,7.865079365079365,0.0,18.944444444444443,0.0,0.0,0.0,1.5,0.0,0.0,13.958333333333332,0.0,0.2777777777777778,16.386904761904763,0.0,1.6666666666666665,3.333333333333333,4.583333333333333,0.0,0.0,1.1111111111111112,0.0,0.0,0.2777777777777778,0.0,6.931216931216931,0.5158730158730158,1.6666666666666665,0.0,4.0,0.0,2.740740740740741,0.0,0.20833333333333331,0.0,0.0,3.6805555555555554,1.25,15.188492063492063,0.0,64.14153439153439,0.0,0.5555555555555556,0.0,0.0,0.0,4.068783068783069,9.693783068783068,0.0,0.0,0.3333333333333333,0.0,0.0,0.8333333333333333,0.0,2.6904761904761902,3.5277777777777777,0.0,0.0,0.6481481481481481,0.0,10.678571428571429,0.6666666666666666,0.0,0.0,0.0,0.0,2.2222222222222223,0.0,0.0,0.0,1.1825396825396826,0.7407407407407407,0.0,0.0,0.0,0.0,0.0,0.0,0.0,0.0,0.0,0.0,0.0,0.0,0.0,8.261904761904761,3.333333333333333,3.5476190476190474,0.0,0.0,0.0,0.0,0.0,0.0,0.0,0.0,1.6666666666666665,0.0,0.0,0.0,1.1111111111111112,11.557539682539682,0.0,0.0,0.0,0.0,0.0,0.0,0.0,0.0,1.6666666666666665,5.992063492063492,0.0,0.0,0.0,3.333333333333333,0.0,0.0,0.0,4.833333333333333,0.0,0.7638888888888888,7.111111111111111,0.0,5.071428571428571,0.0,5.694444444444445,0.0,1.9047619047619047,0.0,0.0,1.1111111111111112,0.0,8.518518518518517,11.777777777777779,0.0,0.0,1.3888888888888888,1.6666666666666665,0.0,0.0,0.0,0.0,0.0
9.435185185185185,874.3084308947516,113.07756132756133,335.30539368039365,207.9827458761282,107.74555074555074,20.313492063492063,486.54980050813384,37.84219327143855,152.28723045822102,124.09571909571909,368.69891678028466,691.1881373256373,154.15218485218486,196.10061928811928,217.47113997113996,266.14294532627866,377.45316257816256,435.9319074240458,191.47548978798977,7.2896825396825395,91.53315897065897,32.951719576719576,418.84617928367925,356.2576227057359,66.47276483125539,27.452380952380953,60.56818181818181,118.58251933251933,73.4040404040404,29.791666666666668,62.911826599326595,0.8888888888888888,34.6816378066378,96.5758377425044,200.76131044881043,72.97420634920634,115.134176009176,10.251322751322752,7.833333333333333,45.601185851185846,51.08186026936027,12.708333333333332,65.61796536796537,28.62962962962963,138.63041634291633,29.757936507936506,37.779761904761905,65.78710178710179,185.08566510649842,555.3736325402992,17.86111111111111,133.441999358666,16.897156084656082,60.46825396825397,35.62830687830687,109.67940392940392,33.57431457431458,14.444444444444445,62.286556036556036,9.52281746031746,67.07936507936508,1.5846560846560847,118.20138888888889,40.2037037037037,1.2962962962962963,0.37037037037037035,39.82539682539682,61.78968253968254,18.314393939393938,36.25092592592593,19.541666666666664,37.89583333333333,6.423611111111111,0.0,47.0595238095238,12.03968253968254,3.333333333333333,12.390873015873016,1.4444444444444444,46.71552521552521,1.9999999999999998,35.13492063492063,23.69562382062382,0.6161616161616161,17.444444444444443,0.0,33.86199294532628,30.916666666666668,23.390873015873016,28.166666666666668,0.3571428571428571,2.5,3.5238095238095237,2.138888888888889,44.682028619528616,17.0228835978836,71.17989417989418,22.026455026455025,11.087301587301587,13.886752136752136,47.041666666666664,0.22222222222222224,28.61706349206349,0.9722222222222222,14.42063492063492,25.974206349206348,1.6666666666666665,15.253968253968253,20.72222222222222,0.23809523809523808,18.857142857142858,9.924603174603174,4.983974358974359,2.5244708994708995,204.75883838383837,3.333333333333333,10.930555555555555,13.70138888888889,26.480820105820104,0.7275132275132274,5.813932980599647,0.8333333333333334,9.138888888888888,1.369047619047619,4.305555555555555,0.0,45.013888888888886,15.722222222222221,13.273809523809524,64.41748424959209,42.17246642246642,11.654761904761905,19.738095238095237,8.00925925925926,1.2698412698412698,24.87962962962963,27.0,30.205357142857142,5.694444444444445,10.527777777777777,0.0,0.0,0.0,6.416666666666666,0.0,2.9947089947089944,8.666666666666666,4.247474747474747,13.61111111111111,6.28044178044178,0.0,3.7499999999999996,32.07994864612512,4.375,2.3095238095238093,1.4285714285714284,0.0,2.361111111111111,5.003968253968254,1.3888888888888888,1.6666666666666665,1.1428571428571428,1.8749999999999998,2.2222222222222223,48.319657811324475,0.0,0.0,0.0,16.34027777777778,12.830357142857142,37.68386243386243,0.0,0.0,10.06358225108225,1.9696969696969697,2.2222222222222223,0.41666666666666663,0.0,0.0,0.0,0.8333333333333333,0.9374999999999999,11.11111111111111,0.0,2.9761904761904763,0.0,0.0,0.0,13.958333333333332,6.555555555555555,1.0846560846560847,3.6515151515151514,0.0,2.0555555555555554,0.0,2.977272727272727,10.706349206349206,0.18518518518518517,0.0
4.365079365079366,364.3009259259259,24.23611111111111,26.84259259259259,25.055555555555554,17.85648148148148,1.5277777777777777,50.36111111111111,13.083333333333332,43.05555555555556,46.59722222222222,109.94907407407406,83.78703703703704,109.31018518518518,81.06481481481481,91.10185185185185,65.86574074074073,125.05555555555556,177.26917989417987,11.93121693121693,6.296296296296296,43.5462962962963,15.555555555555554,190.59259259259258,6.833333333333333,48.75,3.6111111111111107,83.14814814814814,39.76851851851852,15.648148148148147,2.2222222222222223,3.537037037037037,11.574074074074073,2.037037037037037,19.087962962962962,2.1666666666666665,15.291666666666666,2.5,0.41666666666666663,12.407407407407407,12.037037037037038,6.796296296296296,4.666666666666666,19.449074074074073,4.0740740740740735,46.52777777777778,37.398148148148145,11.314814814814815,2.2222222222222223,13.0,45.41203703703703,0.0,16.291666666666664,5.601851851851851,13.23611111111111,4.861111111111111,6.388888888888888,3.981481481481482,8.481481481481481,30.833333333333332,0.6666666666666666,21.666666666666668,3.1296296296296298,3.1018518518518516,15.74074074074074,2.236111111111111,5.611111111111111,0.0,0.20833333333333331,1.6203703703703702,6.111111111111111,2.1666666666666665,38.77777777777778,3.2777777777777777,0.7638888888888888,5.555555555555555,6.296296296296296,1.6666666666666665,1.6666666666666665,2.8009259259259256,0.0,0.2777777777777778,8.777777777777779,0.0,12.36111111111111,0.5555555555555556,5.0,0.5555555555555556,0.6481481481481481,0.5555555555555556,1.1111111111111112,3.375,3.375,0.0,0.4444444444444445,0.0,1.4814814814814814,0.2777777777777778,1.6666666666666667,1.5,4.2592592592592595,0.37037037037037035,1.9444444444444446,9.166666666666666,0.37037037037037035,0.22222222222222224,2.7777777777777777,0.6481481481481481,0.5555555555555556,2.388888888888889,0.0,0.0,1.6111111111111112,0.0,0.0,3.972222222222222,0.0,0.0,1.6666666666666665,0.625,222.7222222222222,1.9444444444444442,0.0,0.0,0.0,0.20833333333333331,0.0,0.0,0.0,1.1111111111111112,2.8703703703703702,4.444444444444445,0.2777777777777778,0.6666666666666666,3.333333333333333,0.5555555555555556,0.0,0.0,0.0,0.0,5.648148148148148,0.0,4.722222222222222,0.0,0.0,0.0,0.0,0.5555555555555556,0.6481481481481481,0.0,0.37037037037037035,0.0,0.0,0.0,0.0,0.0,0.41666666666666663,1.2037037037037037,0.6666666666666666,0.37037037037037035,0.0,1.6666666666666665,0.41666666666666663,0.8333333333333333,0.20833333333333331,3.333333333333333,0.0,2.2916666666666665,0.0,0.0,0.0,0.0,0.0,0.18518518518518517,1.6666666666666665,0.0,0.0,0.0,0.0,0.0,0.0,7.222222222222221,0.0,0.0,0.0,5.0,0.0,0.0,0.0,0.0,0.0,0.0,1.1111111111111112,0.0,0.6944444444444444,3.125,0.0,0.5555555555555556,0.0,49.9537037037037
4.2592592592592595,104.3284632034632,15.452380952380953,25.227633477633475,38.13095238095238,12.94069664902998,10.58641975308642,56.8287037037037,7.365079365079365,35.91203703703704,16.694444444444443,35.64153439153439,42.15758778258778,22.515873015873016,36.791666666666664,76.35113035113035,9.722222222222221,32.4537037037037,99.78604497354497,13.541666666666666,6.537037037037036,6.896825396825396,9.444444444444445,38.24074074074074,19.86263736263736,36.83333333333333,8.666666666666666,12.083333333333332,6.62037037037037,8.768518518518517,0.41666666666666663,5.052910052910053,3.0317460317460316,6.956349206349206,7.277777777777778,41.94444444444444,26.0515873015873,6.005291005291006,9.444444444444445,4.444444444444445,7.499999999999999,0.5555555555555556,0.47619047619047616,0.0,4.25,13.648809523809524,4.365079365079365,8.333333333333332,3.333333333333333,17.906084656084655,31.0,1.277777777777778,12.832251082251082,3.333333333333333,10.03968253968254,0.0,12.921101774042949,0.37037037037037035,4.742424242424242,11.966991341991342,1.8518518518518516,13.67195767195767,2.0,0.0,0.0,0.5555555555555556,1.1111111111111112,0.37037037037037035,0.0,0.0,0.47619047619047616,0.41666666666666663,0.0,0.0,10.208333333333332,15.925925925925926,11.666666666666666,8.357142857142858,0.1875,0.11904761904761904,3.8518518518518516,7.5,0.9722222222222222,1.1111111111111112,2.2222222222222223,0.0,0.0,2.095238095238095,0.0,0.0,0.0,8.603174603174603,0.0,0.0,0.0,0.0,1.1111111111111112,15.388888888888888,0.16666666666666666,0.0,3.3333333333333335,0.0,0.0,0.0,0.0,9.610119047619047,0.0,0.0,1.2962962962962963,0.0,0.0,5.256410256410256,0.0,0.0,0.0,16.61111111111111,0.0,1.1111111111111112,0.0,0.47619047619047616,4.944444444444444,0.0,1.3725490196078431,1.8518518518518516,0.0,0.0,3.333333333333333,0.0,0.0,0.0,0.41666666666666663,2.698412698412698,0.0,0.0,0.0,0.0,0.37037037037037035,0.7407407407407407,0.41666666666666663,0.0,0.0,0.0,0.0,0.0,0.0,0.0,0.0,0.0,0.0,0.0,0.0,0.0,0.0,5.0,0.0,2.2222222222222223,0.0,0.0,0.0,0.0,0.47619047619047616,0.0,0.0,0.0,2.2222222222222223,36.88095238095238,0.0,0.0,0.0,0.0,0.0,0.0,0.0,0.0,0.0,0.0,0.0,0.0,0.0,1.6666666666666665,0.0,0.2777777777777778,0.0,0.0,0.0,0.0,0.0,0.0,0.0,0.0,0.0,0.0,0.0,0.0,0.0,0.0,0.0,0.0,0.0,0.0
13.883597883597883,1801.832128555903,157.4751221001221,219.91985171261487,303.38951545530495,164.07341269841268,36.44444444444444,612.6841800175133,152.58254245754244,361.3171041921042,184.1965087381754,342.1957170915504,685.7791927208593,630.973434744268,151.8935185185185,711.4670197086864,209.02730015273875,473.8399470899471,645.1824934324934,26.890873015873016,70.50198412698413,96.25,115.94298140131473,335.3378103378103,173.5350529100529,242.08055370555368,10.615079365079366,252.26857864357862,112.24416786916787,23.145723104056437,2.5992063492063493,50.935004810004806,99.8522126022126,37.28769841269841,82.55787037037037,165.21819384319383,389.6347286972287,57.68452380952381,6.884259259259259,110.06421356421356,22.414021164021165,68.39164462081129,6.759259259259259,25.08459595959596,17.25925925925926,235.3776455026455,220.47781562119798,62.05815095398428,25.80750962000962,214.44946488696488,429.73117452722715,37.414021164021165,107.93734968734968,10.175044091710758,71.66706349206349,71.36006894340227,80.46639009139008,7.079365079365079,40.782407407407405,169.5033068783069,28.687610229276896,464.0418624585291,15.920093795093795,9.515993265993266,43.5304834054834,2.7222222222222223,8.426106301106302,2.074074074074074,91.66198616198616,10.694444444444445,12.638888888888888,3.7976190476190474,11.851851851851851,14.69510582010582,16.291666666666668,80.34523809523809,94.41853054353054,94.67958892958893,5.498015873015873,14.884640051306718,12.645502645502646,36.00396825396825,6.761574074074074,13.989417989417989,64.79515392015392,10.779761904761905,25.173489278752434,3.628306878306878,30.073653198653197,17.570987654320987,10.507936507936508,10.545454545454545,21.175491175491175,8.367724867724867,4.055555555555555,15.541005291005291,16.14751461988304,504.9564393939394,49.6058201058201,6.972222222222221,15.25242504409171,5.599206349206349,10.482804232804233,0.23809523809523808,11.166666666666666,108.37466931216932,12.30026455026455,1.1237373737373737,7.2936507936507935,14.689153439153438,4.19973544973545,6.662037037037036,23.45169056901513,74.0813492063492,3.7955347122013787,190.41992266992267,6.182539682539683,9.543650793650793,16.2012987012987,46.12181337181337,20.33531746031746,3.1666666666666665,1.1111111111111112,3.7037037037037033,4.583333333333333,3.148148148148148,3.6666666666666665,6.443602693602694,6.018518518518518,1.1666666666666665,3.6296296296296293,58.77380952380952,3.5873015873015874,11.838624338624339,11.291666666666666,2.7380952380952377,4.0,1.753968253968254,2.7777777777777777,13.25242504409171,28.281746031746028,1.9163059163059164,17.61111111111111,0.16666666666666666,2.1944444444444446,29.277116402116402,0.8333333333333334,1.378968253968254,1.8888888888888888,7.618867243867244,19.295755170755168,1.2037037037037037,7.944444444444444,4.589285714285714,5.749999999999999,3.611111111111111,0.7936507936507937,0.7792207792207793,6.537037037037036,4.611552028218695,2.0555555555555554,0.23809523809523808,0.20833333333333331,3.0,20.52777777777778,55.26785714285714,0.30864197530864196,0.35185185185185186,2.6984126984126986,2.4074074074074074,16.36111111111111,56.04316979316979,0.75,1.5,1.1111111111111112,0.0,26.448412698412696,34.519841269841265,3.333333333333333,5.555555555555555,7.730158730158729,153.5324074074074,3.333333333333333,13.148148148148149,6.707070707070707,3.333333333333333,0.7142857142857142,1.1904761904761905,0.5555555555555556,0.7407407407407407,2.0370370370370368,0.0,0.4673721340388007,0.5,8.047619047619047,6.472222222222222,2.2222222222222223,1.6666666666666665,7.837301587301587,4.305555555555555
136.23858995445283,1492.7472737795895,200.9962343212343,151.86004273504273,230.330677347344,167.8598344556678,91.70338303671637,1216.7222090032772,76.92862304536833,169.76277384185263,438.96933424237346,467.73521617280926,514.4601749340366,313.52987150830285,307.7006450073979,433.49399134972157,394.6484607984608,527.1644835043753,550.4874452907567,404.9492425784092,47.113095238095234,521.2169331692062,112.35673427128802,187.7162228495046,250.10322799179482,64.5655979240885,45.158779933661606,214.67309576332565,186.07340051923384,248.0161202631791,23.42680776014109,53.73832371332371,14.746825396825397,70.05749801371843,64.52111213230212,461.4222702249018,239.7672068490696,67.8818783068783,49.41005291005291,51.17696112261329,189.2346579803138,361.0188351771685,22.484038184038184,260.8630801297468,76.01215947426225,219.59706643774425,123.0398565859092,156.10995502082457,89.76036721563037,207.28990961146133,374.5295474043023,31.372474747474747,164.75295789903632,124.39960317460317,331.53504088504087,47.12023007856341,143.27899751320803,85.20817118611237,33.33062462229129,106.05601250601251,14.955026455026456,304.0382080779566,54.19378306878307,34.594981869981865,6.777777777777778,29.420634920634917,9.444444444444445,5.185185185185185,37.19047619047619,61.31523569023569,26.18220298220298,13.314367114367114,36.91634199134199,16.356998556998555,25.837962962962962,11.210978835978835,54.37010706407258,15.531746031746032,12.250837742504409,11.370145903479237,52.7431803490627,6.896825396825396,16.895641395641395,40.1424987049987,21.13973063973064,75.00489417989418,2.761904761904762,96.8477873977874,33.26196488696488,6.681657848324514,202.47375340708675,1.3888888888888888,13.025252525252524,22.92276797276797,17.455747955747956,129.11256608315432,33.9015873015873,22.85185185185185,6.212962962962963,16.768265104920307,58.57270550799962,57.338624338624335,1.5555555555555556,20.958838383838383,3.1316137566137563,20.842171717171716,82.07818477818478,8.551820728291316,14.84086099086099,5.092592592592593,6.365079365079365,15.513455988455988,15.028395061728395,11.740079365079366,3.7037037037037037,56.73728956228956,0.37037037037037035,15.326388888888888,30.015183890183888,21.51506734006734,32.98148148148148,4.083333333333333,12.718253968253968,54.26479076479077,5.635040885040885,9.435185185185185,4.365079365079365,10.413347763347762,52.703968253968256,51.57748917748918,66.67792207792208,65.84261706133748,8.519841269841269,18.589520810573443,1.5,2.1031746031746033,19.16111111111111,61.63308913308913,10.62049062049062,15.076398909732243,16.299603174603174,12.194805194805195,7.083333333333333,2.4074074074074074,6.583333333333333,3.666666666666667,23.5004625004625,24.100829725829726,12.448412698412698,15.177368927368928,14.253703703703703,2.3664021164021163,0.5787037037037037,53.01420982043024,4.166666666666667,10.837421837421838,0.0,0.5555555555555556,7.479497354497354,3.118406285072952,8.295634920634921,67.75757575757576,1.6666666666666665,2.0555555555555554,5.05050505050505,13.908906525573192,0.0,0.0,5.797720797720798,14.492592592592592,7.444444444444445,3.074074074074074,0.8333333333333333,15.118686868686869,10.691919191919192,14.831349206349206,0.8333333333333333,6.906746031746032,0.6613756613756614,0.41666666666666663,1.3095238095238095,2.0370370370370368,2.2222222222222223,7.7447089947089935,4.2861111111111105,38.33862433862434,7.075396825396825,1.755952380952381,0.5555555555555556,2.638888888888889,0.8333333333333334,11.735449735449736,11.629148629148629,1.2222222222222223,0.8217338217338217,3.4656084656084656,13.308890492223826,0.5396825396825397,0.09259259259259259,0.7407407407407407
15.896825396825395,1249.4505949297616,74.29761904761905,41.773148148148145,162.46227152477152,34.33201058201058,8.4508547008547,206.58478327228326,350.03293697043694,59.441798941798936,161.6657647907648,136.89357864357865,169.73242344075678,168.09343434343432,128.90384846634845,299.80490111740113,68.06393298059965,385.1213194873909,170.6684287934288,6.744047619047619,12.277777777777777,23.510893246187365,77.51587301587301,145.804826346493,27.60350529100529,1.6666666666666665,2.1666666666666665,14.395502645502646,48.81261022927689,28.419973544973544,1.5277777777777777,9.502104377104377,24.875661375661373,19.310405643738978,90.63078279744946,2.7777777777777777,21.492724867724867,13.681250847917514,7.817460317460317,76.36507936507937,2.138347763347763,3.1666666666666665,5.646825396825397,18.843033509700174,4.583333333333333,82.62449124949124,10.444444444444445,59.1531339031339,27.04292158458825,54.08838934434172,152.32200941759766,60.148569023569024,2.0496031746031744,3.8492063492063493,5.21031746031746,8.742063492063492,85.65485032396796,2.5198412698412698,29.95899470899471,3.492063492063492,2.361111111111111,184.32949457949456,10.171957671957673,4.404761904761905,12.631673881673882,12.759700176366843,72.00667388167388,10.097883597883598,31.529761904761905,1.4087301587301586,13.396825396825395,8.496472663139329,5.698412698412698,0.5158730158730158,5.464285714285714,1.0714285714285714,9.517094017094017,2.2222222222222223,0.0,1.2103174603174602,25.243735100877956,21.125,1.972222222222222,14.431929181929181,13.242504409171076,7.868827160493827,6.76984126984127,0.7222222222222223,1.2037037037037037,0.2777777777777778,0.5,1.3888888888888888,2.380952380952381,11.706349206349206,1.25,16.62169312169312,0.5555555555555556,2.5,2.5833333333333335,5.880952380952381,1.6666666666666667,10.74074074074074,8.535714285714285,3.571428571428571,3.0370370370370368,1.5909090909090908,2.0,0.18518518518518517,0.0,0.3333333333333333,9.125297541964208,1.9999999999999998,0.7142857142857142,0.0,6.5740740740740735,0.0,7.368386243386243,0.0,7.354700854700854,0.0,0.0,0.6613756613756614,7.88034188034188,0.0,8.981583231583231,1.8650793650793651,1.67003367003367,15.444444444444445,2.4444444444444446,0.0,0.0,0.0,1.4285714285714284,0.0,0.47619047619047616,0.0,0.8333333333333333,6.417989417989418,0.3333333333333333,9.755952380952381,0.0,0.376984126984127,1.375,8.333333333333334,0.0,25.831349206349206,1.1111111111111112,3.22542735042735,0.0,0.25462962962962965,0.0,3.537037037037037,11.732397232397233,0.0,0.18518518518518517,0.0,6.497354497354497,3.571428571428571,0.0,0.0,0.3333333333333333,0.0,0.3333333333333333,2.462962962962963,0.0,0.0,0.11111111111111112,0.0,1.8333333333333333,0.7407407407407407,2.0291005291005293,2.9166666666666665,31.842712842712842,0.7936507936507937,0.3333333333333333,2.638888888888889,6.9230769230769225,0.8333333333333333,15.654100529100528,4.444444444444445,21.082010582010582,0.0,3.861111111111111,0.5555555555555556,0.0,0.0,11.208994708994709,15.44047619047619,16.504782254782253,0.6547619047619047,0.0,0.0,0.0,0.753968253968254,6.546296296296296,0.0,0.0,5.348084014750682,2.0459656084656084,1.1111111111111112
1225.1025394585963,2475.271181404129,304.73928423294365,286.3919489461156,88.20997495700797,440.15042743299966,57.580319371986036,1515.2742942696373,390.4285920223441,357.9783731466523,360.03990427977783,435.1928574058476,664.613468212978,183.24441072725386,155.78409852674557,439.661321378527,414.0408487476009,969.4312219693207,674.5538649660166,239.33136914220057,34.224994912494914,393.31162098380656,86.55014715437832,209.9389691286621,153.34919514684623,3.9074074074074074,27.681090514423847,176.90668946970547,271.0135772542635,195.31164437414438,21.846659195923902,38.35081798194543,73.49313186813187,49.250457875457876,141.97031202828305,104.32266576016576,32.016006188800304,83.48010542924759,3.045138888888889,88.30051584695548,537.690783571911,36.25389344954562,4.949404761904762,188.3745752704086,70.61848799348799,156.63095406819608,34.197406759906755,451.1664832081499,118.47019869678537,165.492245635628,294.04859680632273,78.06085290889212,128.1263905847239,55.20165945165945,208.9107697857698,38.05821107904441,66.73793058793059,5.660758223258223,13.484817651484317,3.513347763347763,1.5873015873015872,107.01538612077827,39.73674299556652,81.94945289322831,3.8778813778813777,8.640873015873016,1.6512345679012346,33.29967624967625,43.175366118993566,3.5954785954785953,5.037157287157287,121.84252229252229,14.403439153439153,1.421911421911422,2.638888888888889,6.381572131572131,48.295266383179175,3.7037037037037033,1.0182342167636285,4.053843759726113,38.30493464868465,0.2777777777777778,4.4007381507381504,24.942567236684884,7.025913900913901,54.481872294372295,15.852423039923039,17.92063492063492,3.3872634646628454,5.045604858104858,0.7341269841269842,0.5555555555555556,3.333333333333333,30.706469456469456,10.901755651755652,11.193241943241944,4.569461402794736,0.0,8.964285714285714,5.114184426684426,47.95879950659362,11.199433282766616,6.408850408850409,61.698063632274156,4.613425925925926,0.0,7.7229020979020975,0.744949494949495,0.15756302521008403,5.110910694244027,8.749592999593,31.307700786867454,0.3273809523809524,33.157499907499904,4.079365079365079,13.463431305536568,5.001200188700189,3.6203703703703702,37.52398624767046,2.8520021645021645,4.083333333333333,6.564814814814815,25.057431457431456,2.1664814851089362,8.110569985569985,1.6666666666666665,6.975200725200725,3.6616161616161618,58.935649318002255,4.983465608465608,131.52469983719982,88.773409596939,1.3574619824619825,66.16700982387256,3.127104377104377,2.3333333333333335,16.350552146694515,14.302910052910052,2.8852513227513223,21.093508343508343,23.923641173641172,10.780213155342153,2.572751322751323,26.774632774632774,0.16666666666666666,0.75,19.818833213570056,22.20958652821398,0.75,1.7893217893217894,4.297739297739298,4.52020202020202,1.6335978835978835,53.12244237244237,1.6666666666666665,1.25,15.676055426055425,0.6134259259259259,1.9576719576719577,0.2777777777777778,1.7777777777777777,1.6798941798941798,0.7063492063492063,1.1877289377289377,1.4285714285714284,7.460939931528166,4.5033670033670035,15.366479925303453,21.571673696673695,2.7387300199800197,0.0,13.058922558922559,20.730910293410293,5.622461779324524,9.133340384051959,28.50523088023088,2.816137566137566,10.128478003478003,9.271645021645021,4.46969696969697,50.3716110787855,0.0,9.773809523809524,1.5972222222222223,2.333333333333333,2.9761904761904763,22.2492784992785,41.65006625545841,16.392045454545453,15.907361157361157,16.23292448292448,2.5,6.91358024691358,10.915476680182563,16.963115737589288,1.9999999999999998,2.453904120570787,3.4411764705882355,0.0,1.75
11.839616402116402,994.2297844403237,93.91005291005291,71.83255012531328,235.52705319371987,122.5507008423675,24.464794464794462,543.8692663545604,126.26592389092389,179.4220177970178,227.09731934731934,249.70260141093473,437.85444339611007,439.7868435576769,164.44439356939355,287.72628677604166,173.2261045890432,495.852392977393,582.0832732082732,75.24470899470899,114.08796296296296,203.53617216117215,142.098478681812,120.40142265142265,85.14417989417989,75.38359788359789,2.8174603174603177,181.08621933621933,97.69378306878306,61.3150352733686,1.25,47.47005772005772,24.969576719576718,54.07738095238095,54.79341029341029,322.19815832315834,226.59467928585573,75.21894771894772,0.8234126984126984,41.316017316017316,40.48721340388007,39.6385582010582,10.162037037037036,76.8388047138047,27.71031746031746,107.10383597883597,160.56111889200125,67.78643578643579,22.674603174603174,111.31349206349206,193.8107448107448,24.6501924001924,30.779405779405778,33.23845598845599,200.11007696007695,33.53505291005291,105.54756817256816,5.218253968253968,8.333333333333332,14.5,32.13139329805996,398.8609319148535,0.0,11.388888888888888,16.145299145299145,7.703703703703703,4.518518518518518,2.7962962962962963,10.448412698412698,86.42352092352093,1.2222222222222223,5.833333333333333,7.91005291005291,17.32142857142857,11.706349206349206,57.43849206349206,69.7063492063492,31.927910052910054,3.492063492063492,5.5432900432900425,15.297619047619047,0.0,9.39812271062271,2.5,0.0,30.523809523809522,1.918859649122807,28.234126984126984,86.00881834215167,11.87037037037037,15.148148148148147,2.194444444444444,6.698412698412699,1.9444444444444444,3.8888888888888884,11.670634920634921,17.1551384775069,80.00375781625782,32.39021164021164,15.666666666666666,16.339726631393297,0.0,6.666666666666667,0.0,5.0,40.13392857142857,14.517857142857142,1.3888888888888888,3.944444444444444,15.558922558922559,0.4444444444444445,1.4074074074074074,6.80006105006105,19.569444444444443,1.5,107.53174603174602,1.8253968253968256,26.53174603174603,10.256132756132756,22.998677248677247,0.0,1.3888888888888888,12.985569985569985,2.1746031746031744,0.8333333333333333,4.583333333333334,27.073870573870572,20.48148148148148,0.6018518518518519,2.7777777777777777,17.943121693121693,164.5026455026455,6.249999999999999,1.5,4.059523809523809,4.0476190476190474,5.374999999999999,6.111111111111111,1.507936507936508,8.207671957671957,4.916666666666667,13.072310405643737,5.555555555555555,0.7142857142857142,6.628787878787879,12.222222222222221,0.5555555555555556,3.9067460317460316,4.944444444444445,12.396825396825397,43.68055555555555,0.37037037037037035,5.277777777777778,8.194444444444445,5.222222222222222,6.91358024691358,0.0,0.4444444444444445,3.0555555555555554,1.722222222222222,1.1111111111111112,4.722222222222221,0.0,0.0,7.672008547008547,18.01851851851852,1.1111111111111112,2.619047619047619,25.72222222222222,0.0,9.143849206349206,8.05952380952381,0.5681818181818181,24.635642135642133,6.337301587301587,0.0,0.0,4.1269841269841265,0.0,0.30303030303030304,8.912818662818662,57.2962962962963,0.0,9.397546897546897,12.507215007215008,0.41666666666666663,4.037037037037036,1.3095238095238093,0.6018518518518519,0.0,0.09259259259259259,3.333333333333333,0.30864197530864196,0.8888888888888888,0.0,0.22222222222222224,0.5555555555555556,0.0,3.444444444444444,1.1111111111111112
1.1111111111111112,2448.8014550264547,333.2791005291005,126.19444444444444,235.99074074074073,23.11111111111111,1.1111111111111112,432.33840388007053,63.19444444444444,467.8068783068783,81.0925925925926,229.5945767195767,469.11507936507934,364.9206349206349,309.51388888888886,1027.3719983719984,393.30555555555554,601.3703703703703,835.5350529100529,67.44179894179894,2.666666666666667,86.25,21.12962962962963,674.9586894586894,14.814814814814813,218.46759259259258,16.0,197.1111111111111,240.6653439153439,31.9047619047619,9.166666666666666,83.9074074074074,3.611111111111111,19.666666666666664,144.48148148148147,270.4537037037037,203.38073192239858,94.4537037037037,5.333333333333333,21.62962962962963,26.425264550264547,27.703703703703702,8.126984126984127,68.15079365079364,20.642857142857142,111.82407407407406,223.6435185185185,55.83333333333333,45.0,115.64880952380952,494.22685185185185,12.222222222222221,32.62265512265512,6.238977072310405,59.96296296296296,9.564373897707231,79.72222222222221,3.9999999999999996,12.575757575757576,68.69642857142857,2.7777777777777777,310.6203703703704,4.37037037037037,6.833333333333333,8.796296296296296,1.6666666666666665,20.53174603174603,2.2222222222222223,2.611111111111111,9.86111111111111,4.444444444444445,10.0,0.0,4.861111111111111,0.20833333333333331,6.388888888888888,37.33333333333333,23.121031746031747,3.8888888888888884,0.8134920634920635,7.51984126984127,3.333333333333333,3.8888888888888884,7.486111111111111,1.6666666666666665,3.333333333333333,6.666666666666666,11.944444444444443,1.1111111111111112,33.22222222222222,4.476190476190476,0.0,1.1111111111111112,3.8888888888888884,1.1111111111111112,48.11507936507936,14.583333333333332,46.13095238095238,26.92328042328042,6.666666666666666,12.222222222222221,2.888888888888889,1.1574074074074074,0.8333333333333333,4.166666666666666,11.222222222222221,7.888888888888888,6.944444444444445,16.359788359788357,3.0555555555555554,0.0,3.2592592592592595,1.4351851851851851,6.198412698412698,0.0,104.2037037037037,6.944444444444445,13.148148148148147,0.8333333333333333,7.166666666666666,67.1984126984127,0.0,0.0,9.444444444444445,0.0,5.0,1.6666666666666665,2.2222222222222223,10.388888888888888,0.0,1.6666666666666665,4.833333333333333,2.4074074074074074,18.88888888888889,0.0,3.333333333333333,1.1111111111111112,1.1111111111111112,2.333333333333333,6.0,15.194444444444443,1.6666666666666665,3.333333333333333,0.0,2.685185185185185,0.8333333333333333,3.333333333333333,0.41666666666666663,1.5277777777777777,1.5595238095238095,3.3333333333333335,0.0,0.0,0.3333333333333333,0.37037037037037035,0.6666666666666666,0.0,0.0,5.694444444444445,5.555555555555555,1.9444444444444444,0.0,0.0,1.1111111111111112,5.444444444444445,3.1388888888888884,11.180555555555555,0.8333333333333333,0.0,2.2222222222222223,3.386243386243386,0.0,0.0,4.555555555555555,2.083333333333333,0.0,0.0,0.0,0.0,0.0,0.9523809523809523,9.74074074074074,0.0,0.0,0.0,3.333333333333333,0.8333333333333333,0.0,0.0,0.0,0.0,0.0,0.31746031746031744,0.0,0.0,0.0,0.0,2.944444444444444,0.6666666666666666,2.2222222222222223
5019.408433991716,16093.447094286392,1732.7848021954205,554.2133716666965,1303.8207010908109,1080.830992439029,214.67119454619453,3318.419459450368,6099.879922123809,1324.1667462516511,855.485469261656,2518.3809661151718,3083.624503000068,1691.7803439304362,785.7529229035,4401.136289168047,1500.3706563968076,4399.62220213497,3099.599762206322,191.08674658674659,219.2362712823239,569.6395281132124,348.91539775918,1632.0509567914364,1339.2065553784594,156.11810363126153,196.80365853282518,549.5454389827197,1292.3212024582817,666.4338669176924,64.85541322836887,427.77673829511167,638.7950263969872,208.72888839555506,844.6845588925298,177.8750614853556,124.21122858622859,501.69881319915777,176.70076201938946,790.9573842051244,109.94173342090008,58.04728660323289,135.06399896399896,500.34128171599565,63.31260125132674,887.660743225438,102.99379645409057,731.3641108537909,723.7529382569521,1575.2152160476282,1990.069601302243,611.1861970787625,455.07624011790676,109.6345704948646,142.36498988129424,129.9595859387526,649.5255666268597,71.02596769702032,146.61114348614348,241.89730639730638,23.14000814000814,631.4176158455311,103.33121405343627,361.53594722481,113.12062474562474,335.7132912712623,305.9333216009664,267.87404724904724,651.9986329078176,18.67211800545134,86.00629308962641,81.38585928154959,109.61985467853764,10.423280423280422,132.6434984768318,10.85918710918711,240.20572999725363,22.666666666666664,4.958765771265771,14.073472823472823,216.03566583328487,313.82419865286,69.24933726404315,522.3232816728431,263.775385400824,167.6226350809684,337.18020993656415,65.99689471748295,80.99965291920803,15.918868168868169,6.437169312169312,50.00342481592482,23.862399053188525,175.9155735332206,8.354978354978355,306.4740719520131,19.89858906525573,14.74074074074074,16.36574074074074,37.72675858092524,110.61323283198283,415.9485283235283,259.59488795518206,86.33118424785091,90.83991471491471,9.258207070707071,135.35936285936285,16.347342472342472,12.550264550264549,4.878807920474587,96.73688332460262,233.79773161616836,11.163359788359788,13.363442113442114,200.5544914267691,20.183862433862434,41.82216703050036,52.228835978835974,80.28125845889004,5.839285714285714,53.63636363636363,3.704304954304954,147.74739977371556,39.465258506925174,107.8739840406507,8.531746031746032,73.34502675263545,216.7476914969562,179.63099885734243,78.31240981240981,17.15934065934066,45.111896273660975,4.90079365079365,19.808817725484392,7.037037037037037,2.2777777777777777,32.89978377925948,37.2037037037037,25.07142857142857,47.92418583595054,23.12016687016687,87.15130833887284,18.90674603174603,118.73749984371646,5.814814814814815,32.0787037037037,18.531049603418023,93.89945548278881,14.215919701213819,19.757094757094755,9.921413381939697,53.496572871572866,56.191909669850844,39.07860793890205,6.276455026455026,12.981481481481481,65.4773173449644,26.466269841269842,2.7777777777777777,7.966269841269841,1.9861111111111112,21.428571428571427,16.175925925925924,42.19470344470344,1.8148148148148149,0.41666666666666663,93.70945258445258,24.86195286195286,61.90314623647957,75.74038924038923,12.701058201058201,17.818080068080068,692.1878001265256,38.71942454785592,21.819066694778268,85.13616244866245,21.22975172975173,19.295935545935546,265.20997304257105,11.731481481481481,1138.0490472680724,2.3703703703703702,65.16497683602947,12.365079365079366,21.756613756613756,12.004803675856307,66.59781946448614,385.68715639031683,290.98902788033223,61.10912698412698,29.761022927689595,0.875,3.5361552028218695,66.92860697762659,137.6462427606376,6.517857142857142,2.207932499599166,8.091948175281509,3.1165123456790123,8.333333333333332
1.4444444444444444,65.3510101010101,4.055555555555555,8.333333333333332,6.944444444444444,27.49134199134199,1.8055555555555554,50.02053745474798,18.333333333333332,16.617724867724867,27.81228956228956,15.279220779220779,30.99001924001924,62.58465608465608,8.88888888888889,38.63251563251563,4.842105263157895,19.962962962962962,26.724867724867725,3.5087719298245617,4.166666666666667,16.076580339738236,9.144300144300145,16.246031746031747,3.2222222222222223,0.47619047619047616,1.1111111111111112,4.523809523809524,11.793650793650793,8.126705653021443,6.666666666666666,5.037037037037036,0.0,6.666666666666666,3.984962406015037,5.555555555555555,50.6468253968254,0.0,4.920634920634921,11.11111111111111,15.776803118908381,6.666666666666666,7.388888888888888,15.564327485380117,4.476190476190476,5.984962406015037,28.77777777777778,32.666666666666664,10.11111111111111,6.675925925925926,12.142857142857142,4.444444444444445,10.396825396825395,4.144736842105263,6.786549707602338,5.888888888888888,10.303030303030303,5.0,0.0,10.769841269841269,6.349206349206349,12.26887926887927,3.2804232804232805,6.666666666666666,0.37037037037037035,0.0,28.730158730158728,3.333333333333333,0.0,4.166666666666666,2.738095238095238,0.0,3.333333333333333,0.5555555555555556,1.6666666666666665,2.2222222222222223,0.0,12.0,2.0,0.0,0.0,2.7777777777777777,0.0,2.7777777777777777,4.225589225589226,0.0,0.0,0.0,5.757575757575758,0.0,0.8333333333333333,0.0,3.409090909090909,129.16666666666666,3.333333333333333,1.4444444444444444,13.333333333333332,0.8333333333333333,5.666666666666666,0.0,2.0,3.333333333333333,0.0,0.0,0.0,2.095238095238095,18.895622895622893,0.0,0.47619047619047616,0.0,0.0,0.0,1.6666666666666665,0.5555555555555556,0.37037037037037035,5.0,8.80952380952381,0.0,4.722222222222222,6.666666666666666,1.9999999999999998,0.0,0.0,0.0,0.0,3.333333333333333,0.0,0.0,0.0,5.0,2.2222222222222223,0.0,0.0,0.0,0.0,3.888888888888889,0.0,0.0,0.0,0.0,3.333333333333333,12.777777777777777,0.0,0.0,0.37037037037037035,2.5,6.666666666666666,1.3888888888888888,7.894736842105262,0.0,0.0,0.0,0.0,0.0,3.333333333333333,0.0,0.0,0.0,3.3030303030303028,5.277777777777778,1.6666666666666665,1.9532163742690059,0.5555555555555556,0.0,0.0,0.0,0.0,0.0,0.0,0.0,0.0,0.0,0.0,0.0,1.6666666666666667,0.0,0.0,0.0,0.0,0.0,0.0,0.0,0.0,0.0,0.0,0.0,0.0,0.0,0.0,0.17543859649122806,0.0,1.1111111111111112,0.0,0.0,0.0,0.0,0.0,0.0,0.0,0.0
37.89593753196694,1368.4362390507988,80.06821295987962,59.42644700978034,128.23248635959334,34.54839604839605,25.57142857142857,173.22105869292832,775.2740779729513,124.90363762961802,51.58462366428053,384.7981064263744,265.61451840304755,145.57290548957215,47.74989824989825,229.95189551017722,71.76536895241745,417.1188040803366,323.3797415757218,14.728174603174603,3.6574074074074074,26.966159611992943,14.232343863471314,109.5226374970441,28.584896584896583,38.55820105820106,2.5252525252525255,32.42193530965461,45.15100756942862,3.1296296296296293,0.8518518518518519,7.869973544973545,32.352971102971104,13.15079365079365,30.688371813371813,0.8693528693528694,21.02777777777778,25.145558826363033,0.6111111111111112,128.15458254244655,15.783045658045657,2.0,3.1818181818181817,26.89271050300462,7.216931216931217,48.59957943291276,32.78719613719613,54.963624338624335,15.567947646895014,43.365543488350504,93.00908222324631,26.906976133283322,8.222222222222221,0.8095238095238095,37.7962962962963,11.650232483565818,25.96091871091871,2.208333333333333,5.034391534391534,1.075036075036075,0.8333333333333333,122.86676917948847,13.276014109347441,19.43904172309745,47.93302068302068,34.73819390486057,8.867652246083619,6.493025493025493,19.09491629228471,0.2564102564102564,0.23809523809523808,0.37037037037037035,5.6234567901234565,0.15151515151515152,4.166666666666667,0.0,0.5787037037037037,4.285714285714286,0.18518518518518517,6.003043253043253,8.997354497354497,23.654274575327207,16.435185185185183,57.37045957616133,19.808201058201057,8.25925925925926,11.602318800401015,0.31746031746031744,7.473905723905724,0.8249158249158249,6.481481481481481,3.111111111111111,0.2777777777777778,9.564933523266856,0.5555555555555556,1.380952380952381,0.3571428571428571,0.9259259259259259,0.0,9.80599647266314,0.0,8.648629148629148,10.037037037037036,2.5,2.017195767195767,0.0,6.4153439153439145,3.333333333333333,0.0,2.876984126984127,1.8719305385972054,2.097478544846966,0.0,0.6666666666666666,1.3988095238095237,0.0,12.962081128747796,1.3333333333333333,0.0,0.0,3.7037037037037033,0.41666666666666663,6.164021164021164,0.0,1.7623456790123457,0.9523809523809523,4.126984126984127,31.286980285509696,0.0,1.3333333333333335,1.6666666666666665,0.0,0.0,0.0,4.861111111111111,0.0,2.5,1.4603174603174602,0.23809523809523808,13.905999229528641,0.3333333333333333,0.32407407407407407,0.3333333333333333,0.2897395002658161,0.0,0.0,0.5147058823529411,0.0,0.0,0.0,0.0,7.984848484848484,1.6085858585858586,0.0,0.0,0.30303030303030304,5.185185185185185,0.8333333333333333,0.0,0.0,0.0,0.0,0.6666666666666666,1.0,0.0,0.0,2.682539682539683,1.0925925925925926,0.9382716049382716,0.0,0.0,1.3782051282051282,8.457799281328693,0.31746031746031744,0.0,3.666666666666667,1.9126984126984126,0.0,29.07070967340575,0.0,56.75870054119968,0.9523809523809523,2.7777777777777777,3.3333333333333335,0.0,0.0,0.20202020202020204,9.351851851851851,9.114718614718614,0.37037037037037035,0.24691358024691357,0.18518518518518517,0.9523809523809523,0.0,4.480935135905896,0.0,0.0,7.169312169312169,0.8024691358024691,0.0
25.98743386243386,701.8922728506061,130.49933862433863,23.57936507936508,131.0667704615073,92.35714285714286,10.682539682539682,107.79298941798942,162.74305555555554,133.02910052910053,214.9491341991342,135.56872294372295,222.32208994708995,755.1944444444445,93.31866281866282,155.59833222333222,105.59842472342473,186.50412087912088,244.4889601139601,5.810185185185185,2.333333333333333,67.46145983645984,28.599206349206348,79.70899470899471,12.337301587301587,1.3675213675213675,31.60945767195767,20.841269841269842,80.38955026455027,76.03021978021978,7.361111111111111,6.738095238095238,22.68987493987494,21.949795574795573,69.54761904761905,22.39033189033189,4.761904761904762,118.43538868538869,44.85227272727273,14.603956228956228,2.2222222222222223,0.5555555555555556,18.64033189033189,59.92352092352092,2.1666666666666665,43.57539682539682,0.47619047619047616,54.83994708994709,56.24443843193843,90.01190476190476,123.8780363155363,69.59821428571428,101.4920634920635,31.79030229030229,20.896825396825395,20.77777777777778,32.1046176046176,3.138888888888889,2.2369852369852365,10.418650793650793,16.5,73.22751322751323,11.04695767195767,83.7536075036075,1.1111111111111112,0.47619047619047616,0.0,6.5,49.007529507529505,5.008771929824561,5.476190476190476,4.476190476190476,6.777777777777778,0.47619047619047616,3.6111111111111107,0.0,58.9890873015873,0.41666666666666663,0.2777777777777778,3.7777777777777777,13.36202686202686,11.222222222222221,3.8888888888888893,48.00330687830687,0.0,8.884920634920634,11.881734006734007,6.518518518518518,6.7103174603174605,0.3333333333333333,13.680555555555555,0.47619047619047616,3.9298941798941796,10.486531986531986,1.6388888888888888,6.26984126984127,0.0,0.0,0.2777777777777778,6.351521164021164,7.726190476190476,8.10042735042735,8.0,9.220238095238095,0.5555555555555556,0.0,23.902116402116402,1.6666666666666665,2.6666666666666665,0.23809523809523808,5.814814814814814,4.642857142857142,0.0,0.5555555555555556,0.2777777777777778,0.0,2.425925925925926,1.3095238095238093,2.333333333333333,0.0,0.0,2.380952380952381,4.495405179615705,18.430555555555554,3.234126984126984,0.0,1.574074074074074,1.0833333333333333,5.082251082251082,11.055555555555555,0.0,0.0,3.5,1.7393162393162394,0.0,0.47619047619047616,4.317460317460317,0.0,0.0,0.8333333333333333,0.0,26.22691197691198,0.0,1.0282186948853616,0.2777777777777778,1.369047619047619,0.0,4.642857142857142,2.115079365079365,8.5,1.6666666666666667,9.972222222222221,2.333333333333333,1.25,0.0,3.333333333333333,7.993996743996743,0.0,0.0,0.0,0.0,8.265873015873016,1.6666666666666665,0.9523809523809523,0.0,0.0,0.5128205128205128,0.0,2.2222222222222223,18.119047619047617,0.5092592592592593,0.0,14.313390313390313,0.0,0.30303030303030304,4.814814814814815,1.6666666666666665,0.41666666666666663,11.625661375661375,2.518518518518518,17.276942355889723,0.0,3.194444444444444,1.3888888888888888,0.0,2.142857142857143,0.0,9.54040404040404,2.083333333333333,0.2777777777777778,1.1111111111111112,0.0,0.0,2.5595238095238093,0.0,0.0,0.0,0.0,0.0,0.0
219.5850140471893,990.0162587227805,110.783954008954,60.06953449600508,65.6437189353856,57.000946584279916,12.0,446.0262308426008,205.3175149806102,100.41514888620152,239.55321838655172,128.30084269493454,233.2099431622023,119.55758000933439,78.11034009563421,234.73361367352595,191.55446095299035,377.5604785484171,303.0599882869491,28.490107115107115,16.782862199528864,41.69258056758056,8.558922558922559,119.24410311910312,29.22766117324941,19.051044634377966,19.443121693121693,112.67805034471701,128.8920446025709,29.867533592043394,30.848927875243664,32.97149147149147,6.487745098039215,45.30605875605875,51.19960424565687,21.186628186628187,6.014559514559514,72.00048814561198,11.19047619047619,28.36994090111939,44.216329966329965,6.634920634920634,9.554193899782135,70.89537658751213,12.416666666666666,46.04022829022829,49.88354040139754,148.95023063356396,16.825657367324034,71.46894124394125,125.05828106266702,14.03313661646995,71.00502928444105,19.50769582632328,61.82507615840949,71.84577305410639,45.66324570491237,2.3076923076923075,6.402116402116402,2.0,2.7777777777777777,85.36315536315536,2.412551440329218,31.696960446960446,1.3888888888888888,17.421296296296294,2.257495590828924,4.052910052910053,2.6666666666666665,2.3566339725760015,53.86609088079676,11.237595737595736,11.911111111111111,2.5132275132275135,0.18518518518518517,0.37037037037037035,46.180270256250644,0.6878306878306878,2.1170340380866697,0.31746031746031744,10.318820068820068,0.5611721611721612,1.777777777777778,4.311507936507937,9.778712028712029,18.14475801975802,8.546296296296296,6.036495911495911,29.013139638139638,3.2407407407407405,4.666666666666666,0.9090909090909092,17.885787701577176,29.16793854293854,1.9663299663299663,9.451899951899952,2.148148148148148,1.25,1.6666666666666667,3.2884800384800386,9.05932030932031,14.471230158730158,0.8835978835978836,26.355396147062812,10.829365079365079,8.105820105820106,8.628747795414462,0.22222222222222224,1.9576719576719577,1.7901234567901234,1.8777777777777778,48.49612887112887,0.6666666666666666,0.0,0.0,4.166666666666666,4.2063492063492065,3.181778098444765,12.605047959150125,3.2688792688792687,7.0092592592592595,3.333333333333333,1.0555555555555556,1.6545584045584045,3.1746031746031744,0.0,10.006868131868131,1.6666666666666665,17.582010582010582,4.574074074074074,3.9444444444444446,13.48080808080808,0.2777777777777778,3.3306878306878307,0.537037037037037,0.8333333333333333,3.4035594035594037,11.356481481481481,0.0,0.726010101010101,3.333333333333333,22.22864172864173,0.0,0.5277777777777778,1.1363636363636362,0.0,1.5993265993265993,25.941137566137566,0.75,0.0,0.7407407407407407,1.826118326118326,0.0,20.037037037037038,0.5555555555555556,3.7777777777777777,2.523148148148148,0.6666666666666666,3.738536155202822,1.0123456790123457,0.0,0.0,5.857142857142857,0.42592592592592593,0.4809269162210339,1.0173160173160172,24.333333333333332,1.619047619047619,70.39617327117327,16.742063492063494,0.2777777777777778,4.295454545454545,21.22294372294372,0.6734006734006734,9.564814814814815,29.02777777777778,0.2777777777777778,3.4896384479717812,0.5687830687830687,0.0,7.324527324527325,0.0,3.5396825396825395,0.41666666666666663,2.6355820105820102,0.0,24.410493827160494,3.3531746031746033,1.3888888888888888,0.5555555555555556,0.7407407407407407,0.7407407407407407,1.857142857142857,0.5401234567901234,1.9503519356460532,0.0,0.5650489861016177,3.727272727272727,0.0,0.0
47.32903439153439,1615.007295519594,233.67229460167388,146.20412141464772,214.06650892680304,92.8547334169504,3.583333333333333,691.7970202251967,106.51149366698147,450.8730564748988,78.77513227513226,256.18163071496406,601.2218060915501,267.01076238576235,353.8875661375661,764.1529622346103,163.71165497919884,344.84809403559404,675.1787254119873,58.652574277574274,47.604497354497354,89.96998371998372,96.3476831810165,280.7440476190476,185.78117892456126,193.97779072779073,9.993172535993535,134.46097883597884,125.8931139632359,102.46759259259258,8.432539682539682,38.27988215488215,8.591931216931217,41.28835802209786,186.71970815991713,235.31729844229844,136.52583868589966,69.92857142857143,17.833333333333332,54.38167388167388,64.43806810473477,51.41421568627451,10.21164021164021,13.439990850869064,28.12962962962963,200.33531746031744,287.37983440112913,59.76221599751011,71.08597883597884,293.63960457037405,285.2913165266106,21.303488178488177,152.48407148407148,5.222222222222222,64.23055555555555,18.73815536315536,155.2061087061087,2.587301587301587,13.84163059163059,37.036976911976915,15.69378306878307,406.72448347448346,2.4325396825396823,5.765993265993266,44.201118326118326,2.111111111111111,6.936688311688312,1.3253968253968254,6.362433862433862,9.333333333333332,0.0,7.2023809523809526,3.373015873015873,10.859788359788359,1.6666666666666665,66.0787037037037,56.03434956569631,43.95539953873287,13.40674603174603,10.404761904761905,14.12169312169312,5.0,10.113328664799253,8.945767195767194,9.166666666666666,13.539021164021163,2.38401559454191,21.363756613756614,13.168891293891294,11.444444444444445,11.349206349206348,1.1666666666666665,10.838189588189588,0.6712962962962963,3.361111111111111,13.899470899470899,30.92487531961216,252.2044372745592,53.285968660968656,4.694444444444445,3.944444444444444,7.619047619047619,0.9722222222222222,2.4206349206349205,5.972222222222221,63.383898508898504,5.094576719576719,0.41666666666666663,8.09920634920635,6.6396103896103895,0.9325396825396826,9.364321221793862,12.518849206349206,18.166666666666664,4.476190476190476,128.26256613756613,30.365079365079364,13.936507936507935,8.266113516113515,31.874458874458874,2.7777777777777777,4.027777777777778,2.6666666666666665,0.3333333333333333,0.0,3.0555555555555554,0.3333333333333333,4.406565656565657,0.41666666666666663,0.41666666666666663,3.75,37.38492063492063,0.3333333333333333,9.666666666666666,6.83531746031746,1.3888888888888888,1.3333333333333335,10.939814814814815,0.5555555555555556,4.443681318681318,11.0,0.8333333333333333,0.0,1.130952380952381,1.3888888888888888,1.1111111111111112,0.8333333333333334,0.0,0.22222222222222224,8.531746031746032,18.126984126984127,0.0,0.6666666666666666,3.4305555555555554,7.611111111111111,1.1904761904761905,0.5158730158730158,0.0,6.722222222222221,3.1547619047619047,1.3888888888888888,0.23809523809523808,0.0,1.0,7.444444444444444,22.070887445887443,0.18518518518518517,0.0,1.8650793650793651,3.518518518518518,15.723544973544973,28.24278499278499,0.15151515151515152,4.166666666666666,0.0,0.0,0.0,0.8333333333333333,0.09259259259259259,1.3888888888888888,4.191919191919192,37.3476800976801,0.0,1.4444444444444444,0.15151515151515152,0.41666666666666663,1.9047619047619047,0.23809523809523808,0.41666666666666663,0.7407407407407407,0.5555555555555556,0.0,0.0,0.22222222222222224,0.0,0.0,0.5555555555555556,0.0,3.6111111111111107,0.5555555555555556
5.29100529100529,487.69095256595256,125.21560846560845,59.93040293040293,81.21572871572872,36.432539682539684,1.6666666666666665,85.89197530864197,63.03902116402116,35.93229918229918,11.6005291005291,70.69047619047619,134.2907848324515,100.47927689594356,95.72354497354497,47.73412698412698,28.04100529100529,134.3142551892552,64.13263125763126,6.668771043771043,0.7222222222222222,15.654761904761903,44.854497354497354,133.859126984127,16.76984126984127,32.20238095238095,0.5555555555555556,19.998456790123456,23.323412698412696,12.553825803825804,3.444444444444444,10.705026455026454,9.5,1.1904761904761905,48.581228956228955,3.583333333333333,5.694444444444444,4.294871794871795,0.3333333333333333,53.97156084656084,5.138888888888889,3.7037037037037033,3.5277777777777777,3.685185185185185,2.3095238095238093,19.642857142857142,28.483044733044732,35.963624338624335,16.587301587301585,35.13912938912939,43.082431457431454,12.168209876543209,6.777777777777778,0.0,3.333333333333333,4.166666666666666,18.36706349206349,4.017857142857142,9.560185185185185,16.82936507936508,0.0,95.49603174603175,12.014069264069263,5.357142857142857,46.23412698412698,0.47619047619047616,17.142857142857142,5.282051282051282,13.773809523809524,0.0,0.0,3.5576923076923075,3.333333333333333,3.333333333333333,4.166666666666667,7.777777777777777,3.0416666666666665,0.0,0.0,4.166666666666667,2.238095238095238,16.587301587301585,0.0,15.055555555555555,2.142857142857143,25.17063492063492,4.7023809523809526,3.3333333333333335,0.41666666666666663,0.5555555555555556,0.0,1.4444444444444444,0.0,3.8095238095238093,5.833333333333333,4.285714285714286,3.134920634920635,0.0,0.0,5.361552028218695,0.0,0.0,0.0,2.380952380952381,0.0,0.0,0.0,0.0,0.0,3.333333333333333,4.978632478632479,0.0,0.0,0.8333333333333333,3.333333333333333,0.0,12.21031746031746,0.0,0.0,0.0,9.444444444444443,0.0,0.0,2.083333333333333,3.071869488536155,1.9523809523809523,4.685185185185185,1.1111111111111112,2.2222222222222223,0.22222222222222224,0.0,0.0,0.0,0.0,2.638888888888889,4.444444444444445,2.5,3.6666666666666665,0.9259259259259259,0.0,0.0,0.0,4.166666666666666,0.9696969696969697,0.47619047619047616,6.666666666666666,0.41666666666666663,0.0,0.0,1.6666666666666665,6.666666666666666,0.8333333333333333,54.547619047619044,0.0,0.0,0.0,2.5,0.5555555555555556,0.0,7.474053724053724,0.0,0.0,0.0,0.0,0.0,0.0,22.125,0.0,0.8333333333333333,0.0,0.0,1.25,3.1018518518518516,0.0,0.0,0.3333333333333333,1.8333333333333333,0.0,0.37037037037037035,1.6666666666666665,0.9444444444444444,0.0,0.5555555555555556,0.0,0.0,0.0,3.8888888888888884,2.0,0.2564102564102564,1.5,0.0,0.18518518518518517,0.0,1.4814814814814814,1.6666666666666665,0.875,0.0,0.0,0.0,0.0
501.8747964997965,5678.304272116772,961.2278445048053,647.2559523809523,673.8690281668222,456.420695045695,111.02777777777777,1867.7092090008755,1058.7708371875037,1154.7551006092672,494.31878306878303,1361.3151455026455,2182.7313712522046,2556.8128306878307,794.6493992118992,2073.301948051948,690.3769841269841,2269.9656084656085,2727.5219795636463,160.01113007363006,79.21693121693121,357.8146244187911,508.1814713064713,2436.1560083435083,148.03337403337403,517.119708994709,89.28108465608466,405.31427368927365,592.0692733192733,239.99801587301587,93.76388888888889,220.04536127452792,261.4920634920635,111.59559884559884,500.747150997151,180.73289442039442,306.037037037037,187.0154532967033,63.01234567901234,387.2103174603174,334.84327246827246,72.18425324675324,118.635582010582,371.8478835978836,84.26278659611992,935.6151464276464,287.96296296296293,562.0046296296296,228.4132904132904,1160.5309443642777,1022.6477642727642,137.60305435305435,205.30820105820104,123.06448412698411,128.4090354090354,82.10515873015872,448.0996642246642,62.19047619047619,226.90211640211638,462.05291005291,46.022817460317455,1294.9232804232804,51.59469696969697,261.1008597883598,193.17592592592592,32.20833333333333,616.9325396825396,91.51058201058201,171.8372556093144,46.73611111111111,171.98611111111111,62.1765873015873,125.22453703703704,69.34887566137566,99.79629629629629,83.19444444444444,147.15238773572108,123.54431216931216,18.966269841269842,37.55555555555555,81.6984126984127,179.48611111111111,65.06349206349206,250.36882716049382,133.81301106301106,154.73611111111111,181.10858585858585,95.44047619047619,58.638888888888886,25.65578403078403,39.882936507936506,21.924603174603174,82.75,44.18386243386243,20.50925925925926,74.45000601250601,52.40013227513227,25.11111111111111,105.45039682539682,90.30026455026454,137.7649954212454,87.16512345679013,43.03174603174603,49.70238095238095,61.22222222222222,13.402777777777777,108.19378306878306,12.36111111111111,34.0515873015873,36.23015873015873,49.81625781625782,70.42283950617283,34.625,17.69307081807082,20.05753968253968,91.60479797979798,17.38888888888889,16.157407407407405,95.2986111111111,45.81944444444444,956.7619047619047,32.81349206349206,41.94444444444444,105.8611111111111,62.104395604395606,12.055555555555555,16.685185185185183,56.332070707070706,113.758547008547,41.785714285714285,29.20316788331494,94.67058404558404,37.638888888888886,37.50936100936101,17.11111111111111,30.670634920634917,34.583333333333336,96.38624338624338,81.38194444444444,96.64814814814814,92.19444444444444,16.5,60.432539682539684,8.88888888888889,8.916666666666666,60.556517556517555,27.564814814814813,45.51448859782193,12.703703703703702,24.997474747474747,10.257936507936508,11.222222222222221,82.19496244496244,89.53524743230625,4.069444444444445,12.833333333333332,8.967086834733893,7.235449735449736,30.694444444444443,23.152777777777775,6.230158730158729,49.166666666666664,2.638888888888889,13.217592592592592,6.666666666666666,3.8888888888888884,174.9074074074074,20.277777777777775,20.373015873015873,36.60548941798942,29.078373015873016,27.36111111111111,312.56582306582305,11.25,36.734157046657046,54.02777777777778,35.333333333333336,8.125,11.583333333333332,42.77777777777778,8.08910533910534,16.5,25.17361111111111,12.5,6.527777777777777,21.72222222222222,27.61111111111111,11.537037037037038,2.0,4.652777777777778,2.7777777777777777,5.416666666666666,7.906084656084656,4.444444444444445,24.85185185185185,34.2063492063492,9.082167832167832,19.52777777777778,16.284391534391535,67.94179894179894
1.875,16.779761904761905,10.13888888888889,2.2222222222222223,2.5925925925925926,1.6666666666666665,1.0,28.241402116402114,2.7777777777777777,2.013888888888889,1.6666666666666665,14.518518518518517,8.406746031746032,0.2777777777777778,0.37037037037037035,1.6666666666666665,0.23809523809523808,7.777777777777778,0.0,12.261904761904761,0.0,1.1904761904761905,1.7777777777777777,0.0,0.0,0.0,0.0,0.0,0.0,9.682539682539682,1.6666666666666665,0.0,1.1111111111111112,0.0,0.0,0.0,0.37037037037037035,0.23809523809523808,0.0,0.0,1.0317460317460319,0.787037037037037,0.0,25.23148148148148,1.1111111111111112,0.0,0.0,0.0,0.0,0.0,0.0,3.8095238095238093,0.0,13.055555555555555,0.0,0.0,0.0,0.0,0.0,0.0,0.11111111111111112,0.0,0.0,0.7142857142857142,0.3333333333333333,0.0,0.5555555555555556,0.0,0.0,2.0555555555555554,0.0,0.0,0.0,0.0,0.0,0.0,0.0,0.0,0.0,0.0,0.0,0.0,0.0,0.0,0.0,2.4074074074074074,0.0,0.0,0.0,0.0,0.0,0.0,0.0,0.0,0.0,0.0,0.0,0.0,0.0,0.0,0.0,0.0,0.0,0.0,0.0,0.0,0.0,0.0,0.0,0.0,0.0,0.0,0.0,0.0,0.0,0.0,0.0,0.0,0.0,0.0,0.0,0.0,0.0,0.0,0.37037037037037035,0.0,0.0,0.0,0.0,0.0,0.0,0.0,0.0,0.0,0.0,0.0,0.0,0.0,0.0,0.0,0.0,0.0,0.0,0.0,0.0,0.0,0.0,0.0,0.0,0.0,0.0,10.093253968253968,0.0,0.0,0.0,0.0,0.0,0.0,0.0,0.0,0.0,0.0,0.0,0.0,0.0,0.0,0.0,0.0,0.23809523809523808,0.0,0.0,0.0,0.0,0.0,0.0,2.083333333333333,0.0,0.0,0.0,0.6666666666666666,0.0,0.0,0.0,0.0,0.0,0.0,0.0,0.0,0.0,0.0,0.0,0.0,0.0,0.0,0.0,1.6666666666666665,0.0,0.0,0.0,0.0
