12081.15299658044,50698.866607248776,5242.274474632206,9947.318540833307,3471.0723366103257,790.318465426186,3010.7957273203097,31575.7237548441,447.7492142131461,4572.060251960936,6418.989378750064,2968.784763450529,5390.767439053147,267.7580372260547,3552.1999409552254,5782.388392132962,1123.1237391054883,3512.0645891598765,131.84193940979654,567.9370030705476,1089.5018539286984,6668.767844289671,92.52390572390573,1764.011929406084,2446.4518048752902,19374.872028831047,2557.633581419047,256.9988539450163,119.00722609284136,1294.7140577559694,951.7454947829948,4384.554236406286,3903.221387736347,737.227205356372,387.9389162881036,495.7671972095181,761.7760125942494,311.8828491330468,993.0133490544317,308.6257394727728,6321.778638376889,202.4784839343663,134.82164912830547,100.74613575422399,823.8573217715007,325.79707104900604,139.41681695657104,11397.341617536555,5620.895021262436,5319.792656249894,1290.0012035122218,3797.930330453698,2266.53675211364,2313.710685464362,5347.999950435173,1309.571392637656,2882.4732650036804,1402.4505823636073,728.5528666672574,866.2725548716351,12405.130530844328,324.2906429741569,1100.9507759669525,933.4708763352526,87.76776398265062,1368.948174146878,1713.3899971727546,2195.0440852975767,3356.7768874780836,240.9495643293181,392.48246587580604,505.8710835217414,157.15575396825398,353.5538670916573,42.07417027417027,4996.990833524602,222.77704623017715,11338.085868390022,10984.68697447935,150.29201422216127,10245.964769237147,18906.128846860636,10.721017871017871,570.3014862208447,685.9738969486027,354.8810032414755,755.7834436055988,344.2638886606469,47.04163614163614,211.74832583755366,708.6361784717257,85.10755968392594,46.29687326520357,1381.8004033684706,31.776253119208107,788.1894764883854,3240.445701411851,88.1565934065934,228.73383724119017,130.0228736949325,69.13086835550071,102.02135642135642,281.942329964879,58.238095238095234,1634.3251123905386,144.75221119036908,19.797268907563023,213.72917102390787,152.1095195654019,1090.150642885666,71.14407395955014,460.26017885623145,802.9801169793456,2814.488163474791,45.55820105820106,118.09297706650648,14.274531024531024,72.15828615828616,100.61666666666666,344.65161556852735,211.11332880082878,65.1727741153315,535.5388598813282,81.70004660599248,187.21270920437587,160.30087068256196,1079.4048877533871,169.37284959049666,121.33432539682539,88.62837162837162,309.57205196162863,30.318317276405512,31.866883116883116,529.1225344171938,28.04581301051889,71.21933413808414,7.497292250233427,26.333333333333332,233.46675680557257,169.8582662610722,1585.8025228403824,193.04103812042408,833.3965957423286,262.69285344285345,440.2484011868711,69.26641822230057,507.7590255656293,107.79602750190985,61.2030192030192,145.3937368187368,5.185185185185185,24.112002376708258,86.55450513538749,140.58586511527687,55.63694653952532,66.85335497835497,29.39664502164502,6.266468253968254,129.97225228475227,127.67074314574315,106.54387431740372,671.4049439964004,67.52827380952381,22.869047619047617,73.58783846872082,17.72571806500378,22.08903516792861,45.83914647730437,105.00928932178932,29.724997224997225,95.69113756613756,162.04297785547786,380.308053058053,177.6165071040071,81.95140966119227,34.336507936507935,187.05696252417854,12.200202575202574,56.40963203463203,361.6582985979538,142.32440886876975,185.78615998652762,54.870726495726494,101.04635642135642,33.97230467944753,91.8376756413521,75.62726856476856,76.1327485380117,133.92401677842855,83.50119787619788,102.03265639589168,0.0,127.90773115773115,17.625,3.118686868686869,19.0,120.98364952578908,48.240481941568895,7.023809523809523,77.06409909534909
1346.670833054065,4469.728735386962,404.2016743997136,380.5532730209201,949.1501524360384,30.41176470588235,501.58993157800745,824.5456311147487,17.866666666666667,148.4868510868511,407.6221187142098,81.71714285714286,226.5933075933076,25.60732600732601,63.764634146341464,413.0774914774915,175.66982323232324,256.97222222222223,22.914529914529915,292.64474819074934,25.083333333333332,1570.923364085308,47.70833333333333,480.896149825784,113.37209302325581,117.83523665876606,36.13492063492063,72.17948717948718,47.13939393939394,322.97133775123973,30.75152625152625,900.9713578096828,286.4465811965812,32.80647313980647,18.77897897897898,15.559540889526541,267.88615153615154,31.77777777777778,18.95876887340302,88.33333333333333,55.49251238957121,5.0,24.257692307692306,1.6666666666666665,74.30555555555556,717.8943598884775,12.0,766.2817168337045,410.94963497831145,584.0658476658476,147.14880952380952,209.81340956340955,735.6883953296472,171.7969092786166,354.5325828642902,236.12214501185088,137.13742803742804,147.17396792396792,17.0,87.5,54.83669108669108,15.769230769230768,32.64913844325609,19.901587301587302,98.28903903903904,52.56631631631632,66.92444444444445,80.17643467643467,336.3593019785093,20.185185185185183,183.55079275299863,76.91666666666667,14.454545454545453,65.14520202020202,53.551587301587304,110.38824177920304,13.790123456790123,1933.4140823642383,1855.7450019550988,8.055555555555555,1737.774139700596,1670.108963591406,0.0,65.83333333333333,3.8444444444444446,11.002968877968877,11.666666666666666,23.055555555555557,62.5,74.20327076699625,6.666666666666667,3.0555555555555554,16.946666666666665,53.14017094017094,5.0,17.452380952380953,197.29268554268555,33.42948717948718,35.83333333333333,10.0,10.2,55.0,8.372093023255815,365.42906830514437,22.333333333333332,10.416666666666666,23.783783783783782,20.4,28.493589743589745,8.0,15.53921568627451,9.411764705882353,11.25,54.666666666666664,10.0,14.777777777777779,649.2444444444444,50.15555555555555,17.083333333333332,0.0,0.6666666666666666,34.166666666666664,96.52083333333333,0.0,6.8,7.457264957264957,17.36243386243386,7.0,12.408119658119658,1.1111111111111112,68.15079365079364,0.0,10.0,1.0,0.0,2.2222222222222223,3.4294871794871793,25.006006006006004,0.6637596899224806,6.944444444444445,10.555555555555555,28.75,5.6,22.5,6.7073170731707314,6.097883597883597,62.833333333333336,56.598484848484844,37.90427927927928,3.799249530956848,3.6666666666666665,28.884090909090908,21.72222222222222,1.6666666666666665,4.966666666666667,0.7567567567567568,3.333333333333333,0.0,6.666666666666666,1.0,0.6666666666666666,50.807720057720054,12.166666666666666,23.51126126126126,9.166666666666666,24.583333333333332,0.0,4.583333333333333,26.454545454545453,0.0,0.0,10.0,0.5662393162393162,3.111111111111111,4.0,1.6666666666666665,5.7142857142857135,0.0,6.0,12.38095238095238,0.0,0.0,5.0,11.520833333333332,0.0,0.0,3.1372549019607843,0.0,0.0,13.829999999999998,1.5384615384615385,0.6346153846153846,2.7777777777777777,70.59294871794872,0.0,3.333333333333333,0.0,0.0,3.0,0.0
4850.576006267661,26545.371254915808,958.867226693621,1707.8707781459266,1018.956575295271,77.95486815420288,4456.969961335303,7214.799002590328,153.7086372262069,1242.8786779466313,1766.2706981989556,542.2496860814801,1249.0545908488748,273.04820178028524,398.31730538382595,1363.039406841128,186.46697611397795,857.229387276672,237.89723347910896,414.1404638910253,250.5809691637821,2114.184560041299,317.44914914696056,499.8027191268967,309.263952084448,2303.5105269203495,334.08525243553436,93.37124801945956,124.8825671868537,908.6426094469745,123.60898740878382,1068.5371961955732,1507.0106432056325,141.19184993801497,23.617988220929398,51.10784869503357,121.29283805931878,68.89884580659981,444.69223135636867,48.96277096697265,388.86578967138826,40.38814593793485,30.86934544758074,25.173914313200026,278.2026883496007,206.70605976751997,29.334077705156137,2378.4124740206053,2289.857626043235,1600.9726215032588,326.7476135616388,946.0998611766896,1220.1360235435884,529.1368420345862,1679.8294096342315,869.2517953373925,440.66192769677394,189.06893282483728,20.0721462879624,111.47880394625423,770.7134696264827,71.96132283491909,41.18277224674788,412.9690225802942,121.01754148787147,217.22743595620574,557.7147145265055,313.6881081152305,3746.874490699121,63.483856720621425,48.36053523564633,97.12656175094256,82.19810266187574,55.22383077074158,52.399138203414516,644.7188236600001,93.11491685511294,2330.056635525329,6565.979189313428,73.01597842361684,5071.224831008601,7796.849989856677,16.49855225695562,114.2515596315091,42.98025515265348,59.5388787697718,49.76141353923881,29.25289393146536,57.17291795506081,33.33103510553201,92.37371131824914,215.27016112971995,600.2006602731956,223.88439018275247,25.817460317460316,85.81642374653211,228.67745843488288,27.408239577882433,61.38561600009079,12.15631998720234,2.575221075221075,64.94035039035039,48.25574679826017,44.1088486676722,77.84430210312563,88.13274854660304,15.347671119729943,14.06055573815314,53.43065584742055,67.35201125904908,14.797911083625369,98.78218477429003,220.1740163998424,490.3296654312664,11.728770140534847,14.719598583234946,33.59883674348334,24.91708832293248,11.431147610559375,128.445211651094,59.703854016354015,16.834787209177453,32.724525665384434,28.487772941344367,20.216991341991342,34.24071378812758,242.53521631644,31.864620766721607,49.11250901875901,7.5476190476190474,16.90042365042365,51.12450895901754,75.99891774891775,106.61000873154234,7.1357256940461,22.176839826839828,14.191653934300993,6.951566951566951,15.847680097680097,26.68309910170965,77.31884802992815,57.19697385947386,52.44709071260795,5.272203325774754,147.49386259160235,26.10882997023419,100.1883789275405,131.49433957286783,58.66264753764754,9.679232804232804,24.09589022089022,130.84848818658924,134.90194026594455,77.34600122100122,83.1900801393107,9.558201058201057,52.92137478534537,9.822853966873106,20.60816366173509,6.0643939393939394,119.3952208417449,95.28610684459552,4.7114526098901095,11.133432743726862,7.238095238095238,39.62745393417662,22.265928515928515,43.95845531734218,28.790501165501166,20.83807173218938,209.56252279466565,33.15115833922325,25.191808191808192,24.567534084340807,158.0703377060962,133.41554834054833,64.47685262503333,13.934968082026906,30.942716331408306,53.52472859683122,6.401827801827801,7.070436507936508,53.44155844155844,6.3734335839598995,32.331940606291255,52.3476902046755,5.0426739926739925,80.0951223581747,3.7619047619047614,118.50655178155178,64.73351974822563,47.12830687830687,11.191635745207174,15.555555555555555,7.771753899695076,69.82334386746152,7.337301587301587,158.61838799315578,21.121287753018134,11.133955180418997
1438.245322290062,3380.514050761187,249.3906746031746,377.388608412786,691.4098571080478,1.1111111111111112,161.58487103174602,616.7733725374785,50.34325396825397,56.79265873015873,822.7442880648763,68.92113095238095,73.86003947033359,15.836542950513538,171.26542207792207,146.20569381598793,33.15034722222222,269.5740740740741,110.85534266537556,395.8591315074674,69.29312678062678,587.9542963980464,526.206716853408,55.210978835978835,116.16291238717709,129.69599700372726,15.351934523809524,309.62321787689433,141.2142857142857,447.23288690476187,41.36607142857142,209.6981752928444,161.60801663614163,242.33638181993445,15.039880952380951,195.0437682748538,1206.1347322768513,15.836805555555555,21.687094155844157,21.92956349206349,55.07023809523809,25.744791666666668,53.6875,7.884672619047619,35.104166666666664,769.1830853174603,6.717105263157895,723.588440696587,254.7284684065934,70.20337301587301,24.479166666666668,241.32069956187604,101.7605463980464,86.1827876984127,861.2703192241809,54.50843253968254,373.38676960795766,101.80357142857143,13.125,6.009375,206.3696575719602,229.29315476190476,2.369791666666667,62.99258563074353,224.48363095238093,6.979166666666666,37.439258658008654,12.384920634920634,46.04620927318295,73.88244047619048,97.90625,5.56547619047619,8.652777777777777,6.9642857142857135,7.125,96.96546052631578,174.42741402116403,1363.8292145906946,1233.4274648962148,25.705853174603174,535.3979914396033,1068.7780650671712,30.479166666666664,0.0,3.1770833333333335,5.694444444444444,0.0,1.7361111111111112,119.79620927318295,0.0,0.625,19.290029761904762,1.2000000000000002,34.87405303030303,2.0,2.867063492063492,27.34970238095238,27.771329365079364,0.625,0.9523809523809523,8.240079365079364,4.0625,30.872023809523807,2134.0539720026563,60.92063492063492,4.583333333333333,17.5,2.1875,81.55059523809524,1.6458333333333335,1.5486111111111112,40.145833333333336,1.7929292929292928,4.723651960784314,1.75,13.862938596491228,40.25,5.75,1.7361111111111112,1.4620535714285712,5.0,24.489583333333332,0.0,8.88888888888889,4.142361111111111,3.625,0.0,56.762362637362635,90.28025793650794,1.375,0.0,12.65625,6.366666666666666,9.678571428571429,15.625,10.778869047619047,113.89732142857142,209.73389077853363,9.166666666666666,5.714285714285714,7.81984126984127,22.407738095238095,5.848143424036281,7.666666666666666,0.0,1.4285714285714284,0.0,15.666666666666666,84.61162710698314,49.75,14.705555555555556,0.0,0.0,0.0,0.0,4.444444444444445,3.75,0.5555555555555556,0.625,1.25,0.0,9.166666666666666,14.357142857142856,78.89335317460318,2.5,39.416666666666664,25.46875,0.0,0.0,8.260416666666666,23.348958333333332,0.0,0.0,0.0,0.0,0.0,0.0,0.0,0.0,3.3333333333333335,4.5,2.142857142857143,3.111111111111111,8.66170634920635,0.0,20.0,0.0,0.0,5.833333333333333,0.0,13.601438492063492,2.864583333333333,1.8489583333333333,535.6733247617535,6.371162280701754,0.0,0.8407738095238095,3.333333333333333,0.0,10.0
2966.4509773495133,8329.975936163659,499.4748153243005,1586.783535942176,811.1813172832486,57.29060068471833,659.9026947294427,2918.1367026069474,31.63650097465887,389.2471256952286,747.210384399742,129.9465237539283,395.8214358988869,108.39856417328038,348.8824042181111,427.41886531513006,33.97381311498959,1354.9911155411046,34.025252525252526,113.29045150755677,202.4245035837915,751.9461456714258,6.8240740740740735,258.5314075749576,212.11859317296623,807.3801547623162,42.312749287749284,8.26377217553688,17.76850707603303,307.59527246009526,82.3519784309258,774.73408334552,1322.087083198703,257.4976736011953,43.59682327476445,230.6250379737222,135.49592192007051,52.66914825618034,100.78971945810181,17.91736694677871,147.97879711838337,18.062874711288025,109.61256798756799,24.805540194239885,41.382337872640186,685.5991742136913,25.64073225249696,1966.0849851363212,1274.2820734477643,620.9273240302367,195.77387379514573,808.6629517772988,643.3708603374045,351.18015980359894,2793.5043406629634,903.3603393407769,1020.9547502348586,483.2053935028393,35.61735527544351,69.22909805336276,632.0370603079084,65.40404146507088,18.69327831156278,133.98743862346802,106.48178651843513,3.75,206.81054882469078,151.81462812786341,287.03557663484054,75.26665141990219,104.6608651864192,106.63333246586835,21.589156715317706,36.21813118655224,12.173486672712679,540.1648486792174,232.95490660153973,3124.0094120166636,3859.876693293329,2.1204368243841927,1767.6810863440394,5763.236134656504,1.794234360410831,26.132647671863356,86.95887144331417,38.76592389092389,33.69412501842842,11.274533098725934,440.47706855019436,12.632728330566676,0.7142857142857142,124.0029360760785,2.8275275922334746,155.85028663616947,4.645604395604396,5.699463118580765,161.82166712261412,83.9961889726651,9.273629964806435,6.458333333333333,9.522317007611125,14.885076252723312,18.651996598745825,3.2570806100217866,74.55110583860584,65.45218996689584,7.374074074074074,22.44048857059693,32.37013936356041,47.31278945921803,10.275375939849624,35.01474238122845,35.77727123237959,80.65951167282437,4.87037037037037,20.280366863958196,8.343137254901961,17.92471988795518,10.587532264776847,583.5083482642576,4.338235294117647,42.69064675577833,4.16750208855472,17.97790597345551,23.765993265993266,20.12946204122675,236.1741699572969,50.262486193716846,74.78572165708388,18.16076957098629,5.277777777777778,38.09627312592999,0.0,26.04343894123306,3.580808080808081,18.810379707438532,3.3333333333333335,54.4497955040193,12.038089225589227,11.30952380952381,16.54040404040404,52.330341130942735,0.8796296296296295,20.13188608776844,4.083333333333333,32.92922779057233,75.38211951447246,1.0,8.462121212121213,7.907176157176157,2.839506172839506,0.5,1.137955182072829,40.96998181557005,1.2265512265512266,6.50375939849624,0.0,2.5129233511586455,9.753798670465336,39.33406593406593,17.674274559758658,44.34899749373434,4.504390217625512,20.41764828738513,3.5243867243867246,0.0,9.302521008403362,24.612769855416914,10.233333333333333,9.84848484848485,125.97768894905117,18.40807823927019,43.182434498765765,13.734709824918804,40.28290786011374,35.96855105678635,16.80172675130658,1.1428571428571428,1.7031024531024532,6.190476190476191,9.08858543417367,41.75178960473078,10.022727272727273,46.730367920693,1.6666666666666665,9.340883402802907,3.1367880485527544,0.0,12.685665604578292,0.0,645.0741682475252,8.46468074409251,5.1060606060606055,0.0,2.6964285714285716,0.0,5.873015873015873,0.0,0.8333333333333333,3.6309273709483794
5115.718970868837,19053.529794328817,1887.3649996164127,3040.674002276614,1706.1380325004495,287.0992424418342,2203.889864745557,8077.452075254789,85.57357900384216,1056.284032340621,2478.7814123856874,352.96164039486246,1278.6253315788858,152.65799207024511,823.0243042057947,1870.9846826429755,127.33354804237156,1902.60880481211,49.687018722903886,224.43332633425513,689.3267333232725,1941.7789113217748,57.629199504199505,1098.3533757678265,313.71294608522373,1867.6392010470818,183.21535805464376,49.304159348277,41.371924919090844,352.99425029063076,64.23475215351645,1877.917981858618,2175.5288912055134,446.8478339220065,77.92257856522562,128.49652491757755,105.82340431899256,124.76283804488139,183.75596850093962,40.49803709362533,337.23098264260193,54.456126049160105,200.41098203790511,45.51619631651513,261.0147600065777,999.8660986405656,69.79948397453558,3190.4225048245053,2671.0443734988216,1798.5000997870882,702.5547923836116,1058.7139036179065,947.0297591473404,1054.161549119871,5288.009894709589,1732.0586338885375,1338.5317015064952,696.7794365155191,49.474841894201944,105.88055430059737,1222.3251503750976,127.0293213050566,146.489724501388,648.5604113112959,262.8306515579057,94.15154556135063,724.5980568143447,615.9570126331431,1644.001589177351,122.36738878596464,81.4950958594772,90.75751324256109,103.87101608320096,189.3122836173892,37.90254621253073,902.9508318021279,271.92781536202585,4148.203425896435,6832.72640487053,57.306616065898965,4772.313667310309,9203.248616676728,23.374942315289506,194.67575956444819,159.79032182826745,53.56631871215205,86.5269461876273,51.34535506564844,297.3256801949913,39.80366116409349,6.375661375661376,87.76006790010301,112.80388568048414,351.4157795467815,6.764652014652015,184.12334389896307,305.77896922954255,192.499236915148,121.4160330597735,17.19163059163059,37.036628384229004,34.48263319831947,46.108841994110314,55.00854700854701,111.32549333382667,60.01250469516724,5.123015873015873,127.27511755693976,90.18631441657757,121.77763399783439,68.88658279667051,95.61385762500313,331.3870246132303,422.2567653297186,10.488095238095237,29.67867986846315,16.65590536914066,49.58601661930686,8.429183475623104,482.5492111398329,30.53948165124636,59.51272517144918,21.945855685204055,65.43806198899631,72.73522102443671,26.971293930677685,308.8415298715558,44.26535508919962,195.15087423970937,32.50401739643225,6.0680523180523185,108.43222815065465,15.087301587301587,145.08308942069445,8.143647275520303,12.889465817406993,17.0,99.18159845011901,21.53108003108003,21.646598369987725,42.8531746031746,38.45227060356294,19.559455976122642,20.34375617958869,67.42287269608698,79.43399871219222,216.12309426490097,72.17071595875943,50.12187812187812,8.055717430717431,1.2962962962962963,14.377104377104377,23.238235294117647,102.03972474770794,48.892781534085884,5.635327635327635,29.872585596441805,7.362833932493375,26.299096846715894,76.24296814296814,107.4727433801506,63.18033691454744,17.37252655772876,34.835087719298244,9.049963924963926,19.704948646125118,6.5579322638146165,53.83531690188037,28.926739926739927,29.02841602841603,605.1311899267859,96.28556170083357,228.49684500989972,93.01161103820709,99.69196329302902,160.09654237090584,56.69794820475935,7.852813852813853,10.594877344877345,15.561933436933437,15.422722702134466,15.643925518925519,1.791958041958042,22.076727152849443,4.533910533910533,110.64687818177885,13.999991838227132,50.13880409713743,14.617493151106595,45.49832915622389,275.61972190081065,60.61570183629007,16.448375037660753,4.388888888888889,0.0,3.5185185185185186,6.8011463844797175,22.43478260869565,2.3120915032679736,29.117517903753942
3767.4012375030884,9482.970992050135,704.5766899186208,652.9165759680187,2006.4847831634936,25.86613423126581,920.2383904621375,2958.3575202861753,525.9987592775628,491.25690788461134,3807.1612534919677,162.8784924534298,367.49405458089666,43.75189100095115,507.0980438911597,854.4669250245526,191.40306882877076,1105.727532618781,29.209056816199674,894.045390393836,363.8140745254467,2460.9574642074185,250.4349993959512,1153.3916833487986,406.0914236746144,581.822082154131,58.003653976210366,121.42689616639196,1076.938498167491,930.6803150390014,100.93751204935415,1363.2986039074265,1577.9549752288485,54.56150793650794,91.61845238095238,56.15708142906285,977.3371426096656,186.49462036276498,202.84267320288438,58.020050125313276,677.3832352167964,18.995091896407686,19.790257252326217,111.83960035525695,188.82697329330455,2234.875542692072,415.8608255276666,1701.656772338551,2410.382302414817,1225.5075709478572,472.9399576833958,1158.316928517614,979.7376307290433,292.7605251197931,1502.2405001525638,993.5341080606781,2255.9613313278937,809.2181754965922,48.25994640280354,39.994965986394554,628.6269438018122,185.90791080264765,79.10839007984906,75.76290887475098,264.0948088824822,141.33068204553632,1255.9250355175195,682.0245105800059,375.7308619530501,242.66021319497753,382.6581562056794,67.11956975772765,16.42423383494812,45.758757011576556,49.294337937195074,366.5810274109644,526.6386045840198,3054.3808708611527,3724.2940906464896,25.619543019227894,4535.100312779184,5454.804897582029,4.175222925222926,35.865967234847155,29.782637071922785,28.848171565276825,34.43015873015873,25.357456140350877,777.9541205739661,6.517510632642211,47.75974658869396,16.584743107769423,34.96203102453102,41.356009769875314,8.226190476190474,13.611695906432749,117.35815405866268,364.686339111668,198.6516365901041,5.677408483329536,54.78863826232247,14.646999443052074,84.18360304137975,531.3553903719325,97.42215160918168,15.142857142857142,4.4414021164021165,74.09511278195488,46.32116920812409,24.61925647451963,45.00041771094403,27.450429996560025,7.62962962962963,69.63208092381024,8.875,61.36767195767196,41.947681704260646,24.208106575963715,4.711988304093567,17.96009546009546,41.07242063492063,21.881150525887367,48.35042964554243,47.954945491016915,71.0602705507154,52.40047042208696,97.04775828460039,42.69945697577276,250.69715956558062,21.364661654135336,6.349713569638381,116.08131843094249,16.00907029478458,27.700438596491228,62.72856383382699,95.59261260790866,24.116246498599438,155.13900281005544,27.21331720774805,25.535714285714285,25.98233679436687,12.214285714285712,28.799594223654374,60.49272486772487,5.277777777777778,16.1795183982684,25.845887445887445,9.297504025764894,15.709523809523809,12.718046183835657,3.4058201058201054,8.456018518518517,26.136554318697176,15.550595238095237,10.719444444444443,4.954887218045113,2.3343325791855203,8.674603174603174,22.109126984126984,73.73575307315909,1.6666666666666665,53.69613108401255,39.413690476190474,53.13851593268886,42.29744002864304,19.942708333333332,6.107503607503607,4.680351672832876,4.0476190476190474,1.6111111111111112,269.6890302053836,0.6666666666666666,0.5,10.0406223893066,10.967476623823373,5.476190476190476,2.095959595959596,2.611111111111111,2.4047619047619047,13.95275888133031,35.31494386287619,12.347557098331093,109.38314536340852,72.22473667829705,0.6212121212121212,1.6666666666666665,38.29359857978279,3.202380952380952,7.571492011438721,10.644841269841269,206.80300481166086,814.6017718378399,14.571846282372597,41.21303258145363,4.622222222222223,0.7555555555555555,47.55489417989418,6.25,2.1405228758169934,51.15668455917516
463.13616083860444,1237.9448079524207,129.27992550821497,113.48103592314118,339.29161561310684,28.57142857142857,117.95311791383219,550.8166257243638,44.657936507936505,34.73015873015873,455.92738095238093,27.409003107415803,7.470899470899471,8.253968253968253,70.01143235071805,183.965515436944,32.753571428571426,100.60241874527588,25.126984126984127,126.0588485101643,70.72266701552415,230.5866402116402,77.32539682539682,32.701058201058196,18.32142857142857,153.63574711281478,33.771541950113374,107.57539682539682,24.896825396825395,24.38968253968254,1.5476190476190474,147.1235827664399,160.20291005291006,4.37468671679198,8.458730158730159,17.708333333333332,97.99027926960258,22.26984126984127,4.353741496598639,0.625,76.38463718820861,5.625,15.654761904761903,3.867063492063492,11.25,327.25333694083696,1.9342105263157894,256.4677880748259,140.29695767195767,173.2286470143613,9.444444444444445,215.3249604892462,96.41547619047618,16.75974025974026,393.0863900823487,59.785714285714285,230.55573615411075,42.21459435626102,5.7142857142857135,8.371428571428572,109.81778010349439,1.1071428571428572,2.007936507936508,14.584377610693398,51.716269841269835,16.904761904761905,63.15575396825397,46.8031746031746,31.740398344345714,5.823192239858906,14.722222222222221,1.7857142857142856,1.9444444444444444,4.8809523809523805,0.5,62.589226041293706,80.1806216931217,504.73701814058956,520.3856137909709,19.775132275132275,548.553802299365,469.5689416994868,1.25,3.3154761904761902,2.708333333333333,6.428571428571428,9.523809523809522,2.2222222222222223,62.64616402116402,10.95238095238095,0.5555555555555556,0.0,12.4,9.88548752834467,1.6870748299319727,5.7936507936507935,20.663359788359788,26.066468253968253,1.0555555555555556,0.9523809523809523,1.6666666666666665,0.0,4.787698412698412,279.0871914635072,32.4781746031746,10.0,0.0,39.99999999999999,18.083333333333332,14.523809523809524,0.7142857142857142,0.0,0.0,20.324675324675322,3.75,4.434210526315789,3.0555555555555554,1.1904761904761905,2.2222222222222223,0.0,0.0,2.333333333333333,3.214285714285714,2.5396825396825395,3.3531746031746033,1.25,19.126984126984127,3.6111111111111107,24.77777777777778,0.0,1.4285714285714284,0.888888888888889,0.0,4.55,0.0,6.251190476190476,24.023809523809522,25.34278155706727,16.238095238095237,0.0,5.337301587301587,0.0,14.01914840010078,0.5555555555555556,7.015306122448979,14.693452380952381,12.499999999999998,0.0,2.8833333333333333,5.571428571428571,2.3611111111111107,0.0,0.0,0.0,0.0,1.7857142857142856,2.5,0.0,0.625,26.666666666666668,0.0,8.16326530612245,6.684523809523809,0.0,0.0,0.0,1.2222222222222223,8.333333333333332,0.0,0.0,12.625,1.7857142857142856,0.0,0.5555555555555556,0.0,0.0,0.0,0.0,0.0,0.0,0.0,12.261904761904761,6.111111111111111,1.0648148148148149,0.0,0.0,0.0,0.0,0.0,0.0,15.500198412698412,5.277777777777778,0.0,37.851190476190474,2.263157894736842,0.0,3.7261904761904763,0.0,0.0,3.7152777777777777
3177.8828314724096,14361.50985516354,583.4214740189004,1694.7232443482442,1694.1612253308267,477.36889422306086,430.68686685046976,9275.242931040193,553.6373020361991,192.82589285714283,412.2223194833489,8.75,2266.1006204261603,31.681547619047617,89.14682539682539,1224.0566545704896,15.319444444444445,967.927365866704,169.27579365079364,803.934857626034,27.764745670995673,887.5254128587461,166.56506769374417,500.22848808326745,34.9828431372549,18.75,2.0,454.6517512307953,110.52971548467872,970.9002976190476,720.1070367540956,613.7087102031954,1189.8420057593335,27.37847222222222,29.595238095238095,10.624999999999998,12.666666666666666,3.333333333333333,8.666666666666666,1.6666666666666665,10.972222222222221,6.125,2.0,7.5,18.462301587301585,49.30196886446886,2.8472222222222223,512.6708188558517,889.0524925866065,452.3165716529847,683.4493539548686,200.6363503734827,1093.059219043602,371.17551035565737,165.8809678883208,39.54460572107631,15.07966216789746,123.45090593865103,8.75,2.817460317460317,30.36706349206349,4.375,7.2181372549019605,246.41006093579622,8.403361344537815,150.3618352644088,276.0653235653235,194.87400793650792,122.30699950920538,10.909090909090908,484.44159765355414,14.187003968253968,232.59451312576311,9.40079365079365,41.603896103896105,26.334821428571427,0.9090909090909092,1777.7489211317577,1807.9210509832556,3.0,3037.264299815865,6488.780085529405,27.595238095238095,1.75,0.0,0.0,9.166666666666666,0.0,40.55453696630167,7.053571428571428,130.85869685869685,6.553030303030303,38.868085618085615,0.0,165.14800538513774,152.12012987012986,0.0,0.0,87.06150793650792,0.0,1.1111111111111112,4.999999999999999,0.0,0.0,0.0,373.59335122938063,585.6843589417118,0.0,11.5,0.0,0.0,7.357142857142857,0.0,0.0,353.7215537730243,0.0,1.0,0.0,2.0,36.51835317460317,49.86896804176216,57.82142857142857,0.0,0.0,0.0,12.395833333333332,280.4783827283827,0.0,0.0,0.0,0.0,0.0,13.333333333333334,0.0,0.0,2.0,5.928571428571429,3.4375,0.0,9.666666666666666,0.0,0.0,0.0,0.0,16.483233065953655,7.142857142857142,0.0,19.19642857142857,472.61538033045383,0.0,277.2508806552924,16.666666666666668,11.38095238095238,61.76896591970121,42.58333333333333,0.0,9.4265873015873,117.52383364638267,0.0,0.0,22.220238095238095,0.0,0.0,204.27034702769996,0.0,3.968253968253968,526.5924214674214,769.0780908977503,34.66035006660007,0.5833333333333333,51.153361344537814,2.2916666666666665,17.458964646464647,0.0,0.0,34.18601720991427,43.561778499278496,63.18841513878279,113.56724811136576,72.55408480408481,0.0,25.166666666666664,0.0,0.0,12.741161616161616,53.89930555555555,0.8333333333333333,340.37102644087935,1.6666666666666665,10.121527777777779,0.0,0.0,0.0,1.4285714285714284,9.999999999999998,13.666666666666666,0.0,200.14189514189513,50.626488095238095,0.0
7679.226037861328,22617.400703780288,680.9675672361049,1736.9277906321008,2352.826887468923,135.0647546897547,664.4010736188308,5468.305253702165,65.23934837092732,150.96362433862433,2977.036579887239,533.4644004732809,408.7571044546851,139.42965367965368,636.4000799764482,740.4519686662544,220.37794751544752,351.1265324181991,24.657467532467532,39.766955266955264,139.46120314870313,5563.4182514376935,31.567460317460316,324.80353635561966,311.35560874170153,1383.0179003503758,344.0412341439109,3.0555555555555554,11.11111111111111,210.82072012954364,49.99603174603175,1742.921894785272,3329.116236339946,36.12319624819625,49.50291005291005,40.74455077086656,1437.6462092098095,33.31963869463869,238.20391414141415,55.05555555555556,887.9777307081105,41.20551948051948,12.166666666666666,29.77713687752051,88.38306878306878,1059.21563020313,31.48333333333333,2712.903554425189,1273.9972791177904,2653.1223809626385,173.84764397395975,1135.7361977690925,2595.4487760601196,713.3583821459524,618.6360425690135,565.9225649701261,555.3199171199171,698.2283307223775,42.02068934963672,105.2579365079365,1081.7814074327232,107.30667748430906,128.1342893217893,82.49003297070672,446.5047348484848,148.41183990939254,266.1912443063759,255.20374748708082,189.57826197478096,178.43331128747795,52.62698412698413,84.91173641173641,5.952380952380952,40.777182539682535,1.6666666666666665,1597.6048212821881,460.9694472194472,1927.5628210169834,6634.1533872419695,26.86111111111111,2902.130466599981,4260.5271571568355,1.6666666666666665,44.707837301587304,54.87576312576312,25.641233766233764,46.61441798941799,59.19890873015873,739.9032883102735,66.88280423280423,40.93009459676126,41.4054834054834,0.5555555555555556,41.65234086900753,7.325396825396825,65.46428571428571,681.4302144865225,157.93290043290042,379.8413623413623,55.4176282051282,12.617424242424242,31.704721204721203,48.301587301587304,73.96428571428571,92.86658249158249,5.523809523809524,7.5,31.04251283846872,2.8571428571428568,22.675925925925924,14.907407407407407,159.8560606060606,147.6194472194472,431.8974794778592,85.66666666666666,34.2063492063492,0.0,6.407407407407407,9.777777777777777,18.06878306878307,2.527056277056277,70.5166998034645,89.53505291005291,20.303075396825395,44.89930555555555,20.35185185185185,301.1532691165044,45.82142857142857,132.3436068659473,27.523809523809522,15.713397713397713,18.374338624338623,3.833333333333333,28.75587468087468,7.26412037037037,23.67893217893218,0.5,14.836734693877549,18.140873015873016,5.555555555555555,123.28034767926071,4.951298701298701,175.7630958547625,7.7559523809523805,17.779761904761905,8.407407407407407,40.06283068783068,4.523809523809524,0.0,51.25811688311688,0.0,1.0,2.857142857142857,5.0,1.4968253968253968,22.795815295815295,12.757575757575758,0.0,1.25,22.368253968253967,4.8051146384479715,260.5627578420364,12.402777777777777,74.79444444444444,24.481646825396822,0.0,0.0,12.202380952380953,16.324115212273107,21.709876543209873,115.43425925925925,76.418430335097,62.05555555555555,52.28836718836719,12.396392496392497,751.414669655741,7.416666666666666,4.722222222222222,0.0,25.956024367789073,12.200757575757574,56.39055389055389,0.0,10.741402116402115,4.953030303030303,7.625,15.928571428571427,5.0,28.15865800865801,3.8888888888888893,2059.6996814058134,5.0,61.73148148148148,0.8333333333333333,0.0,4.0,0.0,133.7609126984127,214.9345238095238,29.50534188034188
534.5417632093488,1603.4800834104972,206.69548594050315,216.9521322241271,527.7012374276328,19.948646125116714,57.89420076973879,188.92593653623064,6.438608776844071,32.44444444444444,226.8958098375904,32.91388888888889,70.95734126984127,1.3928571428571428,27.043070073557878,67.53390878090366,16.019418979713095,156.10515873015873,22.083333333333332,78.76314363143631,36.172222222222224,587.7401628673149,28.06984126984127,143.35840108401084,40.95868347338936,113.60573593073593,3.442577030812325,41.67857142857142,25.083333333333332,100.92063492063492,17.79365079365079,115.18816811277357,37.22286769780376,15.246031746031745,5.180905695611578,21.431036941948367,184.29568494064293,2.000700280112045,7.429829655439411,5.0,49.98592195498889,8.0,14.458333333333334,3.669467787114846,15.336601307189543,670.3126984126984,20.166666666666664,212.76863029764752,102.99585703718564,57.14005602240896,11.569444444444445,89.72681725303208,117.49104580856732,39.491482771970574,119.51376198668676,72.52264239028945,100.08968253968254,19.28968253968254,5.294117647058823,4.511111111111111,57.41425868593051,39.12091503267974,3.0,7.711111111111111,109.04701133326894,11.946778711484594,17.364612511671336,30.07142857142857,20.354111156657783,8.776190476190475,9.755555555555555,3.333333333333333,0.6666666666666666,3.333333333333333,4.583333333333333,9.68380502607547,68.21626984126983,465.1866667457133,924.5043017419054,8.3,397.7999948759992,313.7904556944729,6.0,7.408963585434174,4.902777777777778,4.088235294117647,0.5555555555555556,3.7222222222222223,35.93650793650794,1.25,0.0,4.289110644257703,1.2000000000000002,19.555555555555554,5.0,0.0,42.787173202614376,24.88888888888889,0.0,1.3333333333333333,3.9989495798319328,1.875,21.30952380952381,1677.4213055700538,12.484803116648958,0.0,5.333333333333333,10.833333333333332,3.1666666666666665,2.5,2.5,3.3809523809523805,15.666666666666666,5.7595704948646125,0.0,8.083333333333332,17.555555555555554,2.0,0.0,2.5,2.0,25.833333333333332,18.69047619047619,3.333333333333333,1.5952380952380951,2.380952380952381,0.0,13.586134453781511,22.25,3.888888888888889,1.5441176470588236,3.7499999999999996,0.5333333333333333,0.0,20.028011204481793,8.938492063492063,0.0,7.6020408163265305,0.0,8.0,31.88919022154316,17.055555555555554,12.649659863945578,0.0,6.346713658952446,0.0,2.916666666666667,0.0,8.666666666666666,5.142276422764228,10.0,0.0,0.0,0.0,0.0,3.333333333333333,0.0,10.555555555555555,0.0,0.0,0.0,14.784313725490195,1.2698412698412698,23.488095238095237,0.5882352941176471,0.8333333333333333,13.333333333333332,0.0,0.0,1.6666666666666665,13.166666666666666,0.0,0.0,0.0,0.0,0.0,0.0,0.0,0.0,0.0,13.222222222222221,0.8795518207282913,0.0,0.0,0.0,0.0,1.6666666666666665,0.0,0.0,0.0,13.619047619047619,2.5,0.0,293.57146070303963,0.0,3.8392857142857144,0.0,0.0,0.0,0.0
1408.6859908070699,4706.4743917359365,572.310812048207,885.1577007710314,653.6976031750223,22.132215007215006,107.58728927845293,1606.375295804536,103.2266406562625,116.85803203524897,638.7337372435172,104.18020782243839,238.53070496110357,22.47278253406626,142.7510240645966,196.6074043558267,16.972290018948755,472.43086500487817,51.89884198143127,203.18538457049485,174.32526532368968,686.7288944618251,61.93962039944182,745.3589051451971,161.25738554940236,388.2759624200455,57.760089452447644,104.76371148692577,23.720238095238095,101.58523459222991,68.41780462184873,437.1691693496398,616.6456367908366,98.5422671261487,29.398489446283563,38.06728489840912,161.54892153432345,77.72655618721318,48.37124433106576,59.549778244631185,79.60442480063223,1.953125,12.217261904761905,26.59581389373931,22.82644547718077,865.3201524728711,22.595036499448263,842.8965636997132,477.2313334754525,550.9661943189567,152.04642096737683,496.99030654316425,293.59563447036567,118.81501106888794,819.3449628945592,600.7334849685045,727.3326029040107,322.203879808579,15.232934840602907,27.243548366316222,175.07417650074382,29.7718545751634,21.302708974390477,32.017954450520236,41.12881690820932,12.425245098039214,133.6521600742493,98.09858827628435,9.232314036725802,55.514078213381616,131.6745783520745,34.72538925857424,4.679550049684945,12.956787260358688,30.67942176870748,204.7987908081893,1298.1448482011092,1622.7817127502249,3551.475183884908,5.514860110710951,1582.36382819559,2886.4698423353207,2.895833333333333,12.180272108843537,14.775621233341822,10.523504273504273,12.783730158730158,41.143323996265174,225.55785214072338,7.979166666666666,9.394491129785248,7.844436612364244,0.0,36.28294094751138,0.9682539682539681,3.7797619047619047,80.98005011297136,139.08010620915033,40.00949009066269,6.053571428571429,19.22982804232804,30.31135531135531,95.80492401639017,154.55909863945578,47.994735015218204,3.9174832413029006,7.7593370681605975,18.4321923582953,19.878974316999525,6.96458810797046,6.569287802840434,44.81098551860936,1.1111111111111112,53.81912007227133,2.46875,30.609962406015036,4.559523809523809,26.69403215831787,5.638652390780874,82.89970137957314,0.0,0.0,13.446678671468586,11.486601691958834,71.66273706452277,13.008786848072562,50.44175648697707,20.99576956339727,114.1139414098973,8.75281954887218,5.714148159263705,92.60290552701267,5.204081632653061,8.384920634920634,12.650974025974024,18.253559757236225,8.733630952380953,53.92575187969925,2.083333333333333,1.7857142857142856,16.399885522390775,6.919642857142857,9.613520408163264,14.547560690943044,0.0,17.677350427350426,9.138912762074527,0.0,26.480158730158728,2.028361344537815,0.7142857142857142,0.0,0.0,0.0,0.0,2.0050125313283207,0.0,2.4058441558441555,3.6904761904761902,8.339923469387754,16.77871762740184,66.6330277725125,11.982804232804233,25.8443198185707,7.771219851576994,0.0,0.0,0.8843537414965985,0.0,5.411931818181818,116.41459491143938,9.0687656641604,0.6994047619047619,20.31032733575135,0.7142857142857142,0.0,0.0,2.043067226890756,1.0714285714285712,7.020408163265306,10.71813725490196,11.399572649572649,24.404761904761905,38.0980300336918,0.0,9.527571156054128,9.81798552754435,1.4047619047619047,9.19203169072507,0.0,388.9544425333204,6.2455357142857135,7.0176091269841265,7.0476190476190474,0.0,0.0,2.6145833333333335,0.0,0.0,0.0
7570.890125194893,20144.110518095717,2099.3287814748405,3670.185990855408,2588.9920151386564,71.93711459891426,1310.621059049199,7981.254703464505,488.1571080322853,1130.7521877027586,3785.2029060727928,344.60695565561946,1003.9515448666224,151.04463328560922,559.3387955381899,1377.1138349463092,90.98857189602934,2702.2156246904797,37.18066987228171,1274.7944029671378,1192.5935583614921,4691.548814726467,348.498758232054,2529.7260090822497,993.5208871101482,1588.8067148598868,196.59849969924565,165.13149277193395,461.17373887593806,665.7180677553199,374.4907533986481,1801.468181703188,2483.1529667007926,369.31070185547736,153.28566574464406,156.79380706761705,944.4040897702919,283.7630197467078,335.16796249097297,235.40997815394098,636.6676500204373,73.64942504498426,48.10438560481664,188.26936320864772,94.4894174868246,3975.097400203321,325.71753051758503,3113.9153764689654,3795.6462748423955,2227.697733799088,699.5647886366705,2292.11884847741,2203.7080029277063,679.2792744688369,3637.925595205105,2281.4525275550545,4421.382557942694,1967.7822091734683,96.73591865135208,69.60381881154908,1104.202244025754,223.8228664445576,92.62442472853657,172.01806258852181,434.1422198787911,85.37935696471716,1081.0862927109408,706.5486019009344,212.00362044827204,424.838555683919,469.28630050309107,102.64491484034828,59.153987129141925,65.70176156832503,99.26417448292449,1001.8426275148545,3082.7900370049565,9353.2898849226,9632.42167175999,48.91599604041867,6654.395472251115,10910.734408460572,8.59567004632794,43.950563487844185,49.0143998417599,24.992343913396542,62.168981946845726,66.98396708497327,3367.735118988644,37.89765680226206,55.0358393259838,148.28051009926256,22.852971102971104,135.2483441654899,5.37588065529242,50.39156920077973,314.8258734894131,747.5945270095112,247.5560958935572,29.641040100250628,67.37966116271069,33.50566845148889,283.03968047852686,252.40732879391769,261.9448726139129,12.130374119344708,15.210844438785616,79.67248644243612,61.548979586518286,57.16606442090188,79.97324276600592,82.07283957442627,13.202589807852966,298.59777611207335,41.290188297541235,186.0264105428837,19.42367195537052,43.69041800493413,46.42285688454419,96.23738086042975,5.794677871148459,88.56129111757981,49.449298826388606,32.28842526754291,164.78400718409748,45.52513227513227,189.57101602904444,129.99323827330792,556.316305368608,21.763464167411534,31.70688209494324,253.59525474787986,22.763852813852814,86.01770009122451,20.80226892990051,286.5605430402644,80.68702731092436,370.4426752635786,32.89195566435468,21.214285714285715,57.099036777635845,26.21895141895142,34.502656041665865,76.69497272593247,4.901960784313726,55.816037666037666,20.59885178819002,3.611111111111111,39.7596488392928,21.13266622438449,14.35332503371719,1.8333333333333333,4.158974358974358,27.343831588579487,23.498809523809523,1.5789473684210527,0.75,1.5126050420168065,22.291866028708135,119.91031935900357,23.569223985890652,80.1055926357784,36.7469992129083,145.35892292190667,31.418206975772765,16.583333333333332,17.726453081232492,13.651773335596864,16.38780195839019,6.119002525252525,471.27657631883835,43.83473330409605,67.45757261744103,41.96562792499325,0.6083333333333334,60.27926138708623,33.441290455576166,12.939169000933706,14.796918767507002,31.025446775446774,29.731430477560508,81.73094948280706,29.207535885167463,132.29143102482885,9.841558441558442,15.811202935351542,50.316987321244284,39.22408963585434,40.18669529099945,5.413324979114453,719.2421901757386,717.5044197897332,52.891735731373885,36.999957000344,6.24419714057872,0.0,22.42278439153439,9.413580246913579,22.305555555555554,60.81004588728343
6780.7722085659825,24263.2328693492,1864.5885191147843,4147.288578414433,2446.9037681488485,343.8531026075618,1977.1721358428617,10116.597593767647,189.64007821352968,1053.642576439957,3440.5303969073493,1051.6636348822467,1132.5751922560237,169.48211614318978,1842.8758689980525,2957.5086792780253,443.5204089144791,1395.4708782901025,290.98885679466036,407.8784871204666,604.6509647449774,4383.420071198676,336.8032068246879,892.815817725053,908.1374585642038,4775.904024577632,885.9043006494618,821.1609202226288,125.10678673178673,593.2376454269313,719.5145632773618,2278.941571107371,2650.9402645692558,376.6017057417986,106.46582086500817,369.843680783717,696.0574696943146,104.18457901224853,465.7526684058704,212.35095225196218,1436.604660824871,87.70656700146831,359.206355057112,62.09868166250944,301.8198428653758,1090.8534814620666,127.52154528478057,5086.179365930715,2766.9378516444854,2576.5632094820635,382.187116587383,2372.891279433217,1850.1114080271118,1097.1842847261637,3945.603774980099,1269.300900132022,2241.554057183564,573.074687290166,268.0789961603867,496.8923982932555,3326.6214934166333,309.6149508536699,169.23068935457673,604.0272437424785,156.4359710466654,309.51013791731623,617.1508630448734,850.4911424994887,1760.2610571173823,86.39866944296769,222.0751671294319,447.8181866257524,34.658400304730804,91.57882816666259,79.19650587507729,3189.4772255556136,874.6647161662494,5912.675309577192,8205.39780600668,95.5888113818095,5934.4070891766905,7302.430092839904,23.157738095238095,334.98786426526794,220.1009450964808,298.3872803604036,184.77769942092985,100.78346612955681,203.66934434336855,85.12047965528173,206.4830783023316,161.7985983089408,33.559715821812595,448.38175446091554,46.913245756200745,107.8183701976665,983.4755609496949,189.39373354472036,245.1071518423243,39.64523809523809,56.84521921345925,116.45643708143707,138.79032471554032,899.2479326851176,443.3132138186178,125.72081821052072,25.6031746031746,154.07440565969978,335.62260092357394,425.4210018969634,84.10881177093583,106.7505255709203,196.6783103062515,858.1259917260489,40.84747823860727,53.090356277219605,35.891612288196725,77.49452701348305,69.57650865216654,403.17501657970394,33.65151515151515,37.136882491537044,307.14092981183825,44.950146579610866,110.17058731932003,185.37522295825866,475.4403931769517,127.06674695273766,127.12298601739391,26.405948583580162,172.19050107470127,112.65937508667717,33.26182626896912,43.59936098759628,33.38238902398566,37.87847222222222,42.66958807716635,79.88179181929182,61.927877677877675,95.68478380085523,495.1334863771191,163.87727272727273,566.748364649119,62.31565371949987,200.71970578327327,23.96927146927147,253.14497886372885,28.16197691197691,114.29448659805801,127.00831113331112,3.095238095238095,22.34172368849788,89.40531459895786,99.35059235426883,26.874568563057405,74.58442434758224,15.59543010752688,7.968253968253968,7.771217357910906,22.814809914867517,80.46414485449573,459.7458525916043,51.80753968253968,243.58939893474667,39.94872949179672,8.627701080432173,6.548295454545455,55.123408337694045,79.98335553335554,157.74480419272086,296.54149097186547,79.65378679962014,68.73918311377989,45.77378951805643,40.84480135249366,48.81349206349206,65.32473164090811,22.92020202020202,9.21031746031746,160.67206933278362,79.20927881642167,262.02660993690404,34.01232101232101,56.96164021164021,37.10988971346114,22.82497034735999,40.914124764124765,77.58320532514081,67.77130556033507,12.253114866018091,458.2227485173209,22.001488095238095,64.05563921858564,65.49288048552754,13.352678571428571,3.6111111111111107,11.730259324009324,10.473679546260191,39.37247474747475,31.753064395921538
1279.9182635198938,4577.296061604655,477.39907899834367,246.34116947866949,160.99269247777312,11.174603174603174,1403.6660862889123,1426.4413894071022,160.1012990277696,828.0930908548186,361.64782287429347,119.04015706515706,599.3502199067989,224.203182003182,233.64020165658096,276.1225325736355,130.98929958929958,179.33664437414436,40.36704227145403,91.22700216450217,66.39833505866115,569.7634476634477,277.7804122047543,347.4656385281385,495.6706349206349,215.00041625041624,42.45225996902826,60.88449975949976,40.77878787878788,89.33531746031746,31.68611111111111,323.2194616315584,595.0604814054984,18.98968253968254,6.002453102453103,9.696969696969697,24.125,6.027777777777778,115.60013227513227,6.6798941798941796,38.58867521367521,8.583333333333334,29.458333333333336,20.910714285714285,50.68943903318903,35.51893939393939,14.404639804639803,580.3499333201919,228.8680143930144,126.07482193732193,113.55101010101009,252.50504670767828,305.30846377093167,335.27892042597927,969.3033459201142,70.22772034728555,154.75588023088022,45.78787497905145,4.987380674880675,22.954545454545457,59.2490943267259,21.517857142857142,10.841269841269842,38.61111111111111,7.379653679653679,5.996031746031746,74.18568653568653,113.00712759462759,168.28466302216302,5.65079365079365,35.38534151034151,13.714646464646465,21.995421245421245,20.027236652236653,14.737301587301587,116.49857781107781,0.625,1078.2136844092727,726.6861360780066,16.977633477633475,1685.5527884666003,945.7374575623734,2.022222222222222,27.216269841269842,11.03125,0.8333333333333333,45.03721278721279,2.5,0.6000000000000001,15.787397787397786,4.6581196581196584,17.650793650793652,148.97408863066758,5.660416666666666,4.166666666666666,7.322802197802197,42.44047619047619,9.242424242424242,31.513227513227513,4.944444444444445,5.833333333333333,2.5,11.902777777777777,6.537037037037037,15.17361111111111,2.5079920079920077,43.80955155955156,2.2055555555555557,27.785954785954786,5.347619047619048,2.4126984126984126,0.0,29.18792989417989,0.0,11.85515873015873,7.0,34.40873015873016,0.7777777777777778,2.5,31.74722222222222,9.777777777777779,10.333333333333332,6.176587301587301,3.958333333333333,8.773015873015872,9.194444444444445,121.65079365079364,0.75,1.25,15.736291486291485,10.166666666666668,0.7222222222222222,34.49134199134199,40.81600529100529,4.439560439560439,7.259259259259259,153.08441558441558,5.0,5.305555555555555,30.917989417989418,7.5183982683982675,7.708333333333333,8.412698412698411,5.285714285714286,8.583333333333332,2.242063492063492,29.449404761904763,4.880952380952381,9.799603174603174,11.416666666666666,7.698412698412698,59.80952380952381,42.9646164021164,6.773504273504273,4.328282828282829,0.0,3.4737762237762237,2.5,0.0,1.0151515151515151,2.2222222222222223,1.5333333333333332,0.0,1.6666666666666665,0.5925925925925926,18.03937728937729,1.9047619047619047,8.72420634920635,0.5555555555555556,2.083333333333333,1.5656565656565657,5.805555555555555,11.46329365079365,0.0,1.0,25.1031746031746,13.044184981684982,8.305555555555555,10.81382275132275,29.050294612794612,4.583333333333333,12.895833333333332,8.333333333333332,0.0,3.8472222222222223,6.45952380952381,0.0,20.978246753246754,2.0,5.0,0.0,4.583333333333333,0.0,0.0,6.666666666666666,13.696428571428571,5.625,56.79136141636142,495.8679653679653,0.0
1343.065577447121,9240.11978704952,471.09127327468167,381.34336856722155,434.37092498194016,32.23172198172198,1535.683830656716,2609.193126412146,90.10350453801793,634.0344109548178,617.1476212866532,213.63182900712025,383.89479910527467,132.77386869321174,231.47171090903376,765.5915666335168,116.72694711532962,523.1858204062906,79.80090010504449,137.4770149011635,87.25751371091928,891.9056442648658,36.29028940459422,283.4717935413645,64.43115438235759,816.0449127765447,209.46416528864546,50.3071234692224,37.604031997414346,211.57376466350587,52.754978354978356,868.1675983831119,311.155453311144,82.85987253487254,19.20759768553886,16.144383394383393,26.46956168831169,4.354359925788497,57.442810022221785,27.01584656084656,180.61460778773613,14.56965761511216,38.073211875843455,3.9534007659007657,46.904324188115446,14.129785674953741,3.186253561253561,937.9249701364582,607.3246711235101,864.2902944015156,207.16518475980155,252.4154984096843,395.7826470925912,235.19707848185797,486.91231539147526,108.61144785049005,99.3524517372111,76.224276540453,23.892183302686497,66.15570981207345,388.8187647286155,11.922529342315437,19.93276062173121,86.61624135941614,9.846382657746293,57.65754037629037,119.63098994869131,150.88427403370568,6113.680172570297,3.9213980463980467,8.57242883379247,25.863650238650237,25.591269841269842,60.183340110979984,4.618685919343814,139.44688359026594,7.5966386554621845,765.2442094219637,2824.826717942814,141.36333088411092,3424.000930819227,1967.0710494840582,3.2583333333333333,39.20583326366166,13.49846681096681,56.536297036297036,42.51108020806163,34.996654661128346,1.1245004995004995,15.750878271195608,6.687894673020723,29.00792748917749,185.20443858331427,66.49732466483803,3.5365079365079364,8.461167800453515,265.1670190803594,17.9460999240411,378.37007975896114,3.7973856209150325,3.0357142857142856,6.617424242424242,11.76783896275003,49.552287581699346,37.04989618224912,26.334826966405913,9.496574014221073,2.3367211071756526,3.7208853238265003,41.69766081871345,2.5,32.09289321789322,76.29183960721394,165.74247270442922,14.708333333333334,9.144759281122917,7.793608016928175,11.080021939705734,0.6260822510822511,75.15648289618878,5.34018759018759,6.57142857142857,47.00532685794834,1.4393939393939394,6.613013594592542,15.322809135309136,70.61091563665093,8.692640692640692,12.58080808080808,1.25,7.99392420445052,14.476880826145532,5.339285714285714,38.416838553603256,25.356075604796832,11.064373126873127,0.5042016806722689,0.0,17.914252414252413,5.764705882352941,16.952402172990407,1.5,15.565042100756386,4.428571428571428,31.46769896769897,6.798611111111111,25.60868424504788,62.27375921760948,5.994949494949495,9.791666666666666,1.8181818181818183,53.818132496731565,83.17266435953049,11.969251336898395,12.226457752773543,1.3636363636363638,0.5,6.932359307359307,2.2088744588744587,4.199675324675324,63.36032082890372,32.887550194903135,0.6926406926406926,3.116883116883117,10.698412698412698,13.25,12.572150072150071,37.33195844559481,6.2272727272727275,6.1119047619047615,0.0,32.78658785648202,22.615918803418804,7.290764790764791,43.36846060093898,8.435441370223979,11.289954165358049,9.707107435048611,33.494194532588246,15.629387398103976,0.0,0.0,2.272727272727273,2.5,8.884662956091528,13.416080558097365,25.506705712588065,105.40483498816597,9.678571428571427,156.83668631627557,41.992176585846664,0.0,6.2936507936507935,0.0,6.394406247347424,38.867881602401724,0.992063492063492,28.607602364955305,11.666666666666666,6.589743589743589
4599.222516317517,13157.036714902555,1040.1590778806494,1128.4614520606751,1686.6729025075097,48.09118350880477,1395.9952770251964,6099.867299530675,121.95055604583467,602.6749135388023,1514.8425747483798,195.38298304668757,717.2197849463228,186.4421046146419,269.39750408785494,843.8450957904698,10.387256018834966,1142.2072499829,21.80453475286011,253.1706112801314,622.4427255006202,2143.108077468158,20.81650125760033,480.77445252569737,395.236806515984,648.5835094240261,95.90623655097339,47.535049373284664,63.88420806919259,312.44841680858127,220.08928583456446,653.6226608097714,2440.077557716837,587.1473153795522,20.616323953823954,69.05309485835802,200.34860256702362,234.73177886784697,212.20869961018735,113.42142952077162,237.73081085151517,24.933851869378184,30.490811965811965,76.4024621739534,83.42887482553375,1707.9464162082193,103.80994120402015,2363.3534612958665,2304.6111984537747,722.9846237843714,443.0359342660168,918.5264802198958,967.5025626587417,1217.1293376923463,7598.532791779709,2230.0774107029724,1305.5526938878747,1016.6796911406725,27.85095238095238,31.486426536426535,645.5372612509609,25.133634591529326,35.954618398839244,328.2683407665606,513.661517215155,50.20223351697036,813.0212502980398,466.2162108178538,129.96062787607053,190.26401147585358,145.06878793720898,44.14719374193058,124.713949013949,22.960816563467493,14.757309941520468,303.64363583756,718.3048532736614,3907.535038797567,4400.059160491864,4.608946608946608,4105.487555276375,6672.575640275621,6.589659494845254,75.54920284393968,70.40935191351858,45.735624958212675,112.26181987946694,11.554321409584567,1100.8389234609724,48.08326907011117,9.873547505126453,349.33981231302516,9.558262108262108,127.8111746278413,24.41467192937781,19.27742968532442,85.16555186667968,296.1296724161386,74.89162932583986,23.662593984962406,29.32713380673907,12.985779406161242,105.06498910446278,4.090909090909092,208.05292508011806,15.175282234105763,3.237585943468296,260.5762282924048,7.317916002126529,49.38401072611599,19.910448469658995,41.810076960076955,21.087015653192122,807.9629586683158,25.966853408029877,50.22561604202471,25.14271560443809,23.743006993006993,16.76904255588466,111.7081130370604,8.692577030812325,31.660512752927612,10.037280701754385,61.07328023828024,43.07189067955322,21.042422232050715,218.41926280243194,56.27374392177023,300.83845957319255,3.2507974481658692,0.9473684210526315,99.48077358466935,89.96233766233766,22.365093021014072,11.791311486357925,102.83764671001514,21.581746031746032,230.01336485152274,10.83876357560568,8.685496420790539,11.982932880959197,34.47598605098605,9.060481331533964,5.919242550821497,6.3864962651727355,64.24892711455212,58.50835101717455,3.261904761904762,62.824929971988794,10.81453634085213,9.572517896047307,1.9285714285714284,12.41602564102564,112.08631508547475,31.174337899802296,9.526315789473685,2.4803226608782163,1.469123033828916,14.665945165945166,43.7422913343966,39.416008882892,30.14517353991038,31.18856262109103,48.54229658370525,9.193476114528746,3.0,17.745607333842628,27.928429957841722,12.251851851851852,1.9191919191919191,1186.3725686794571,55.06265557359308,138.66071663067277,31.656310201666237,24.347967772967774,172.13011080715208,49.350663364761104,8.339342574636692,6.040955776249894,21.82664557664558,13.871679197994986,7.5173558897243105,7.373604465709729,117.5880205564416,0.625,177.32354350896017,10.846757044125464,17.498729121278142,22.910569105691057,4.20843776106934,248.1496178248423,95.01775271512113,20.21726665147718,1.0614035087719298,2.6363636363636367,0.0,7.087301587301587,0.0,0.0,20.734166133739997
3326.375986311939,13944.602684353622,2196.2124894712438,981.7462382781353,3397.608480142749,95.74335812037424,723.496712583427,3626.5174655805554,227.70728869929408,346.77935564718246,3117.380154040742,327.67456591544027,241.9364152126249,86.15003052503053,244.50286210975617,1554.3094984019756,76.08333333333333,989.0712842906148,10.0,204.02882990397114,723.6475197194569,3037.3149632070326,87.9375,1414.0495688991064,463.1940261192196,880.8942732439835,97.81877917833799,26.81806526806527,160.62896825396825,151.4332264957265,13.608630952380953,1721.982854762989,1964.011571544736,53.60794413919414,42.38159983291562,62.18014705882352,104.7581755050505,111.31704598506069,120.24350649350649,84.76006499090865,823.2405051542731,106.525,57.55833333333333,45.361002886002886,57.56048387096774,2585.0119883434704,136.65811079601403,2155.8244499206407,2547.349039917147,1827.7028348517597,248.4785092819367,975.9228108707598,940.9179240526277,500.5913771132936,1804.6359286407062,1684.2349671547395,1653.7683142688838,1249.4462296255128,133.54182330827066,58.49634502923976,456.1822888197114,24.770833333333332,113.61576617826617,182.9550615449915,138.8004346153752,183.72794117647058,752.4464401413998,511.9679532212427,305.02939924817287,94.21967020051385,123.23238881216822,31.218984962406015,3.333333333333333,52.90760971055089,23.398809523809522,314.247294442099,1024.1407655765258,2560.0748816985433,4981.972417938731,19.72989040529363,4479.393037611157,6835.716772239477,9.51388888888889,38.409774436090224,94.05565064735572,57.09602815485168,19.017857142857142,28.458333333333332,1210.3961487060267,9.937910524011093,32.97714424951267,9.283730158730158,24.349025974025974,15.125,2.1825396825396823,26.065531475748195,118.91664349462982,467.2740881877979,35.01516846514912,4.00297619047619,28.689950980392158,33.46825396825397,53.329365079365076,695.8442947927615,132.38139270859858,1.6768817375435023,3.7499999999999996,98.20951617826617,7.3125,16.916666666666664,18.376984126984127,18.333333333333332,15.84375,51.65540271132376,9.427083333333334,59.04861111111111,17.916666666666668,15.0426267281106,13.657329877724614,10.625,3.6111111111111107,61.87067026540711,9.392857142857142,37.88919413919414,64.08006291810472,37.27704678362573,75.89176855827148,49.33482142857143,321.90127245475543,23.5172691343744,44.10765460030166,164.81657860113742,0.0,26.28429684115168,2.5,66.26248685202826,5.729166666666667,59.00568181818182,31.923088972431078,0.0,25.308373917748916,2.185185185185185,75.2338285229202,35.129960317460316,0.0,105.21339285714285,33.515151515151516,1.1111111111111112,0.0,9.553571428571429,0.0,1.4166666666666665,2.2222222222222223,1.5625,44.541666666666664,0.0,0.0,2.5,15.913220551378444,120.16282894736842,0.0,9.117063492063492,5.7351190476190474,0.0,8.473214285714285,2.0572916666666665,0.0,0.0,2.8571428571428568,0.0,255.08565209473716,107.32571010860484,11.38888888888889,12.29123164417282,0.0,3.9285714285714284,0.5555555555555556,3.5416666666666665,0.0,0.0,18.781179138321995,6.974067599067599,29.375,28.69097222222222,0.0,8.333333333333332,40.818556808688385,0.0,9.375,0.0,198.87214027157913,54.77777777777777,0.0,117.66666666666667,0.7111111111111111,3.333333333333333,32.20833333333333,5.0,7.1875,41.63920063639491
17939.747084805484,107408.09170693046,2424.7753594422334,3632.5698166706006,4302.3809899151565,592.4253272369219,32576.079288755845,17330.31491496151,1887.6574984063975,4197.924091088248,5016.893103284137,1346.0962042713559,6750.651141713084,1190.8010453816014,1641.2605493415513,4990.193894153637,1739.8185938500778,3016.297761147948,1073.046487776955,3376.799203190702,683.6845820632353,6397.767693804186,2634.929138762215,2452.9545285350514,1460.08551283337,2254.6120099690734,534.2339106210151,446.7787686466616,837.7856798666039,5018.607358951389,450.95264039079825,6843.85004796838,6241.031793296289,517.6018435161043,61.35900118400118,119.53496503496503,623.7227989792767,81.5172085523696,765.9728942970536,137.41186996308912,461.0285026201404,120.87674270672642,226.4908883278876,40.143852447963354,706.3998150021537,866.8469865526113,74.15900614330327,7211.965770601732,5258.153262658142,3287.4909113113226,2005.758962062537,3422.973456812998,6964.806937616272,2661.1882115156936,4208.24129116688,1083.0093221364734,579.2154333310963,360.5175622609231,73.54515135231458,280.8605307194371,564.1411161492196,156.36672240757488,94.5888128088672,880.8956991746904,372.2205069789136,354.20806423651686,1210.7954782925988,1013.3163461031666,18814.568353443552,50.31766885075709,437.00396584594915,164.56852441451227,270.2351851952395,291.25734613341734,591.3505468005297,998.4635061975167,142.44769749366523,6927.215907582654,19078.775913681013,568.0706048174584,23435.77139505621,21627.35078073945,134.46435588764356,380.8615762557154,116.37201449865923,135.43655267562755,550.3085401394974,105.7684494699085,46.331019088819836,63.8798908186657,428.06466218484,758.485643303625,8280.082882053639,401.743598178377,49.56130233071023,209.97117200445874,377.9378601904792,38.50937229981348,909.4240764620914,11.697365270894682,23.671212039155588,36.26513764013764,25.796498182318338,660.8876553223396,207.22692045380438,399.5196786875567,250.36515456140802,35.41900684871414,439.84721853306564,98.723542520387,32.066544566544565,127.39827019385842,473.1699890936559,233.1585111696821,155.66986430447056,17.745639963381898,352.0159493488022,133.0844496377523,7.442946351034586,192.19592032411467,186.85001156251155,45.57790346198515,248.5880655880366,9.785492285492285,27.612991261173622,75.10456995909583,954.9420885270762,41.18900543900544,20.522837725140356,17.688991563991564,23.358806226453286,60.000590240291125,232.09838772338773,186.24088381661912,136.4432286067506,10.122870793923425,210.8717066983196,33.890588578088575,51.45965420888022,156.44771754051672,64.1224873047937,96.14399489399489,97.20136416631729,67.46955750801904,174.7140177811431,88.8587311993562,97.90819466481231,387.73773726273726,530.3830933882052,45.36138861138861,156.5806277056277,2120.6962087815054,2465.650408273649,233.75750517255935,236.1363239777281,13.192196692196692,114.04863916742474,370.8451859863753,11.148446311752764,41.14840088227185,511.07516440674334,80.97174525579308,6.059895833333333,112.52898762457586,7.8899711399711405,314.1079261132595,89.98365970256037,227.02999745352685,397.3018489235972,138.18479706567942,43.02559428875218,114.58371490977893,149.67818979109302,28.307239819004526,390.9592074497877,603.6919677972363,350.68104968013625,139.3379011375335,401.71216869069775,254.3548470506747,5.455350205350205,66.54834401709401,50.86888111888112,9.075757575757574,364.88102721870376,102.7760827348961,18.104907510789864,392.4556916231738,1.6089743589743588,973.9927701149729,26.80611840442403,12.916666666666666,4.337606837606837,114.67338217338217,43.42442696192696,1387.2390364541159,52.128063289355104,411.4147277980295,1082.915018637287,15.295472756410255
4559.935030673523,25548.566344452734,968.808526317537,952.3078425810811,1098.7818544105437,231.608757981307,4297.680163720483,8538.82021694811,351.4300545545138,1118.9675393262855,1686.2968052778886,519.1770685774169,1301.7848381832614,225.45956407426996,1051.5601107019638,1827.3600590638387,417.13306592153003,1279.6178913290457,57.3980762594893,471.34396932616744,343.4545408295408,3280.5791582242055,491.66101121006966,669.7724060287013,351.2066274321176,2653.912099425915,693.2225135488293,190.41374311962545,160.18482832956516,1071.551456023424,166.05398028416963,1559.2485264011132,3761.958400919775,59.5025960451657,20.511904761904763,64.62587893344472,270.7052528234936,62.98575617325617,231.50912975912976,81.12544228982586,438.5050124167771,20.177045177045176,55.05428367928368,34.77020202020202,141.42780972037937,470.20786239903885,35.368608074658304,1835.9734748803537,1452.4545915350502,3181.485693842682,533.9683895853235,1297.4367928847923,1479.034731186249,722.0145380791665,2189.7112651236694,892.7623809285119,478.51430976430976,187.17943167943167,144.75392180283484,120.16439342984997,870.024742590919,77.26190476190476,167.73630580888644,164.82704142262966,286.8947543923034,169.35241056583504,295.8240195715686,548.7388103306646,6336.98091316369,37.197811447811446,172.0228475228475,107.8119658119658,78.60629892982834,127.6282934508741,26.366013071895424,397.81711464588176,87.58934583934584,1798.790575459604,6278.980373211458,155.90874768506347,5331.814872996231,6585.663541312223,15.621290545203587,257.84540482194944,123.77043558293558,132.60484526931896,196.72736985236986,68.52515169847294,168.63416213416212,48.68783068783069,134.7494302385816,35.255494505494504,854.0307765655988,326.7833573661747,18.9259768009768,50.27386502386502,345.91633864433027,132.81594794094795,351.3859647755964,33.78373015873016,21.12851634625828,2.5,16.261904761904763,172.1642275349172,119.16003441003441,80.56782106782106,87.21897546897547,29.333333333333332,12.293203371970495,170.47988122988122,3.261904761904762,33.439153439153436,78.05267281737869,425.84863763574725,24.52031302031302,11.416666666666666,25.166666666666664,100.21645021645021,13.761904761904761,91.18022663610898,105.34299469593587,24.317099567099568,100.41327397990194,10.684523809523808,54.059438927085985,68.30128205128204,347.2468260155028,37.07509157509158,41.861111111111114,8.452380952380953,46.51896059593428,178.54617604617604,44.83382140735082,31.759663042271736,48.47644018094837,25.40909090909091,19.50036075036075,5.0,12.583333333333332,69.68614718614718,108.42433218749008,26.285714285714285,157.75018748393362,35.32738095238095,46.275853775853776,24.047619047619047,139.08720446220445,150.8139083139083,95.42857142857142,36.53113553113553,26.049783549783548,101.13054751406145,250.82307771593486,14.239010989010989,13.548701298701298,12.685185185185183,20.69642857142857,18.780144806460594,2.3958333333333335,23.908730158730158,115.1506549006549,154.75540064970843,5.714285714285714,0.0,17.25,21.34077034077034,26.055611055611056,47.76693628009417,75.20748841801473,46.0975135975136,67.09004884004884,36.08333333333333,48.978603096250154,6.702075702075702,39.34804815067973,23.317460317460316,43.34903397124697,18.61111111111111,49.157647907647906,80.65596331772802,15.86111111111111,6.583333333333333,39.361111111111114,11.987484737484737,33.291666666666664,11.746031746031745,18.001221001221,111.02209705499179,24.73739495798319,148.7098942864663,91.9534632034632,15.238095238095237,8.084415584415584,51.61111111111111,2.5757575757575757,104.89931900769496,22.916666666666664,151.7300616050616,35.56442005706712,25.404761904761905
2761.354794742417,6202.674641566302,115.98818980726875,672.9299883696168,362.3381928355333,0.6946386946386947,2019.177344102376,430.0914691965464,78.80557677616501,377.51205044955043,582.6273027654606,91.23244284057873,378.2309046302854,26.26849441408265,26.24594645550528,68.08029058258013,137.3496123741267,75.69097055180202,623.0461762967568,35.4228440977667,21.97039072039072,157.24804918288962,23.61938500096395,78.22674501424501,26.847846597846598,31.52947746697747,1.8614718614718615,19.083333333333332,26.786541167527144,540.3075304382396,32.87698412698413,207.42526075490946,613.4899820767467,14.664902998236332,3.333333333333333,9.816197691197692,11.68674136321195,8.75,164.0584831834832,6.702380952380952,38.51443001443001,10.833333333333332,1.1363636363636365,5.110722610722611,35.84033421337246,72.48611111111111,0.625,372.7705805904335,376.36795226368184,164.76903651903652,26.87847222222222,168.1032121473298,143.40582648974592,68.04113250858163,161.13372044622045,291.7160296479518,32.04184704184704,5.333333333333334,0.8333333333333333,6.136363636363637,6.154401154401154,9.37037037037037,1.9369172494172495,45.29644660894661,48.5281339031339,5.60693330362448,24.73038073038073,9.79522792022792,315.4408584001386,3.333333333333333,4.833333333333333,29.842587967587967,2.083333333333333,3.3031031468531467,6.892097264437689,60.79483479483479,9.45679012345679,1068.8927185947484,1655.452768684588,5.694444444444444,1241.5250818128898,1153.7795030679345,6.0,2.2053872053872055,6.277777777777778,6.117647058823529,5.871212121212121,3.333333333333333,8.933333333333334,3.8247863247863245,8.134920634920634,225.2960189691473,155.16856085720562,33.7037037037037,0.7777777777777778,15.803030303030305,29.625069375069376,11.777777777777777,7.058572146807441,0.9259259259259258,0.0,1.2142857142857142,1.1263736263736264,16.62037037037037,2.8472222222222223,11.07103952692188,4.442209189549615,4.166666666666666,0.0,1.6666666666666667,10.0,19.003080253080253,7.197075800016976,6.25,4.5,2.2222222222222223,13.724292615596962,0.0,0.0,4.166666666666666,18.264069264069263,9.133333333333333,1.9507575757575757,0.6666666666666666,2.833333333333333,0.0,26.709720834720834,0.0,8.873015873015873,0.0,0.0,1.04235347985348,13.787878787878787,3.142857142857143,0.8333333333333333,0.0,3.333333333333333,10.76923076923077,0.0,0.0,0.0,9.761904761904761,0.0,0.0,6.765188834154351,0.0,0.0,25.0,0.0,0.0,3.9583333333333335,45.7107991409462,52.09722222222222,17.401960784313726,11.5,10.701987406532862,1.1964285714285714,6.344666066256975,2.2222222222222223,0.0,3.333333333333333,0.0,0.0,1.4285714285714284,0.0,2.4567099567099566,2.708333333333333,3.3333333333333335,9.030375652716078,17.471861471861473,0.0,0.0,0.0,8.472222222222221,6.343434343434343,20.208333333333332,2.7976190476190474,0.0,1.2698412698412698,0.0,2.0634920634920633,0.0,0.7692307692307692,0.0,59.27304964539007,0.0,0.0,11.527777777777777,0.0,12.685185185185185,0.0,0.0,0.0,0.0,0.0,24.728535353535353,0.0,12.511904761904763,19.357051516258675,0.0
1418.1323054929521,6001.280498780823,399.44011039699893,308.67477993139755,401.03763639957396,40.766666666666666,1714.187271504389,924.9633878696764,95.10988455988456,320.91626565155974,460.535481305858,151.51720127095126,565.151524978066,163.0696432652315,196.2524380031733,614.525508788597,111.84493746993746,377.0912143412143,45.70439976689977,171.50058442318715,115.78888888888889,746.1554509670948,32.624363243227656,329.427907000407,153.15418803418802,460.60277777777776,26.886870503003223,41.55304325304325,84.11662319162319,236.39109849845144,30.82089947089947,367.2077327102459,691.1014345940715,13.579695767195767,19.80026455026455,1.25,29.563492063492063,3.468253968253968,68.25635568135569,7.719696969696969,15.328282828282827,1.777777777777778,10.8,5.2243589743589745,98.71188071188071,30.48801490906754,11.920634920634921,369.6791183828855,785.926919002745,195.76016249282378,171.44383089677206,335.12612295112297,764.4386785138398,222.1775974025974,284.27539795313766,40.34588744588745,63.3311862668027,12.785125206177836,3.333333333333333,11.686507936507937,144.93172976261212,3.2738095238095237,15.997017537257262,110.83686406186406,14.258250311332503,56.80631240905213,150.43938561094907,56.19785782457015,267.90553391377426,1.7626262626262625,8.792857142857143,30.37008362008362,4.343253968253968,32.61339198435972,18.88095238095238,163.29805148555147,1.25,729.8402395885881,1094.8145198679013,31.1547619047619,1377.0713205468398,1364.0396763057022,1.8652089919213206,48.732804232804234,12.304456654456654,12.916666666666666,28.81060606060606,3.106060606060606,0.0,8.0,54.99366828561875,14.079545454545455,287.20064988130775,54.082723948165125,1.1111111111111112,46.26190476190476,63.285353535353536,10.317460317460316,33.50496942062017,0.9259259259259258,11.466666666666667,147.71666666666667,33.92887667887668,9.069444444444445,3.0634920634920633,32.69397405426817,15.434523809523808,12.125584795321638,33.08686125965538,41.43488455988456,0.0,5.029411764705882,33.73935786435786,5.12962962962963,0.0,0.0,46.45333333333333,16.16190476190476,3.111111111111111,17.593045843045843,6.584656084656085,28.43310023310023,65.14902382624985,3.125,10.7,2.9166666666666665,57.68204573204573,3.1666666666666665,14.0,4.476190476190476,12.021475256769374,12.969696969696969,34.37770562770562,24.893458393458392,5.034844240726594,2.0,10.555555555555555,0.0,0.5555555555555556,36.462184873949575,1.3333333333333333,5.833333333333333,13.045370370370371,2.2720797720797723,21.332539682539682,2.909090909090909,4.965367965367966,33.45887445887446,7.547381841902389,0.0,5.0,53.50139615286674,103.07872815160486,32.767082590612006,16.666666666666668,0.0,2.5,14.142857142857142,1.714616402116402,11.25,21.48989898989899,0.0,0.9761904761904762,5.0,0.5,8.952380952380953,4.386904761904762,5.619047619047619,52.78482295482296,28.333333333333332,3.5277777777777777,2.7559523809523805,10.0,0.0,15.482517482517482,0.5,3.3066933066933064,1.6857142857142857,24.258297258297258,13.076262626262626,16.61904761904762,0.8333333333333333,18.05128205128205,2.361111111111111,5.238095238095237,3.095238095238095,0.0,28.02129089367734,0.0,52.46249390456287,0.0,0.0,0.6767676767676768,5.458333333333333,9.771901709401709,103.54378905408316,2.3809523809523805,66.64275466884162,47.714452214452216,1.6666666666666665
3006.0463630011964,10419.360843607119,950.8301466287102,2519.344036164541,612.9366744850968,265.3691101611558,2265.9612072150017,3705.70681664747,60.451461915277704,1032.1642596337501,1643.5998473356265,445.33707742297315,794.5887576228486,124.34495252249397,535.2108146054637,1529.213411035544,133.85382025803,571.3300149080611,177.86635242008532,110.96353937188651,345.9715072625787,1459.1125013504495,53.10620966648635,569.9845298241497,67.42357089759687,415.9385710791345,81.93601896224077,70.89717353353717,110.30323950092857,559.4423017317322,111.85988113193996,669.0607530691739,1276.526012185826,107.00992035508843,17.764550264550262,87.18117398474541,15.201762523191093,17.4389997628634,628.3015851879754,9.156392496392495,264.2032426255171,71.0243655313365,49.70813908313908,16.67413935271078,323.3991639737056,95.69439356939357,19.159663865546218,1667.4016360766673,1430.9098152820316,960.1109136497944,377.3933735346657,534.2798227798991,565.4359871689026,870.0086240665057,562.7149446078495,562.1472936515144,162.63024966448276,97.97221231149803,16.930713419937817,77.49562974693006,285.05147305164394,668.038243059272,20.242982621243492,639.3804570873554,31.211170142988323,148.08438798596362,711.0491418193187,259.4004894411834,2381.776888577206,11.251595626595627,41.075469652934444,76.11949733273262,127.26468079015473,31.370119850340288,13.912863756613756,369.49615364793937,117.66770212358448,2296.9417045177065,3021.918599992504,70.88847924562211,3866.717921513259,2770.2176263930937,21.218123146694577,457.55788788268717,85.85710537026327,31.514068509364495,192.8831612831613,19.86834581294997,1.2428702250130823,16.611428915000342,52.83892107892108,173.42567789335837,175.88113357033748,591.3214019228775,2.8504828504828503,24.648850482281677,161.63857611149135,22.859049523993132,92.31427840285983,1.714285714285714,3.315018315018315,29.840118215118213,8.422274695001967,13.75,10.167055167055167,134.1465598671481,6.8,22.793074530087516,20.484848484848484,25.149453720882292,2.25277368134511,109.97509800141378,635.2070914934827,105.62144231429946,1.9047619047619047,16.353174603174605,15.685536685536686,27.179966217256133,5.191475191475192,227.9569940937975,25.309634809634808,5.051373626373627,15.826197267191056,15.329991437134295,6.29563492063492,9.40079365079365,71.07488471124834,20.27064800279086,15.57142857142857,1.507936507936508,3.6666666666666665,35.700827036068716,3.9292929292929295,36.45933985093649,2.7737962520571218,0.0,0.0,2.8703703703703702,13.382335257335257,12.631646131646132,16.304639804639805,68.84766622266622,6.095238095238095,9.582155939298795,173.38189595998037,16.742502924034625,59.73499283163149,118.70039682539682,3.5754985754985755,29.86111111111111,5.0,129.3199643493761,78.03735244235733,112.35212703962704,99.17577863549731,6.953856749311295,23.696617108381815,19.29083250614351,6.1014283335711905,18.408730158730158,252.54357732467778,90.04152500076412,3.0769230769230766,0.0,0.0,9.936683764414857,4.522727272727273,93.20021922521923,37.4520202020202,26.888172938172936,207.04438200004702,38.51887566181824,221.82022062904414,6.142290249433106,114.70443546463284,71.31313131313131,33.80266685695257,2.204184704184704,15.488428793428794,55.14141414141414,1.9696969696969695,9.307387057387057,5.0,10.028138528138527,20.328333643268707,27.884199134199132,1.4986263736263736,130.64707810522967,14.615199615199614,60.97890859140859,7.375457875457875,4.285714285714285,6.673044217687075,0.0,1.298701298701299,38.52558857551117,0.0,55.12087912087912,9.909016636957814,22.29095904095904
7703.408878059945,35275.32691832875,4276.9027065749415,1926.0496934319692,4850.723503035538,186.9578251102374,1873.2619762108834,14096.380772399192,211.26780018227387,807.5908324415922,3440.9626717984547,1260.1404183311433,1282.5998804801322,422.70387390190274,398.982200469321,2063.493554839107,43.08306878306878,1741.5494568534498,29.34906869446343,235.43822680587385,1022.9857905645795,3134.034842688492,140.63930051430052,3817.972086535679,463.29815394773044,1292.1237604442804,474.7209721301108,59.169408369408366,67.38140508728743,281.5099738108319,68.31769872639437,1727.676861380903,6805.262867151536,431.3387027446238,81.79251973516679,42.201752645502644,194.38149634810384,89.664549929488,196.74636817183608,266.90328282828284,599.0536346635664,120.5188492063492,3.871693121693122,47.838877934930565,214.0869178634594,3056.0116952639696,204.18189442757296,2798.213514208545,3294.924139459182,2547.641473935675,1370.7932772756044,3203.5967836729833,8628.076949234659,1392.9024302173254,4207.413283187764,7300.22625046992,2290.7554451833657,1397.1020347738872,40.090314777814775,100.03655603655604,814.3691024829349,52.259469696969695,101.54117364117364,517.7954235411053,716.178090126439,221.02930376317335,829.4964132079124,506.897830138011,259.8641238489182,176.72434368750157,138.3847532097532,122.56133101348412,8.558123249299719,115.78039215686275,63.796587428166376,464.363814190735,1224.3605749356136,5045.445024555291,16886.639009740684,27.29237134918953,4032.8116546329325,11961.33653127209,14.845760233918128,96.20936915586039,87.25648398318853,57.730692918192915,71.09524870554283,50.76722901158991,2996.257890413268,39.73002693491415,17.38179012345679,111.82647907647907,70.58227199531548,136.6888325269007,8.88888888888889,72.39888379594262,639.5242894673197,601.5579225048367,134.3619195308812,52.11607142857142,112.2364399260297,41.5436567789509,96.84588744588744,86.76851851851852,184.6123136123136,10.079365079365079,10.218915343915343,175.33323910494963,17.399801587301585,23.660453303310444,34.08976671476671,22.82738095238095,49.03242931532405,211.56401601044456,46.577080327080324,27.100575512856214,39.22616272616273,32.98119854002207,24.61868686868687,216.99630738007932,6.037037037037036,252.37260607326397,52.37009734093067,100.73888279476515,88.42949642949642,42.893483709273184,190.6916923627121,54.244528619528616,387.2405030140751,26.56542565621513,10.81712962962963,111.62722934291561,6.5396825396825395,96.94686354542492,23.013054037644203,59.566308447887394,17.03015873015873,131.76170245794304,13.516835016835017,4.082321817615935,31.919943482443482,7.748901351174078,48.44960826210826,18.746170983013087,2.6018518518518516,116.35215763072905,110.10111416361417,3.766233766233766,30.392857142857142,2.9360916860916864,5.395061728395062,1.527777777777778,6.608796296296296,76.78799652728225,11.984126984126984,3.0370370370370368,8.76763587289903,0.0,43.794642857142854,97.98248462064252,39.65554925673973,38.51499928762372,22.25036075036075,19.962962962962962,12.48394660894661,18.285409035409035,34.16978609625668,28.78769841269841,5.655555555555555,3.3333333333333335,294.8184915932594,48.71093875260542,128.22421311631837,113.9733705836647,99.5166847041847,508.7188723974438,63.85359300786932,1.2962962962962963,16.34160052910053,10.300595238095237,26.673556118678068,28.450727513227513,0.0,63.43226911976912,2.159090909090909,46.79206349206349,23.23702686202686,38.61904761904761,10.251700680272108,7.9124895572264,250.0385454731857,270.7761497761498,8.929112554112553,32.888888888888886,0.7142857142857142,1.7824074074074072,27.10989010989011,520.0184082892416,416.91287878787875,17.706601965855214
1919.5606083731084,5024.556534997933,884.21581181785,387.4707792207792,278.50164437528986,27.559523809523807,1716.2244715233844,776.7447420799588,102.64087301587301,312.3779711029711,471.1825165575165,92.1547138047138,488.375814000814,30.484126984126984,64.26443001443002,141.15154660154658,104.88610898905016,161.4047619047619,103.36457659987072,84.71581196581197,42.722860472860475,738.7301957301958,41.7034632034632,248.42415362415363,140.0064935064935,111.19864394864395,84.42857142857143,57.26282051282051,176.95238095238096,737.9307634373424,37.26923076923077,397.91017372267373,825.4208255660461,8.88888888888889,8.428571428571429,3.9285714285714284,103.39270451770452,2.6666666666666665,126.79365079365078,8.809523809523808,31.333333333333332,3.557692307692308,14.224358974358974,20.75,8.147186147186147,357.5429487179487,17.916666666666668,284.9861111111111,265.01689976689977,210.25922177237968,52.345238095238095,312.3645487576939,447.6048966584957,210.37673055607837,362.6285668035668,283.6478295096716,71.21367521367522,37.80348306664096,1.25,18.345238095238095,39.26902726902727,2.1978021978021975,3.5613275613275612,45.67857142857143,412.23493867243866,8.083333333333334,48.508670380187404,22.944832944832946,171.82574869088026,12.145474351356704,99.35103785103784,14.762254901960784,23.09090909090909,29.355158730158728,35.21356421356421,107.95502645502646,5.333333333333334,670.7703823953824,1014.8042306807399,16.0870879851143,1201.1425819550818,481.889065115168,13.392857142857142,16.666666666666668,3.1666666666666665,2.833333333333333,56.61904761904762,13.055555555555555,3.333333333333333,32.6863722697056,15.744631185807656,33.72222222222222,153.73605098605097,37.805911680911684,0.0,1.0,24.18253968253968,0.5961538461538461,8.791666666666666,6.428571428571428,1.6666666666666665,13.5,2.6785714285714284,272.49723424723425,8.11111111111111,16.59090909090909,17.886904761904763,5.0,8.410256410256409,7.678571428571429,1.6666666666666665,7.19047619047619,14.499999999999998,7.2727272727272725,1.0,2.6666666666666665,77.69444444444444,54.416666666666664,8.61111111111111,11.0,1.3333333333333333,14.333333333333332,4.791666666666666,2.5,0.0,0.0,79.88023088023088,6.166666666666666,1.25,5.0,32.916666666666664,0.0,62.666666666666664,0.0,2.8571428571428568,0.0,6.762820512820513,33.22222222222222,1.9285714285714284,20.72222222222222,0.0,3.333333333333333,0.0,0.8333333333333333,13.333333333333332,0.0,26.297619047619047,220.79545454545453,5.333333333333333,8.301282051282051,10.61111111111111,63.518065268065264,75.48184593184592,18.863636363636363,39.00047846889952,0.8333333333333333,2.8095238095238093,4.071428571428571,0.0,9.333333333333332,15.119047619047619,0.0,0.0,46.75,0.5263157894736842,14.583333333333332,5.617063492063492,0.0,4.444444444444445,31.223776223776223,0.0,0.0,5.621794871794871,25.091540404040405,24.333333333333332,0.0,0.0,5.833333333333333,1.6666666666666665,0.0,5.0,0.0,0.0,0.0,4.375,0.0,0.0,15.027777777777779,0.0,15.516890516890516,0.0,17.384615384615387,3.7777777777777777,40.0,1.6666666666666665,1.8333333333333333,5.111111111111111,22.480158730158728,16.96666666666667,0.0
3438.775093437806,11791.247424423913,1298.0406233545702,861.0414492363985,1831.4452448773156,224.09459176444471,1297.8860599978207,2357.8705445435426,306.6698302009226,506.05635516387395,2104.543330287195,354.8785736419665,706.2413188426347,115.24588256355173,548.0148097740432,994.3872757251353,285.48114973262034,574.3986144903714,267.8898218531677,754.9903956510227,141.25522519669136,4344.203587178393,277.88079103436246,703.0725178317819,568.3134278236748,947.5985616283687,261.858404595943,267.06059284630715,234.22466422466422,881.5418452821394,302.46743217100357,1742.0761762984757,1165.4895992348547,96.59646673984909,44.92342743813332,216.84921687674085,693.6318494591184,45.781858757489005,71.60684914517667,125.34656084656085,520.4020252552833,59.182539682539684,147.003663003663,30.41813050006327,173.23896654815772,1338.2889354052666,41.51985922574158,2047.7853593367859,1061.6617500433065,1010.1885218476937,242.4074838295233,823.9447420402122,1348.7007969793096,543.1898445034709,1563.6773072418032,798.7591441308049,855.8409090315835,340.4198708664045,94.30167369978294,92.74151102865387,461.15753231059733,228.1584608202255,111.18764589169001,177.30888577653283,279.33495642121403,158.05898665957488,312.2177745923749,339.76913674560734,901.6194535896113,137.96480259220198,463.7209792250233,81.20039682539682,17.560214388785816,105.39401956509099,127.49626881055453,369.68678048560594,280.1541548437557,3126.900389825155,4498.464783507533,42.10976946334089,4163.402140591314,4035.4351344058337,24.184267040149393,52.993997599039616,33.4520091020091,81.61552227140463,109.74801587301587,87.23455687830688,297.81651327197545,92.66895698900343,48.138888888888886,20.80736461251167,51.67813852813853,109.13537342287341,10.357142857142858,57.44965404965405,495.5937537552558,117.67039072039071,89.71815221815221,12.781746031746032,19.08625116713352,100.03630952380952,67.94244603526165,3026.3431080910555,85.72261490803217,21.065800865800867,82.28337128337128,13.547619047619047,124.69301813266098,42.26031746031746,24.079831932773107,18.262590299277605,46.0479760979761,84.87888042643958,12.75,38.52452380952381,398.0530591630592,57.96394557823129,82.94047619047619,82.4595238095238,3.7777777777777777,42.58190476190476,84.04796570143208,40.51183673469387,51.09727891156462,26.22754586683158,86.60880230880231,33.10663709928416,232.10753968253968,14.206349206349206,74.42280245431506,37.68870881686008,71.76861797350519,33.324603174603176,8.492869263089851,62.2578459015185,25.926739926739923,91.23897531985767,59.88452842377261,57.035714285714285,65.01964595557033,67.35912698412699,113.36241675963313,25.067460317460316,29.8582312741286,10.580868205868205,63.115440115440116,139.35743145743146,69.7571763286049,43.722973435778314,7.5,40.79940476190476,50.44203944203944,15.297619047619046,24.617743868707358,21.703560703560704,24.23095238095238,48.83571428571428,11.666666666666666,26.875412286126572,11.0,129.4265790655607,15.74206349206349,121.4836366979224,21.083511182250678,40.05555555555555,19.75,6.207766439909297,54.95833333333333,22.166666666666664,87.41541950113378,32.01529475426534,15.200854700854702,19.61904761904762,2.2,12.238095238095237,6.5396825396825395,20.297619047619047,19.595238095238095,12.226216244073386,27.37942612942613,24.412451519069165,19.404761904761905,45.29265873015873,13.333333333333332,0.0,18.69607843137255,21.651587301587302,26.743021451004644,1.6666666666666665,40.79034391534391,15.671550671550671,24.81318681318681,333.8071070870993,10.25,23.133333333333333,6.055555555555555,23.609523809523807,36.37013125763126,8.040037343608772
2709.0532146724654,8391.772091603949,464.68663172339643,1283.8396633323105,920.5860656033975,22.424242424242422,352.450622459551,8048.263212482615,17.51202501202501,1007.4304217007139,258.84840556269125,592.1309012320758,995.9143227803942,79.72020803270803,580.7022221935323,886.8848261450792,91.01010101010101,520.8680355617468,15.38888888888889,494.72809829059827,108.14665427165427,816.3287037037037,8.333333333333332,311.46406941632097,598.9649264252845,1556.064533920958,244.02928206411178,146.45454776704776,31.593129093129093,57.42748917748918,199.11856661856663,1160.6830635620324,240.687116559297,46.18181818181818,4.761904761904762,5.801001251564455,5.603896103896104,8.458333333333334,196.7070128945129,27.427849927849927,867.3799759608582,3.7777777777777777,26.73989898989899,4.841269841269841,544.4952524327524,3.061224489795918,8.345238095238095,1595.6555293463716,391.7454027454027,720.9825012950013,510.2557965688218,159.06644469426425,179.1851898101898,242.8934313041456,124.05757967522673,89.58867684602978,79.96693121693121,214.12606837606836,99.08087844694987,42.186609686609685,738.8659211159211,24.87629922412531,57.72624311962547,48.746392496392495,7.218253968253968,31.001262626262626,162.93956506456507,101.9524827024827,3393.6704303967113,9.956349206349206,128.15175565175565,59.72186147186147,25.416666666666668,20.307239057239055,0.7711038961038961,125.80868205868205,2.5793650793650795,565.1807544307544,630.7162291101366,21.695156695156694,3199.47238698602,452.81415504109145,3.6969696969696972,102.56673881673882,42.16000666000666,87.96568015318014,92.14914252414252,21.20177045177045,1.6605616605616607,10.572960178223335,45.32142857142857,12.809092725972521,13.96135265700483,138.8341427091427,4.259259259259259,56.6591107305393,1050.4807011771297,2.7777777777777777,54.12602212602212,13.38924963924964,1.875,2.2083333333333335,9.16396103896104,30.661075036075037,317.7317196692197,53.305916305916305,7.144179894179894,26.06319143819144,0.9259259259259258,50.503663003663,4.166666666666666,37.773809523809526,38.43696581196581,315.2261904761905,9.523809523809524,11.818181818181818,0.0,2.5595238095238093,10.13888888888889,29.273809523809522,3.095238095238095,0.0,74.65346227846227,2.7777777777777777,17.996031746031747,11.38888888888889,124.27314814814814,11.708333333333334,0.0,16.526806526806528,35.0682261208577,5.481481481481482,7.5,1.5151515151515151,5.810185185185185,36.05838837088837,0.0,0.0,74.43537018537019,21.363247863247864,282.06811244311245,0.0,33.32449494949495,29.33531746031746,178.86067608861725,0.576923076923077,3.1481481481481484,23.269230769230766,19.90079365079365,26.0261544011544,0.0,13.44155844155844,7.364417989417989,14.752894164658871,0.9259259259259258,17.45580808080808,8.316738816738816,2.0982142857142856,1.9507575757575757,0.0,19.027777777777775,122.93369130869131,1.3888888888888888,8.027777777777779,18.61111111111111,24.456099456099455,32.333603896103895,36.13756613756613,3.92512077294686,0.0,1.0416666666666665,29.594516594516595,168.49420024420024,17.194745069745068,2.9166666666666665,8.333333333333334,41.39179162340927,36.14224664224664,83.24470569113426,167.21476377158194,0.0,0.0,7.976190476190476,1.5624999999999998,21.55133755133755,1.0,17.33531746031746,7.186868686868687,7.142857142857142,31.268453768453767,0.0,0.0,7.783882783882784,0.0,9.656926406926408,10.80547112462006,7.388888888888889,8.214285714285714,0.0,3.4722222222222223
