2691.751392204609,90265.44498670542,14295.103553518964,5697.726294514846,6938.885385868213,13442.712922875302,22.44598799986731,11626.177977149051,15458.295288140045,8666.759964256273,9188.065015263035,6160.332703400238,4617.259727314224,560.4437999978128,107.04525394055324,1902.3716222714843,12710.219171168,7143.4859443641235,344.8216370087643,15402.29759973095,671.2542269392874,282.29547660750393,241.74465839560378,6190.3145218291,674.7172679977148,3120.576107170303,172.4519319821901,216.6683130600926,1207.1870815763725,2688.5658080985845,1966.4670402889612,11921.096213049823,243.97362268561386,15087.400877728705,538.1282487659691,425.9123114731518,454.2433797132829,160.59782695206923,384.64604454641216,759.5005101697229,1021.2773801941353,104.19089004677606,36.58008658008658,1398.982432568533,10911.056463512612,1136.965415746995,2748.684696211027,9992.342672803217,2487.1843951621054,43965.056418129876,536.9856050080987,522.3392472155917,1252.256781789814,390.58560131648227,707.3929402909964,19064.257408727408,824.66219206422,98.10352306734659,53.45729225023342,1726.218033321048,4529.745299450281,930.2492593053854,236.6390737847882,543.9139521413331,45.31878306878307,582.1694476342868,41.37880464306935,300.5180307733091,324.86976896980156,2130.582624786273,1183.3071028457064,576.2699136942508,4472.382416151214,2331.374798703658,2643.2246460616807,1464.753617291309,3120.8076272346816,797.3997855258585,11645.506320413051,809.9594836665341,772.9953467797375,3297.5944948239076,1648.8528045821479,328.37532796723974,485.10241264430823,63.44595616024187,199.39120846473787,792.2444861867494,1519.071826292677,703.8295120329374,327.18671360798896,33332.42169875798,621.9916451467922,4076.3233695386266,2824.7021772311164,8522.062463199196,193.2980086165431,457.075714270812,136.7454818057759,2229.3187927495455,203.13638306138304,1264.2801228576684,3226.7442275799413,7349.621776251649,799.7717879016408,763.2583084191883,7777.101629899218,25458.225915324867,1153.5220584258943,70240.60822005763,4077.107681375706,5800.842573986572,24943.480727482674,19644.442378801057,2223.0482791992317,19131.45855561282,3790.194143416483,25058.67069907505,191.75692893850788,4242.903529201742,538.0640089161958,27985.22073289394,7149.66060944356,13818.702464151507,32431.686328902513,5271.5508555123715,11554.036585283946,4537.094114175371,12518.924578217355,13847.833389634334,7587.701735738523,42.38573636654399,171.7115740060593,224.28187999158973,72.30135382830285,702.8057804793896,491.4900702355534,207.53618965743578,4546.538649020525,6514.114040797001,308.357648017975,2586.7586798021002,1546.112340846861,319.3320675390388,811.045553012835,708.5826386960147,774.5922743242743,3213.420102115407,403.3074622566442,64.66819194450774,1755.1087332043446,6010.021853426752,38.448896123034054,120.68457331978603,31.102186266892147,463.85195402264003,172.94451327763315,658.4982819157188,8267.078071297425,224.14483558666996,3.8419913419913416,80.10631248711077,54.69891770023349,88.14098518020931,588.5966990334731,169.56885946655683,1766.007135664322,85.44397733114839,431.93592118154254,117.05664926147547,477.30506502497514,53.64765495941966,108.30718701588266,41.96765201029907,862.2325580296732,13.15603354978355,12.405494505494506,119.5430820502249,329.7790529070991,1227.5706348861877,19.366666666666664,165.00706089545375,448.67702899648384,14.865497076023392,487.5999198879777,64.60722443265547,42.351973963429074,246.27110372606694,40.49196490643859,634.5812388159948,71.702779551049,98.63633026814274,633.6235519315568,97.26185278276444,37.40022349936143,180.22290903540903,70.16224489795918,9.536507936507936,289.28586596584597,219.3880045351474
201.65010893246188,14845.025392628686,1797.69343596394,624.3718767092289,755.1205717405717,1112.4377526377525,38.25,590.1253811278812,1144.5093125383448,1504.8817408501232,2807.299555592456,280.1123480623481,299.9577441077441,1959.15835634384,302.86926397856627,190.62195767195766,1277.1176297143165,362.236664353697,153.43803418803418,4579.068830635192,26.233333333333334,35.99404761904762,132.11363636363637,201.26234700707593,317.97181522181523,118.79370441870442,75.38939393939394,123.34786324786324,1492.0858003927772,446.9708208208208,1398.3390865197364,1101.8848334509626,29.77777777777778,1714.528116386669,73.33333333333333,61.55864197530864,41.59126984126984,187.2744835361771,12.5,117.64366151866152,156.30150775150776,22.916666666666664,2554.3391682266683,92.13888888888889,725.3233455055744,286.52671123504456,1434.4582292368582,1507.8838569761488,286.3348595848596,413.3412169442792,98.69047619047619,44.5,28.331349206349206,38.55128205128205,160.90542635658915,374.0021062271062,247.39538794538794,46.702843612843616,36.80448717948718,497.978003003003,155.57910052910051,81.87742812742813,251.53210951740363,161.27822822822822,28.902390293519325,39.03224057390724,16.666666666666668,221.15079365079364,198.09733277475212,496.05238095238093,482.60441704243095,90.625,31.666666666666664,1222.2633523917916,139.54814814814816,109.6510582010582,204.63780663780662,442.62029172029173,931.396747921264,151.875481000481,114.0,223.56966966966968,464.53094837261506,3.5,49.33333333333333,72.0,25.10658808158808,479.4941235236934,61.625,62.660714285714285,57.638888888888886,268.00335775335776,305.80963105963104,462.1357679107679,310.4288152610442,327.2510138385138,15.287878787878787,129.6105912390796,216.46825396825395,303.9465894465894,126.91666666666667,10.506006006006006,198.65396825396826,405.79940431553337,188.16666666666666,65.04700854700855,470.4690382688078,4576.523239488953,270.8751984126984,3751.8320278554147,2069.4530111992867,4109.091168260384,1712.9748365873365,6101.248304072192,603.2761466553133,5136.887989644589,108.34410124410124,6557.255405014683,55.93518518518518,1601.8792289971227,122.82490079365078,5742.028464240067,845.6406540899188,1260.6680249881863,2645.53288261847,2781.904701925831,1878.867720979468,729.3583146244437,1406.4546017894702,1243.8017671833163,130.9063063063063,11.202222222222222,58.817117117117114,124.91752005461683,21.291666666666668,113.30277777777778,48.24074074074074,41.37896825396825,78.96785714285714,291.96654016654014,61.583333333333336,265.19538022218745,64.75925925925925,181.67777777777778,79.19047619047619,135.27777777777777,159.39484126984127,310.66468253968253,51.666666666666664,35.56666666666667,230.14463554463555,13.277777777777777,31.17267267267267,48.891666666666666,27.333333333333332,30.866666666666667,35.8,72.0,84.38888888888889,4.5,4.5,63.390151515151516,94.78999999999999,5.0,13.333333333333332,46.90224358974359,122.77301587301586,5.666666666666666,33.611111111111114,11.213423423423423,126.43373015873016,1.6666666666666665,535.9067884308397,11.0,22.92948717948718,0.0,29.61111111111111,25.86190476190476,13.88888888888889,51.70542635658914,26.638278388278387,91.62792792792793,28.621794871794872,3.333333333333333,203.80855855855856,26.04045284780579,77.51688311688311,56.305870386515544,22.5,134.71428571428572,10.266666666666666,16.99722222222222,28.075396825396826,30.08080808080808,2.8733333333333335,34.725,33.99166666666667,30.476190476190474,5.51948051948052,0.6666666666666666
378.1148495188983,58439.555887076654,5297.873210588883,8434.643802637775,1643.3888710316464,4102.0792514559125,18.43861452761047,1328.9190128403377,3453.134187634299,3553.5833203562374,2888.5832178945902,709.1550759347114,485.5200503037521,420.6736641206329,206.33957693878247,1188.0692014815966,4914.047647933185,1367.6036571447694,162.18711753108138,5674.963131548989,61.12027338361532,46.900559820296664,42.08365140150854,1212.9583227828678,307.4183457020429,428.02372475761575,320.4341128683921,489.73993675310953,936.9888084446868,1075.9576892570813,529.1963502216422,2830.1100080945944,99.39301734444004,4353.836183517739,129.6166212562735,34.2766656662665,75.97267889509708,70.79041043608875,44.24768518518518,120.81097765342231,757.8254990987973,38.780510464418505,70.51359450034636,158.8305726935607,1873.4770404835592,526.7759922531411,2040.7736500159267,1044.3940055878725,450.2145597626589,7741.800991370775,80.54234037778124,279.2006652767522,303.24698250002507,34.66849705014272,101.44419324963765,1918.1808780574568,336.1992118929934,62.594291562778956,32.923215020273844,1247.9965446301446,634.9253321706987,85.90761205870233,80.34724217538661,80.69015230412289,29.468660016454134,166.46667202291775,40.58385166420881,46.96167065687371,165.28636724523423,415.557967998537,229.14425208107536,145.60509681569556,323.36780037002075,302.2888181422664,1379.552254046216,270.68995145604976,459.8245910384139,181.85121078725174,855.0291413149544,114.81078701982494,65.80461685515957,547.0499039964694,236.71244524787616,60.849098994687225,72.03712439481058,98.41194953117221,143.3538818026563,103.46694746563706,714.7520924025209,76.70647489483696,108.0840301175389,3870.1304498830586,153.40278261102011,385.8931496844155,185.2734575724051,1721.7309806467922,259.78496173530846,140.47652132784535,137.55855246640022,380.1798135958678,33.32274212715389,305.8367584484688,158.4456770548311,470.7501690657149,362.1633082991281,251.40736384197083,1179.8228535798726,13996.870984676765,709.6484130454746,21889.228418990926,10394.410065744967,2892.68832648986,5327.759996625128,12715.595165157743,1883.181091175014,6395.1760300718315,306.79873168698634,16179.170837656293,744.7507896664746,1602.2170214702192,223.39310619081593,17140.95132503445,1799.177313061632,5133.9507254284845,6666.634274248905,3353.9911857621587,4203.199033206919,864.810843149127,2887.074983887153,2730.306856676643,1968.8580577995842,1277.0181562520302,18.65231554937437,25.69010673234811,318.95776765367236,209.70298141605582,383.2596258150556,226.30729297464703,429.2691669455537,670.0878866982786,411.46021787523335,272.2973394418789,296.4140692831952,464.22065110497977,46.93086643600987,108.81889845184745,91.61012963097967,282.54557721031347,53.68436284647585,214.3719892680419,197.4950218767368,518.1985945455125,34.03289749841474,237.6583171215154,32.530269774304465,33.43954728221969,153.84103002668857,42.381122962005314,692.542965194187,141.89268423876726,12.844696969696969,292.01019906610713,137.85727212196844,266.7517234635461,250.91661985780436,36.692157525275476,110.24456032516505,201.9283837325932,28.64168239168239,43.237525103450686,428.4481230499806,11.797141078653684,71.74894528602968,71.18524750535346,30.652874068287602,81.54530952625849,19.311494061494063,33.04475586919565,32.077384255955685,56.35504525430996,8.892691622103387,15.689161012598513,349.160109676242,222.25276308631243,121.33025638985868,2.4849480021893817,394.5678431213002,45.25478279030911,61.6076081712941,127.73054459417398,341.21531430036,576.8422210928077,67.15255441923532,96.49496719948039,110.27938989490713,98.75573783077901,263.99096048219633,9.818986024868378,165.00017037983326,35.410038572538575
23.944444444444443,9249.610605589762,2124.2934575740596,117.5172704386414,117.01071844821844,175.90219271469272,27.13030372405372,162.17095543345542,264.76141444339976,618.3874894781145,775.9573297882893,38.05288461538461,15.659970238095237,1957.994518130211,786.1384269733534,119.31271457300869,1974.7414123982926,154.539010989011,211.3428610333022,2371.1508916429175,6.4375,38.58095238095238,60.07118055555556,49.20065247252747,537.0377986664752,19.833333333333332,408.11648482236717,201.2324794175123,903.8476103188177,133.97368233618232,173.54707335065567,1155.4295656100435,15.833333333333332,606.1357080011492,120.80034722222221,23.13510101010101,128.75,240.56605207068915,3.8095238095238093,62.670222832722835,58.837196545284776,2.0,162.67496392496392,93.15945512820512,481.4710714530567,601.0029133448251,947.8259271978022,514.4009780252427,124.45337301587301,435.173096001221,61.46314102564102,51.88492063492063,21.166666666666668,147.06842818428183,106.48313492063492,231.54379324379323,219.52644814335991,57.35185185185185,267.4066175446787,245.62461843711844,41.08015873015873,4.125,121.22081043956044,25.92013888888889,232.2640347805789,439.6085071654924,141.57091756282932,47.40625,18.43888888888889,46.482142857142854,483.80856826118924,5.729166666666667,8.350961538461538,2527.8701208677353,118.1192014004514,808.2100277914809,14.20595238095238,43.93511904761905,177.9965612568435,7.345238095238095,36.6845238095238,44.794444444444444,55.043131868131866,2.1296296296296293,6.840773809523809,127.06984126984126,311.00207037830876,28.06712962962963,31.57318722943723,151.57930672268907,62.90979853479853,610.6163474017383,22.68215811965812,66.56988782051282,4.903846153846153,413.9047176056657,23.194444444444443,220.37529374560623,38.11574074074074,8.222222222222221,25.791666666666664,9.805555555555555,46.40277777777778,280.9507402319902,12.26388888888889,796.9193757631258,969.9458491206362,3490.7478881438624,145.19232804232803,1639.503051167815,480.71435217438506,1712.5638532236228,1199.4915037372757,1930.8373689967439,269.28072478991595,3502.787016048496,26.34375,2933.88372920389,1631.8373933120256,270.260989010989,50.478710699023196,2166.5297045162224,319.96461852191015,845.9035349469825,2466.5057420907265,340.62897034882326,289.70355200919226,103.17433261183261,975.0576061737826,1132.1752076262119,50.687937675070025,1.2000000000000002,16.907341269841268,11.29861111111111,6.071428571428571,21.81190476190476,2.5731646825396823,7.742521367521367,99.46754701880752,142.3066563066563,13.75,16.18888888888889,75.77403846153847,55.51709401709402,21.5,171.87944348679642,7.135416666666667,22.64156746031746,5.738705738705739,13.676190476190476,147.8746857717446,35.36081349206349,514.3665627362055,2.970238095238095,65.58928571428571,10.61111111111111,22.32936507936508,21.666666666666664,164.28805255202315,54.24444444444444,1.6666666666666665,72.25,232.0657042226779,79.30173611111111,27.916666666666664,12.333333333333332,8.23611111111111,8.0,17.22222222222222,40.177083333333336,97.33566468253967,37.4280753968254,4936.5862730051185,64.48958333333333,5.430555555555555,47.73412698412698,138.5448717948718,1.3888888888888888,2.4107142857142856,13.75,395.8621794871795,36.74603174603175,0.0,1.5,12.00925925925926,41.47649572649573,2.1428571428571423,26.68966333845366,157.05295838420838,3.333333333333333,0.0,3.8461538461538463,27.65277777777778,24.444444444444443,25.0,1.9936507936507937,4.444444444444445,2.6446886446886446,0.5505952380952381,0.0
130.7691953644348,14682.488483532923,1864.899302537295,527.2600140868212,426.44328340793857,731.323974713326,4.384074259074259,336.74038353121057,955.0299877245758,2467.426615275322,1577.2905643803085,72.12136352209882,88.16632768322849,1414.3489704535657,174.4989281231517,483.6069747722471,4847.09888927307,326.72326876510584,85.11226183146889,1515.0335995778307,60.47048423386632,31.800430544035756,46.1715093621571,168.46678082104478,33.9764639537459,91.54281675612879,35.21082294184027,67.82553081838796,254.38578835843657,519.5979430143948,93.22696834476506,2208.0099520243966,16.61092451609693,870.5115434865498,25.890218583890515,12.339424925450714,33.93766539928998,173.02051581294103,63.38535179189117,124.64062101658725,209.13221363539623,13.257076257076257,22.279104065868772,114.43396709746978,552.4837854249687,688.1868993154173,528.5101174227963,434.88610411021324,199.87408686376472,1800.0437305821345,48.64536087259478,9.981060606060606,8.14084397986837,12.878406315906316,92.08850979927632,467.5450535768655,110.80899989366375,54.04779049550855,10.555555555555555,154.58979919324807,364.9740447199625,48.853895015659724,168.12488856723957,46.55156096221168,34.23524958774505,445.4672728193944,23.761092105840003,57.606268149822654,75.95504201680671,222.61114380213556,136.53621848611328,64.29590766131014,74.10968263628362,305.0446891321237,222.3545415205025,463.4471993286715,106.2774828133519,56.89432242634213,498.96574547519356,55.02442649352965,61.195315276058174,13.998406685906685,174.33796170773857,3.158521303258145,26.265752897895755,25.49622750437968,19.999409946778368,41.47248275255794,94.6037543544416,88.76237151885547,82.60327711879437,1271.1072179310672,48.50515476586905,165.50455462776168,7.825221524291397,1157.8797670071735,61.13086260221792,138.09902931827907,26.73551914853826,71.17989135047958,23.509597747187158,15.477022554739946,28.95696077031512,1222.6186524514549,53.399750744838556,120.94079336541304,2091.4437638098025,5194.673737425165,123.21336055017463,5645.442842819067,1400.0058633681028,1652.273007436385,2865.8919585682766,3509.435586138203,1443.7453120105743,5425.5866940648775,220.09240224000285,7967.179118342008,25.00646824439928,580.6885478602486,18.89292908495962,11957.279699403563,735.273866650961,2781.043685909836,3609.3836302024356,1268.800081356957,1063.2069629294526,448.4300559327556,1392.8811299515412,965.8952696294668,194.54723317771118,27.797913709339785,21.264276437070556,43.37543641014336,4.822112753147235,94.8275003725646,1021.3527290095886,94.0374738473478,13.435992934268796,341.6115946958715,56.141937061906106,51.92481796338993,112.46601711812025,23.237207004013726,31.749438363079335,101.54297939332768,5.279146141215107,131.30859078379362,9.77423869234214,11.438620902906617,24.05572483072483,16.37007437007437,251.63154904459637,46.24299865175861,20.84551396316102,44.01827061827062,6.6417317675938365,26.36096905929351,137.40551056552312,29.131536810697696,16.289682539682538,13.845302040954214,855.7138128708402,319.3847903348302,9.981839318819233,23.71017080921437,184.44821154446322,48.215818903318905,26.035039470333587,9.198203842940684,209.0534489618855,0.346938775510204,22.387440033484655,128.55221368675203,31.02282469136184,8.37432005630535,8.476190476190476,11.443722943722944,12.102143755625837,21.972692856313547,7.531746031746032,20.67182278505808,99.60048059505704,3.226190476190476,31.088673519953925,0.0,6.271825396825396,100.14497073274163,23.183287008510874,20.039971584153285,49.03952396502706,6.806322529011604,57.65207749766573,3.1627612583494935,0.7142857142857142,9.271544725116154,86.6802574059927,1.3025210084033612,37.352237751217885,0.3571428571428571
419.26861798516484,33803.49302013966,4516.355451982699,2749.9997606299517,1633.0600922153938,2389.3403864274433,14.554181929181928,1018.5767679148636,3300.4676823624923,4000.8360790373345,3939.3855963304704,345.227273414652,260.6113272878017,2008.5490067323985,505.8922264742927,1431.2750788308958,10187.30358647403,1615.1878917114475,205.5038330864182,4155.087422163087,369.9170439419372,56.750143599384,88.90738955273834,544.3217418687041,123.84787304199068,479.50129309892685,54.49168016384609,168.8086946660084,255.88726948678297,2033.4095623418154,193.08800078959098,3751.22181357775,30.689935064935064,3799.5989326443196,98.90289238195585,26.586333230520903,126.7496077772771,455.7410717672134,41.68482905982906,219.18767545031568,572.5418800860515,76.89957264957265,56.20425979249509,367.41996144693513,1746.7536977096972,1117.0704519266435,957.3898149909977,776.3878365697781,163.6460194367762,3781.63857114465,101.40301018593073,9.403550153550153,34.53802341846634,12.408230658230657,119.03320181042059,1424.3692099359594,328.3114366719732,19.24393090569561,22.619747899159663,615.6384084172573,867.3580692796398,98.1948765649746,747.9380624593921,272.6950193015902,45.395527279737806,607.9138131434221,63.074454179087084,139.92410816257524,161.13603515998474,179.4541903943853,135.230674098461,272.44844442579614,286.51712968733005,240.15284345284346,426.69457199595064,564.7340113905129,525.3535482293876,226.6279530828403,1580.0038120638296,256.74811465907123,210.2300441116031,30.685423967566823,358.41348150504217,26.087913978006856,44.54103480293956,37.38718307835955,62.36394161394161,132.8960196924184,574.6657707338976,78.2753844220931,47.16429270749999,2771.896776210647,106.51831734356797,443.3687901916086,32.08668889101144,1746.5606299330032,128.96947622049836,271.29900072019154,102.67332371545109,350.3618027752247,31.99174591318554,127.66661321482749,106.96720529907735,1562.7657573909464,262.78442210250466,241.47799436402377,3137.35070416823,9854.782896350991,136.46516746906508,13870.236859960083,3891.8773687637804,4627.410211124173,6295.281578760529,9875.161573039992,3701.893438550658,7932.597218731601,393.4268508185046,15129.428823727134,129.30095136774705,3006.205406070026,139.29997291116766,16662.676924990454,2128.677581935993,5762.962703663306,6669.958689707648,2184.629096196415,3173.858125113888,1792.0159152262095,2917.4175871620314,3532.5078898198362,864.07956562079,113.27866751240883,113.10704130464192,166.79904511648576,25.04408996800301,360.6267173574395,809.5948557013489,253.39871397276858,63.06592371473324,878.4218640993392,135.69461381411844,201.83958103856452,221.16590657256023,85.02016145828362,39.72057696229182,96.72748936015742,13.207602582602583,691.8225313918149,47.88764052039914,21.852968460111317,98.90560196796353,101.58042949114378,280.3505833695683,221.76964348297176,18.343819768760024,186.79341853291433,68.08208306289379,65.34811710231878,250.13096898378484,198.77000882445836,5.7142857142857135,94.85311126071996,1040.5623436129997,1180.6406362018797,30.422022149963325,92.05948251113209,195.17972908332078,82.84677668011001,53.03995949584185,10.836792836792835,207.01609173154702,2.2210884353741496,72.91330891330891,328.9080554926107,64.03885495636932,18.636493143652586,20.173280423280424,16.120110883268776,73.6194317405802,58.52546342546342,4.5064935064935066,109.76105802110543,943.0152791577106,3.8677248677248675,207.6621501155319,5.02913752913753,12.300762729334158,103.54972550525956,30.40913335030982,172.76793060409227,97.08753220639979,74.05896297913104,82.23794489381015,28.581538408335796,0.7142857142857142,31.573000412286127,286.3932578673117,4.352941176470588,152.95893300078495,19.688492063492063
48.83002582948804,15139.18976007016,5841.84306932713,439.7597227559358,1734.4283964676808,956.1156869791055,19.955555555555556,354.7227178996166,737.1741206352172,3050.626298010446,2284.6845939679383,295.51317003899214,128.23320232623837,3091.0951900206187,609.4428285681283,170.4850340042523,2490.6514196025823,1192.4009356486863,56.644959628158354,4425.79853226612,141.57725522581975,241.37253835726102,233.15613688889874,117.3970940063499,229.87778303039457,133.30188798612443,1377.2645762733364,58.345111237968375,1400.2106396714696,787.4136806297871,409.90059483874603,2469.7373235916857,22.29031074289695,1831.9597266559476,56.94024508294018,76.63706297795291,90.98162779667827,505.0834715420695,54.09528063915808,218.56490813810234,113.68429764930464,14.80047852474323,95.44371345029239,365.1877664675652,758.5057486450971,152.7015360675144,1688.224498547097,841.5409494020836,180.30469764657605,954.2261159182922,116.29356699187656,220.34292169818485,61.83928571428571,57.48325782404729,216.95349119517834,1152.680555996329,56.270699429196966,35.32824282011655,58.535732714138284,367.6742132073386,122.28930062970556,113.11154464443938,752.7646617715218,190.46360934587398,53.281387736582836,1233.713645347218,23.118084296655724,112.49563237038949,7.304761904761905,178.39013252829042,902.2882751898806,15.481994312876665,64.41756385041322,1649.216792646274,441.7929210859778,137.3028598205309,33.29699729971733,148.41012655818528,170.26124352841666,55.63371740807086,764.1720189721124,69.20734330414781,87.48443630628294,0.20676691729323307,66.39740087954374,25.19747023809524,45.66858813700919,70.07048695558487,10.577318443470894,19.867261904761904,36.4621118823705,1175.0516233983449,62.22925310475067,116.60387407418557,98.4838657394157,651.5842658208034,14.384590095181228,507.82466163879434,183.052431369622,48.52560663919824,29.18393374371142,16.11111111111111,137.92405582922825,1404.126013773916,284.0541651171889,334.2009075568513,3966.6024142503634,5938.88573415939,891.921790643106,5250.920522371089,1287.0928471483624,3823.1177135423095,1408.1278142553178,7005.27724958612,1831.5397522897406,5547.519315541599,40.33581521186563,6180.411443242525,356.85402169822476,2079.5260990863258,31.86802420679903,9000.497919100484,705.7480291642618,4188.499043646528,3123.676889494109,1729.0973044311845,2025.7048052242485,716.9903140599507,1930.2748623728935,1444.1408783067716,126.5103483483215,40.59441927576164,113.95382585251006,126.38222531904474,7.470580186097426,46.83901898162333,36.57809831793822,22.810329842892866,72.20838248181349,71.89900992448261,19.36356209150327,65.62902209363094,36.33889331787271,55.03573498887538,137.15688309022667,102.10393438634773,30.256009996255006,111.1476302433199,18.1921227277965,21.560374149659864,61.6188558960916,69.0706852019117,344.67577918727295,10.748768472906404,132.21745272271588,87.68884097498649,17.708696571627605,9.950318542050967,322.9916453414534,7.1504105090311985,7.023809523809523,20.399844720496894,1550.2570636988228,502.7584466681621,64.44642857142857,67.06404682931938,48.40005196656015,7.428571428571429,72.71970576763809,6.413220551378446,14.251913437439752,12.230272108843536,693.4455064314898,171.92079362610377,50.84927690558495,18.892857142857142,9.267857142857142,14.03558544629973,27.068897099069513,91.56759894134012,85.34466366966366,51.29247835497836,15.561970243912167,2.676190476190476,43.262380789636424,99.12975394744599,19.319444444444443,138.0195969349994,10.38472160023884,9.21885369117674,9.400694248991462,27.07289905861334,27.432227894745456,19.973872369460604,11.57036505161505,15.505668934240363,20.684981684981683,9.13219133807369,7.221339005821764,0.8333333333333333
31.07142857142857,2877.83046886882,1187.984509750629,59.13054081521823,151.5570054945055,50.94312169312169,5.273809523809524,57.493374291786985,19.186262539203714,380.83336840175076,279.0427417373274,21.0970695970696,4.174603174603174,626.2837118724327,71.46724664224664,23.123626373626372,774.5505395924948,106.06863642893055,31.33888888888889,542.3669921610324,39.99999999999999,10.876190476190475,12.561507936507937,36.0971829757544,132.11182336182335,9.523809523809522,56.744533244533244,44.36202686202686,181.24541107041105,72.37307717958979,50.77178469678469,151.25547442053744,5.416666666666666,400.21376353960386,15.23611111111111,1.1111111111111112,21.289682539682538,96.34604127950902,19.95021645021645,14.048940601881778,15.987301587301587,1.6870748299319727,7.913419913419913,59.927960927960925,122.19200227099387,37.91269841269841,46.55903540903541,51.22076164576164,5.873015873015873,206.59938104747198,10.325187969924812,15.166666666666666,1.6666666666666665,16.182539682539684,9.898809523809524,89.19761571295184,27.00091575091575,0.9586056644880174,48.37566137566137,27.115384615384613,20.73412698412698,2.583333333333333,33.84585261229998,4.70798319327731,2.761904761904762,158.2510246017599,14.245726495726496,13.020467836257309,0.4,4.285714285714286,30.903562238239655,3.485060690943044,20.65201465201465,217.13477994436641,10.122972265829409,41.91089743589743,8.082539682539682,2.2916666666666665,48.69503689261754,13.594246031746032,3.7584033613445373,7.798412698412697,5.97069597069597,2.380952380952381,5.281746031746032,3.3111111111111113,8.831766381766382,15.693121693121691,1.2916666666666667,2.2222222222222223,3.3333333333333335,157.67110497897949,3.6274509803921564,13.978949938949938,6.387362637362637,115.6198864498566,2.7777777777777777,20.587952248368914,0.5,3.8710317460317456,1.7418546365914787,9.237528344671201,7.936507936507937,99.15676917490643,1.0555555555555556,27.20970695970696,359.56908466599134,758.9497904637666,74.06990231990231,904.349836159535,185.20015464616304,962.0571205934508,193.97698314757136,1017.867626017538,81.43172268907563,825.8132641998851,11.107026143790849,1183.5040951045535,102.32415547415548,112.23013778160836,17.752770146520145,1052.1469195721622,21.98183679066032,266.490173253828,452.6903458556747,188.81302161890397,231.327293738008,33.53318903318903,338.7583460035141,247.1992340548455,38.49134199134199,14.066666666666666,1.8627450980392155,0.7142857142857142,0.8333333333333333,17.227777777777778,0.0,0.0,19.43025951121189,20.9139775568347,10.476190476190476,10.27437641723356,2.9914529914529915,8.367445054945055,0.47619047619047616,6.621937321937322,2.261904761904762,12.499999999999998,1.336996336996337,0.0,12.946293902176254,8.481746031746031,54.99192565915255,0.0,3.333333333333333,19.72222222222222,5.579365079365079,0.0,58.51754641127706,24.511111111111113,0.8333333333333333,0.0,137.7709601022759,75.36388888888888,1.1111111111111112,21.881944444444443,1.8137254901960782,2.0,3.7777777777777777,1.7857142857142856,0.0,3.7698412698412698,680.5894277905663,3.5555555555555554,3.194444444444444,0.0,0.7692307692307693,0.0,0.625,22.9047619047619,9.436965811965813,38.74007936507937,2.0,0.0,0.47619047619047616,71.83119658119658,0.0,5.915659668885475,18.964509564509562,0.0,0.6666666666666666,0.0,0.0,1.25,3.3333333333333335,0.4,0.0,0.63003663003663,0.0,0.0
1674.4417925257385,28651.053828289158,1451.8564025119247,322.38063725490196,706.2644485144484,439.39026251526246,9.999999999999998,33.5,4832.136670869652,2500.8364752775187,1612.9327997711314,377.92684448358466,12.884803921568626,69.81387362637362,8.403361344537815,713.1595967394986,242.14880190615483,569.8219885576615,25.583333333333332,1572.0847412618245,2.0,0.6666666666666666,8.928571428571429,2.833333333333333,847.8522592875534,11.875,312.8538408872355,459.47546897546897,1804.7197542109307,44.25108225108225,24.538359788359788,2822.8229376560257,743.3220027068065,2394.806433690341,6.125,0.6666666666666667,3.5,0.4117647058823529,81.64189514189513,40.88095238095238,53.57227032227032,408.3966635942126,7.317460317460317,3.333333333333333,284.345792461085,35.75644841269841,1926.5289862914863,58.50863678804855,1175.1941579662166,35.035714285714285,1.4285714285714284,2.1875,192.97092488648465,3.619047619047619,5.0,25.996031746031743,16.871031746031743,868.7874132947661,27.023809523809522,23.50495183828517,744.9707726686893,13.743386243386242,4.583333333333333,17.889355742296917,513.6215375038904,13.587662337662337,82.30357142857143,131.94444444444443,106.58673849298849,14.68964947089947,1401.0768651839303,9.688792688792688,0.9090909090909092,45.370490620490614,22.166666666666664,52.470238095238095,410.08975068141734,5.095238095238095,2.0,331.91666666666663,2.7777777777777777,429.09264545779695,26.658730158730158,93.40741542408209,4.25,10.163780663780663,1590.2722442998177,9.067460317460316,1.1111111111111112,74.67857142857142,51.37121212121212,53.02204585537918,4.999999999999999,5.15079365079365,3.0,36.817460317460316,611.7188517501017,12.159090909090908,180.3161976911977,14.472222222222221,2.0,77.59513782785841,8.75,354.9247234791352,339.59094516594513,46.104166666666664,40.15949899773429,6088.360281688117,1755.0523456799192,18871.886131768882,635.1489575866135,3758.3193129222473,3430.813955026455,7029.894797744543,68.45586113233172,3809.5700829568646,4.999999999999999,3923.2377325185557,260.0101715096813,1548.0203660355621,17.333333333333332,12679.073603321183,1069.881152707133,1828.0718850065502,1458.6844568767813,2139.744604535271,1337.656927466275,1200.034270581452,662.430077325543,2056.853243908782,0.0,123.08122864789532,3.1111111111111107,0.0,629.4262621637621,0.0,141.41546470504804,218.37729925303452,0.0,0.0,973.9234979345273,0.0,41.3095238095238,0.0,2.1875,0.0,0.0,0.0,0.0,33.02777777777778,0.0,0.0,3.1944444444444446,26.744047619047617,0.0,16.354166666666664,49.546015712682376,1.6666666666666665,0.0,218.8813131313131,28.728571428571428,76.37962962962962,65.74970291146761,142.19304388422034,92.03715058873257,0.0,0.0,1018.6836397534926,0.0,0.0,10.746212121212121,33.410714285714285,0.0,0.0,1.1111111111111112,437.93622064210297,7.984487734487734,294.67057133135563,0.0,0.0,0.0,0.0,17.35329485329485,16.955555555555556,0.0,3.958333333333333,30.845238095238095,0.0,854.1047216672216,0.0,13.42195767195767,30.809523809523807,0.0,25.786075036075033,0.0,326.9733327674504,92.87870299635004,89.30005411255411,81.49350649350649,637.2860195360195
386.9852496660546,30896.65313156771,5578.961603486894,253.0586973989725,655.0010746753615,304.9806112503481,5.333333333333333,1323.0658267531126,884.4064262248604,5597.883172924885,3713.7458110126586,377.6698411654846,303.46056540638585,1500.4039354535105,719.7494816586922,264.1475319121582,1011.0658471163835,673.9655908974898,18.675324675324674,8772.922744618452,65.01776441079846,110.75463425463425,97.04523941768187,516.4477331111476,22.19839852270193,123.6395176317777,15.313131313131313,35.62805576776165,36.400910922582746,271.97500278666246,383.1364970097555,910.1275513731986,144.29063007446464,1439.6381021062577,159.00021294181326,33.76953357100416,69.50682937704997,200.40806178476237,83.83951125127595,69.11745977086886,189.359710550887,8.158730158730158,2.0562770562770565,148.43529516272923,1103.7652275609287,69.4964010856868,358.57828524960877,474.67516487356414,123.34572616925558,2346.2089058126703,85.12754107490949,7.438672438672439,52.39565489836387,66.48061093390041,191.6478475228475,1492.6409663705956,42.766884531590414,8.214285714285714,1.2070707070707072,794.3923054070112,552.6368282087709,28.472052457346575,298.8028322440087,121.33336119075283,78.22745098039215,1295.2460048121811,4.7031746031746025,197.54866334645746,75.37870876686667,197.60393399784155,205.72127967348555,157.3344499415928,92.49070537305832,1943.0415915779859,572.2340794897683,146.1300779887467,96.23574555819138,92.61437908496731,1084.602218284702,35.462184873949575,126.59798516661262,128.48244348244347,101.72904995331466,6.111111111111111,10.183261183261182,20.788690476190474,0.6301106301106301,123.4613516113516,283.51183091933865,18.86796536796537,7.507330882911377,1503.8356183511737,75.32665482665482,200.63117251303524,241.8621166890568,2372.5914682443913,5.952380952380952,342.3988216543041,54.22294372294372,90.3321158008658,21.25218572277396,30.626422597010833,196.05676691225693,1931.4960543957086,745.5265475265475,265.71783732836366,1064.109788891819,12869.698494735367,269.43511263734905,10487.376495518438,937.1026139910031,3925.243574945889,3180.680993889303,5112.720830182389,832.9810429852025,3066.2169736850224,111.17681117124394,10922.712957178961,25.647167160325054,625.7390376216297,84.2675660482162,6126.659871145376,1456.7488475007644,2831.16432716636,6429.5110984130115,4208.8817291177065,4736.470085944657,445.7014841995839,2095.2217790504333,1337.5187635621398,966.0766965427673,0.0,42.12481962481962,19.436118892001243,144.78655372405373,50.60983267668661,34.037051184110005,1.1833505331957344,325.26821518217287,143.3457662659933,62.95129162776222,495.57086328728514,257.95209233490965,25.190234601999308,33.87862872421696,82.69919622860799,128.30001746619394,100.94369764222705,113.3532861413306,14.68859649122807,251.50918145035791,309.54211272641015,32.37791573505859,3.4215051517683093,13.408564814814815,28.43976393976394,17.510745323770536,78.62770562770562,241.1287928769021,4.927631578947368,10.047619047619047,13.518170426065163,1569.1405866307182,319.6591289973643,7.674868990658464,39.52143105432579,143.11665192171145,21.328883105198894,187.16272847522848,31.07186727960722,124.51669381530061,3.6309523809523805,94.97619047619047,143.09477831536654,73.79025372775372,4.5,0.0,7.679653679653679,20.805555555555554,31.525337407690348,10.928030303030301,37.59962722462722,64.73099415204678,0.8421052631578947,111.68599856414981,96.05781201369436,0.21052631578947367,55.66581289081289,0.0,153.2032067877656,2.8588896483633324,0.6015037593984962,94.05494864612511,9.527910685805422,0.0,9.999999999999998,1189.4431195440593,2.4,3.8929093567251463,42.329954566367604
35.61531279178338,5234.275864158695,844.1572938499409,39.97995642701525,48.7627097847686,128.07987382987383,0.3571428571428571,117.85970695970695,299.39876373626373,249.60826008319614,404.20427959839725,57.863445378151255,12.247598697598697,1124.1391127391128,250.14682818308577,71.83119658119658,322.9542287466657,49.86202686202686,11.716666666666667,2444.2255325943406,8.878205128205128,14.563492063492063,14.971360339007397,43.14343173166702,51.75213675213675,2.1764346764346763,66.96861471861472,42.56944444444444,231.24192104192105,115.36773504273503,18.519418979713098,821.9451698628169,7.678571428571429,359.67742729942216,17.127492877492877,5.344254510921178,5.833333333333333,62.275757575757574,0.8795518207282913,19.288964303670184,6.98109243697479,5.0,179.4419191919192,8.396533613445378,114.42814946491417,66.96642246642246,388.3567376523259,123.44281045751633,55.19017094017094,773.0670878504212,15.237179487179487,19.55128205128205,2.6923076923076925,9.429487179487179,24.65995115995116,134.46933668840362,37.08611111111111,12.833333333333332,56.301587301587304,36.2077093657976,30.357142857142858,2.445054945054945,52.4017094017094,14.75050875050875,62.604166666666664,77.06727483043272,18.4992673992674,64.47985347985347,10.5,42.709706959706956,60.97679419346086,5.476190476190476,2.8846153846153846,478.62396638142434,46.29187016687017,148.21314960982144,2.6666666666666665,60.52777777777778,257.5875395029807,0.5555555555555556,24.497252747252748,5.961538461538462,12.833333333333332,2.0,0.5,13.61111111111111,25.765567765567763,5.779202279202279,53.40064102564102,31.106837606837605,15.923076923076923,127.85855050522233,13.541666666666666,29.99188034188034,25.773809523809522,181.08072224616342,0.6666666666666666,26.924325674325672,10.051510989010989,11.362565539036126,16.549450549450547,6.192242114236999,9.766339869281046,51.328601953601954,0.625,90.81535947712418,140.54305046805047,1936.9120908632813,13.071942110177403,510.32058771838183,250.1946255928454,1515.2995599497358,500.92326191013774,1815.4012334233437,363.48273939205313,1386.2625293509748,23.669871794871796,3050.1932776663753,195.95277777777778,796.1608262108261,8.166666666666666,1690.8302196739871,133.29559329559328,1118.3587187125472,1114.5561693323302,535.686979278891,261.9499868323398,14.528069153069152,467.595737587084,904.926645213329,15.88777562306974,9.533333333333333,5.465616246498599,5.4907407407407405,0.0,1.3333333333333333,2.5,11.25,20.478279773447838,50.52223239723239,0.0,15.260504201680671,18.997049247049247,3.6698717948717947,0.0,36.71572218631042,4.044117647058823,7.708333333333333,8.833333333333334,0.5333333333333333,26.625942684766212,33.506253713606654,43.90561224489796,1.3333333333333333,27.944677871148457,0.0,2.4799011558646447,6.372189901601666,82.7225320543779,0.0,0.0,2.0,50.80393217893218,7.583333333333334,2.0,2.6666666666666665,16.22222222222222,1.0,13.46031746031746,7.013888888888888,36.49149159663865,4.75,4621.435970218865,19.283333333333335,1.7521367521367521,15.936507936507937,23.995726495726494,0.0,0.2884615384615385,0.0,45.199999999999996,2.8571428571428568,0.0,4.898109243697479,18.128205128205128,155.71153846153845,0.0,10.799999999999999,23.11111111111111,7.3809523809523805,0.0,6.666666666666666,12.055555555555555,6.5,6.666666666666666,0.0,0.0,2.5,0.0,1.6666666666666665
51.56297670583385,7844.049098570019,1191.360478967258,35.87589778601499,226.25130982186764,275.52495852806834,3.2766203703703702,273.8747865092406,393.55697003201146,1096.800753011523,848.1744742476876,34.4234943977591,44.21913732894908,1195.0977285407698,98.23978629596442,85.07248764880343,1327.5415155389956,175.7050646555211,65.86168406756642,1251.5766075924278,38.62531405141699,29.102624383086567,67.30412145918973,175.84833365549392,176.9050047175047,34.73526077097505,35.720238095238095,56.28659708347208,272.28257844804585,317.1613320744798,27.292152174337225,962.5846233937556,8.063988095238095,476.51092857098683,2.9947916666666665,17.308064892623715,24.66266934124077,193.67783029878618,13.877594627594627,57.744529208989995,163.59246719244138,1.6646825396825395,16.86904761904762,109.33993487202042,284.1365753917357,203.21716898653443,179.06643262699936,273.0281774779324,136.22203742608153,673.0286502482496,40.94970599575863,28.61111111111111,8.210673941443172,9.076830732292917,169.30308161276204,199.12936842455983,22.862103174603174,16.6994825708061,17.124393738977073,64.09628674702203,108.96759870031929,38.82208994708994,268.80780840113823,335.34210244866927,40.248231383196554,1804.5991522960835,10.476785714285715,9.744485294117647,9.581388110799875,80.09693206761705,189.8443113968075,26.194616004296453,12.805857949240302,270.86631313742936,71.68337069676355,76.50875315237738,14.832264957264957,151.16364387635394,145.96509615158882,24.9769536019536,53.542457134368895,11.465919701213819,27.166065416065415,1.6666666666666665,3.239583333333333,0.8653846153846154,36.76587301587301,23.153769841269842,1.1616161616161618,11.254960317460318,3.923941798941799,353.10902530204,40.41254578754579,84.55771175096832,23.44989903591959,352.51281454899873,11.417432702746169,95.15932624020859,78.38690476190476,27.81216931216931,11.263652390780873,2.5925925925925926,30.912640056022408,505.48364683274264,79.47457673720942,45.152806956115775,1400.658946286572,2310.3031031575642,175.59156934703705,3072.6778101273,267.0263518430318,1097.7116347327558,1455.7780246270695,2428.684299077061,1016.6325302110647,2485.1771763034267,21.139377847098434,4880.890715195256,119.01989147548358,1040.275039547676,16.759852552131964,4575.604561749505,238.87712242858333,1024.8868525012447,1394.397446469586,523.2869891682993,1078.2386859511635,257.9528062487621,802.0649729481878,915.0880514313988,117.56359286138698,1.183673469387755,36.381397306397304,9.158573517126149,1.5555555555555556,19.463980463980466,123.11158610432551,15.729766265480551,23.324404761904763,113.53920766649739,7.164743887985816,111.35943607724539,72.85860456622841,43.910301999587716,38.57732259570495,46.38862670625441,11.212447478991596,28.77978577794754,8.735119047619047,12.218253968253968,21.04777167277167,53.008018295702115,83.99598488743226,21.311125034809244,19.48587061087061,17.834821428571427,0.0,32.273664343786294,94.95165755696218,15.445560574043546,5.0396825396825395,1.25,523.7464988115129,186.9637628460509,0.0,0.3571428571428571,49.78618113912231,2.0416666666666665,22.674486461251167,15.516917293233082,22.034912802840434,1.4955357142857142,206.8813492063492,139.5534157310943,14.200046685340803,3.4772727272727275,4.0,6.501400560224089,4.330215419501133,3.7738095238095237,4.800000000000001,19.756613756613756,20.595950868128288,0.0,27.694430977207933,10.407738095238095,0.8163265306122448,76.42142383565702,0.46875,1.4285714285714284,2.48015873015873,0.0,11.890574650912995,0.0,5.448863636363636,2.0238095238095237,4.653850535429482,1.0476190476190474,10.150375939849624,0.8333333333333333
137.2263560693233,29736.494708408707,5660.263753992165,270.24856706220356,1224.584383949933,1642.4851445239517,24.620868714618712,576.0128031916892,1555.4638612312883,3931.8067276667434,2549.6288798525266,162.29837899740036,160.9636228045535,5648.542993087233,555.2656458020668,279.0753548742934,5382.826497959729,981.5075308450525,128.58171139906753,7044.549974512267,198.04789476124492,556.8315581210584,293.4683542067973,273.5210753652402,264.5090570677538,150.09296311997568,513.3103380436019,76.63491823829479,1627.9146835638303,1815.7456773670083,122.47931700060417,4633.636628925653,93.73470074550197,2066.0560414402007,125.38004101266918,72.88629275869854,52.3394787392547,1160.2386881216244,84.4001353416481,230.8212253296242,318.61505017799453,13.508880825057295,74.16844233650454,479.21178009121473,701.5745570668921,553.25824563136,1059.3724411966168,1567.5144120361006,457.97466172268827,2015.6864551067226,268.91580537006354,63.36131266394424,45.78166544993468,44.96072006659338,474.3129278630833,918.0558209191372,90.99764902914501,37.99947134827459,183.07522429625757,128.8213111038505,260.77399042656435,72.24756829080137,1176.3046596871686,342.3767700185757,194.04087114192006,3968.5569381021382,46.12433623308236,115.52342182111423,33.193481875429434,141.24604264557826,759.9638631894666,94.2904226842252,96.34670896792574,1783.214391708082,647.7434585373879,323.6037696071435,78.7971122919376,434.5875711251916,347.3555234050306,78.48514209290072,474.9430815433711,81.32205491815178,93.17265638419957,11.666666666666666,37.608816986390515,82.01605616605616,84.45202333499547,84.46280952900518,20.884221117660317,107.14975366780179,31.201948850329206,1506.6899724390023,65.57958243310411,192.12511346939291,86.81036828029347,1638.0937433731492,58.45910793426273,731.2193304924675,228.77708893118375,54.91701875567307,62.64391855895272,13.479576224429165,145.62119664582823,2585.532415458069,331.13902459758754,255.43231771621396,6833.219468865441,10900.851661618184,807.1612786151569,11556.910123801175,1815.1077032062935,4643.755346106322,4555.436860907998,10242.499639885835,3303.7827875245407,13191.06172852852,110.07760330496336,13822.355909499332,518.4792834961746,3643.3295256279007,68.06205510423177,14674.237727027374,1048.4079845725576,5238.741341543166,5047.061569891783,3234.0630390969077,3552.0028947434575,1007.8695411768877,3728.2750862268963,2766.188234323838,480.34721760629145,58.00087875087875,142.9266502846998,110.60179746121801,28.50971227048813,116.9978021238413,112.24726396370366,41.25638698369791,82.98668405143803,241.0003227755042,47.131360726108625,108.6734868265174,89.62460365023752,75.2966332182922,126.77339300570743,183.689221912656,30.544548579161447,39.87397680684953,63.55469545074808,61.14687950937951,45.503483182352895,114.02752489005253,1026.7548782348993,35.179744538010254,31.50552134197645,131.82057561461585,30.313135045031597,63.05095227584467,598.6504655925407,55.284749429783616,13.015873015873016,5.286195286195286,5982.427571810728,896.8017748071201,129.06305173584585,109.43736750357563,71.12900862099225,39.61452558879029,49.62500912113915,4.686811726285411,215.53092109399174,9.309027777777779,321.1651223072973,312.32157401411877,50.86557872238986,20.95704948646125,17.0,15.614815623218984,26.932155883899465,48.07488685820186,25.34090909090909,96.61280252724103,67.85479782616754,8.333333333333334,108.26133509675084,37.68654677539497,8.665674603174603,218.56589233002325,25.83057266009852,47.38238083589166,4.361568986568987,25.68647556147556,47.64157404106258,5.304924242424242,34.01794871794871,13.280002350590586,285.5550630967272,1.625,136.10027027730953,7.404040404040404
1104.6385090448955,36921.40492311134,7965.143671273824,2570.7683688854213,1612.8919920138705,2120.2148346103145,27.855324074074073,2978.086122983217,2772.5457295234214,4774.908145419512,4166.219034697151,854.0010017005999,713.4365813275275,1656.8890605580207,223.9720896226658,1216.5242392783389,6388.079525473323,1985.4369326399726,721.3135698752571,7753.197914292452,274.4941868213772,163.57819198751216,252.09109579110546,1874.5653839596466,1085.1043991029144,562.7957330521205,217.28142875642874,499.62705904525757,656.5347111333692,1003.8259114718487,842.6836822766851,2988.421646175331,640.7661375661376,5350.152397125049,258.7589952791767,140.86860422257482,179.3813493519724,186.4101696368159,406.48038603671597,202.4919176410759,423.74840789558095,99.3703072132622,120.57556006085417,362.8524444892904,3779.2337348458914,739.4420741229335,1058.346381144663,2120.808419634478,1201.8320545769118,8623.526648599605,154.14216175264937,181.93584304584306,375.3627208526457,202.02595315503208,286.6064908245636,4230.046589053029,831.1839752872952,78.05083333333333,61.99563660649445,770.8714009789087,1088.8375344082342,336.7992385474003,350.1273547709887,261.7216702687291,278.6381573269925,2107.7782826581147,32.82948412698413,257.67074565331427,287.4160395160395,1109.8994206254388,464.7196903295433,184.72172352153555,1303.871825398081,1339.8635007566531,936.7955521557004,996.3204035344593,414.60376823925526,371.09254863786595,2708.5565418689694,166.15821093394624,658.9363221673026,535.3080142853051,338.9239141493559,36.51494338994339,60.888798192548194,124.22242489526468,247.50524497548307,292.7217214315063,418.7878953018659,421.0468566618567,204.3689683029389,6081.329982999446,388.86990648240646,1262.9648507086195,761.3370960910718,4882.726510335445,137.02540238334,223.01467658182366,229.31319143819144,666.979636497383,110.4945758790573,418.1472831055437,584.6402655735661,2911.3159658144637,477.05942644222273,715.5397204797553,4375.443223206575,11309.949435798251,624.674070562822,19534.174480770616,2898.073402991583,4129.097761008729,7812.577582689235,10699.372986448245,2033.335255251501,9443.960797600492,762.9103490120567,13560.498172100759,541.9586262729645,1653.7062266552161,432.91950743800976,10833.340314567637,2338.5322639608185,6373.511551928413,10195.854926074973,4089.07472102167,5263.321620737774,1049.1661290756474,4581.828754817078,4041.275255089202,1538.9646205630536,28.67756087942423,151.77974302298307,181.97620418244588,15.764590964590964,146.3482141396866,530.5718007020929,192.85596960229313,1410.9403094090571,1097.7099586043566,275.8914019277724,1026.5424154279942,576.6223387386893,170.52930267458925,157.9991330343027,291.4857872153073,410.97706367176806,940.6851285470158,143.07079341475892,48.892785917785915,714.7355209043258,1284.2918815651606,121.26327330077329,136.1432554044396,69.69315999904235,98.54124255374255,66.75867442762545,204.69016102793003,1682.647700838217,68.12194508707667,26.626984126984127,35.99981962481962,415.1410937488724,430.1186688730899,85.14635642135642,78.74018389018389,268.1445147142997,112.57337454212454,126.9119090565519,140.5413486324477,407.065284958348,15.841170634920633,1107.7884472660048,175.92302144092005,182.86635118293012,22.65159350453468,21.885714285714286,67.23781795546502,35.85443121693122,183.5042324995266,29.963982259570493,126.31124338624339,146.1335964960965,3.6111111111111107,104.46630662590968,103.5510010142363,19.490697794269224,198.00446127946128,11.539877946127946,168.24194686032922,38.532998340690646,97.99402427637722,95.59550826710269,64.125,27.694234006734007,29.242243867243868,145.37179533429534,18.062169312169313,162.40213488380047,148.34130748880747
48.690716030001745,8879.724286445522,1238.611840485591,216.12726673910885,184.01423805239594,1373.3838069335045,32.166666666666664,361.46455905205903,748.0047086227039,1408.1248450909827,676.5706421192308,58.28095238095238,9.978174603174603,44.157828282828284,78.09538239538239,131.71240796240795,2001.2218300594316,232.42800030657173,95.95036676286676,1425.4488007363007,3.1777777777777776,36.07539682539682,23.50595238095238,67.24273615950445,112.44217171717172,199.96336390217968,110.14585137085137,95.92160576351752,229.5302429052429,125.52846132569216,225.92063310431658,366.0277162380103,32.48664021164021,518.546307636558,9.722222222222221,3.458333333333333,3.9166666666666665,14.444444444444445,12.5625,23.98102453102453,582.4946400334558,13.005952380952381,192.482838893133,14.757936507936508,425.07202720119386,127.25158730158729,294.5584249084249,1098.645695970696,85.80959873459874,558.8852898558652,18.585735171261486,33.6031746031746,60.812809875309874,32.907738095238095,35.95238095238095,99.49343711843711,72.84366744366744,128.9396176497017,336.3215187590188,103.0865779392565,323.2742257522019,21.355158730158728,24.81732740943267,22.193831168831167,6.5,2.9375,13.718650793650792,32.30249867091972,45.87301587301587,19.221005846005845,85.88802308802309,6.909356725146198,31.991558441558443,41.654761904761905,160.62863155363155,22.35906359435771,75.88867521367521,6.6798941798941796,77.9998382569811,50.26125541125541,53.075274725274724,83.68669108669108,144.3148198575618,62.2962962962963,23.243253968253967,38.072399822399824,39.504808590102705,75.94087592301878,51.81315836940837,25.928266178266178,138.33151491365777,123.828946419078,3.75,35.79076479076479,28.179761904761904,129.67809529651635,37.945091945091946,20.432539682539684,73.70853174603174,106.52696608946609,7.889306599832915,18.26190476190476,6.014547952047952,62.39157868275515,21.927073732718892,29.713670126170125,238.06505750410824,2339.901727096985,447.20907269279115,2457.8343196493747,2651.898033574431,316.0392187881023,722.0624639249639,3503.7945283656245,100.43914410870933,2102.954446884671,15.112599206349206,1799.822232327668,492.551601894694,1103.4386329444876,128.170547309833,2112.678336947071,943.0568305089589,596.3440952148659,1348.4007966448755,795.5037842246013,357.93996581375615,320.26136614360297,797.24654989608,1111.1271947735459,0.7341269841269841,223.91337561074403,13.653968253968253,8.999206349206348,84.91136628965576,136.09089706589705,109.61476103261818,13.892551892551893,25.818877551020407,10.315178571428572,52.88449513449513,11.533333333333333,0.0,12.36111111111111,6.674603174603174,13.034722222222221,13.666666666666666,90.68079004329005,15.029761904761903,170.5456291724149,18.794444444444444,5.955898268398268,2.5,41.2093253968254,21.2530525030525,2.473484848484848,24.446608946608947,4.5,25.27156432748538,7.193650793650794,21.720238095238095,16.482142857142858,8.1,11.33838383838384,38.525252525252526,5.37037037037037,3.333333333333333,55.807792207792204,3.385770975056689,2.0436507936507935,52.4989084989085,15.930555555555555,13.75925925925926,3.222222222222222,0.0,61.564153439153436,17.136904761904763,11.84126984126984,4.166666666666666,13.869047619047619,7.123015873015873,0.5,19.164682539682538,27.939814814814813,0.0,0.0,182.54761904761904,7.728174603174603,4.330357142857142,8.303571428571429,9.453703703703702,128.27442976127188,24.219336219336217,30.73051023051023,533.3836659372373,39.09424603174603,27.220238095238095,11.938644688644688,20.233037795537797,3.4854497354497354
89.77372779659365,19868.026637116727,2116.384693025082,11497.581673532817,420.88850464147305,2167.0907035701816,18.837738378179555,828.247653170157,1541.8325941046505,761.5484146436357,2152.1395380454674,146.70167124542124,88.37141802913861,34.06498022238287,20.479626728490366,351.71620858070304,938.3353477869061,417.3668335365275,24.53642819303698,2424.0538007371792,23.722247563290345,52.912798312798316,3.760425090782234,474.01235618773524,154.0467195393994,221.66659362309517,121.95847438042816,169.49493709517282,326.42691943429975,369.9520073449903,294.45805136071186,1357.6934923898498,27.016413744985172,1997.3350571895758,47.51019624315079,28.142811983911056,10.146480235450824,27.806204906204904,5.142857142857143,35.208882189334126,486.64680177320366,8.752958152958152,18.556835530155688,16.267541486291485,814.6211668275681,239.2351666851667,597.4323132678943,506.05636833916464,177.0133696550363,2897.8768711746457,21.593392438089406,4.386483886483886,73.8960326106359,31.114276518688282,27.886399568810635,826.4234194007081,216.35041205426268,43.47729963780384,0.6327731092436975,251.00260523736057,204.22019564167243,46.81687797496621,42.97633359625764,9.633502217392088,12.019991582491581,43.81051780326582,15.40382672882673,20.907647907647906,39.10912698412698,82.42123894623894,52.58779930639978,63.33616457333815,54.84609440267335,83.07693302068301,193.82860486198004,101.97183045328589,46.25588624338624,146.37999720348557,1584.6278787132662,17.80191866956573,22.494071603000172,70.028131464448,84.03988837130976,43.27498196248196,7.9523809523809526,22.724386724386726,42.38690476190476,41.76984096904447,394.4116741434325,21.91437728937729,27.524941017588077,1217.4910091210534,17.547006914653974,254.53826545087907,217.84911490186425,653.0906449215273,58.78021978021978,43.6077984185127,23.351225601883495,272.06415258766935,7.153860028860029,100.58470464720465,184.9939301427958,275.98585447970953,512.3898831524488,76.37890328238502,258.48374709723544,4039.0214748782946,265.24329543737076,7589.197579584499,3362.8208720303032,1455.730261989074,2016.9612695853289,8016.6107903921275,256.50905274814306,1712.8286845522537,40.28582204688571,5890.492322392773,78.6570507517127,875.4349708811234,431.9618206296595,4098.825755852499,618.7283922778748,1984.4160476408313,2784.5941646139067,1236.0493182525338,1981.9106850013318,631.237757166673,823.069034037594,1142.6174123714234,433.060471512344,339.9710702288036,5.3392857142857135,7.896825396825396,45.259477870402236,116.09009351501611,129.80539781569192,100.33960077876486,36.73410324147902,296.7699658464078,182.90812233432203,159.26374691484986,70.21896435853202,45.87944473912853,32.05620305620305,16.872119482584598,11.470295607765006,103.41503345139708,9.90955400808342,12.075948522377093,141.16177968258407,262.30741590925413,1.3333333333333333,136.9438349999179,29.252188684838483,9.01171236171236,32.56432745387854,13.511904761904761,106.31185403116349,13.967745163333397,3.6845238095238093,108.4189612378115,3.8910826639485174,2.501010101010101,43.169353140084844,13.694721944721945,61.286267485228834,180.5007058384486,0.5047619047619047,17.42404200737534,66.73397761395822,22.08958633958634,56.228702350505415,24.810254765385743,3.648639758933877,68.72068233707962,1.9913419913419914,48.0825533010407,11.447020572020572,92.62246557383297,11.533333333333333,1.764069264069264,114.99800463620886,97.71583118299408,16.766624579124578,0.576923076923077,154.6381384711493,6.4778363997114,56.02198041695121,44.80023888780787,90.04295685631759,189.3060582804244,3.283341658341658,16.842980562082673,3.4865079365079366,82.32984793342021,32.75675701110484,22.121671901083666,45.58829220395344,67.15438008960736
114.16814538108683,26561.095049228254,4158.366969708305,540.275281543146,1710.9370390177126,1009.36237251964,21.73093573093573,845.1822682991295,1700.550392862543,5304.260182114466,1596.0512895597142,100.95770206802715,102.72350940110464,3424.7246321186462,979.6016534012892,766.8428599422703,12988.80395189062,1097.4495665912432,35.375728543990796,4483.732037877692,549.6686236309273,225.91820011556206,159.06240706524446,273.244326015787,113.15320133626422,281.70478723802034,100.93984814649782,65.89828174660711,539.4941801196817,1415.4533315280034,21.492426075638416,2797.4970275135925,101.1758441777965,1831.1507333302739,99.7298020877422,25.714599355071226,150.14612009133648,796.9785531557544,37.351846112145566,69.78813368031348,469.07406216612844,33.140682030387914,75.49647043546565,496.75980582949694,521.949886277524,1577.9260274544292,797.2034913569877,1339.8619101708152,463.64421359837155,1764.31195668259,181.36013724661618,19.810241902347165,41.30585707028015,18.40403018034597,269.17308172741343,543.2596396916729,169.22938655860733,14.126110267165034,71.32200577200577,157.08490617394614,501.6127661073022,49.51113315076163,992.5393037718436,99.97614203244416,125.332465546288,1762.7256398422462,16.474566254752013,178.77129851625696,152.88750523166107,77.10075407049091,301.88541873616737,117.13609146310039,108.22291602579715,529.8371451483077,462.78979791264646,130.26225877872884,36.946269577712826,216.3752786204951,414.50035917865534,126.43649151711197,228.55333559198343,32.85487867395762,47.941111251875775,0.25,33.76732989232989,45.73081501831502,94.94953453409336,146.40858130094665,41.780312856266455,129.60808624537617,22.637999479580312,1675.0308956569515,32.84793135195981,115.97508045997157,51.26098822028949,1079.3772141643976,234.68597760857375,494.225617673025,77.68923386051335,161.77118747382661,36.79458597797981,11.80637361005008,72.37073758507428,3268.8221284690594,158.48747241952776,66.97191795567475,3154.534402505669,10474.587621212195,246.10116098960464,12990.081764961551,3301.0867222380416,4421.462401491181,2599.8331670586176,8895.803398319007,4345.117702641925,8362.060311319732,134.88221099887767,10318.913445292563,105.64125223020814,1120.691510701312,21.72764710547532,12793.932870782617,2169.0832532575164,4851.2425129383955,4667.3758451374815,2406.1080773879867,1953.9455485724434,982.4729219791031,2116.8023507304665,2406.1880038897016,1454.6650286877873,55.19985662485663,100.2370780291833,85.52417189502034,14.473316912972084,114.15937495623122,197.74437333451692,175.58142751273002,25.971475509769522,286.6622482723102,40.02007077889431,106.32713075893656,69.0005783488542,69.66945091945092,14.642989971982711,201.37603514906147,7.863782466777022,134.33717120720164,97.99177218224405,115.86385281385282,118.86067452105294,50.32872042674674,761.0005382663433,90.0027647993893,12.15494784999429,99.84578323232127,42.308198675042384,28.41627173639369,518.0494724629067,250.76175022312972,3.571428571428571,9.636548636548635,2472.944155654676,1964.2224939885593,18.245107833343127,111.01448898549143,25.766928247191405,74.20170531175432,39.086224021363336,24.83114984430774,871.2814843374895,15.416666666666668,31.04359792506344,232.85666057646543,22.21171250776514,16.13186654032242,1.8333333333333333,12.056333916628034,29.38290365445538,20.290631678766886,15.154220779220779,77.23771102171001,234.9172501723727,2.083333333333333,115.06673046922936,0.47368421052631576,4.96329365079365,211.41201486278885,62.58983927949445,37.22897129346064,39.668480593480595,17.411696636696636,10.651842139908235,11.443768206560604,2.0085470085470085,26.90888784418196,382.7577579031006,2.6517857142857144,116.41809359893568,6.899260461760462
370.91410316923555,26981.26064918845,4875.255458036524,160.08304398562652,1378.2018943282787,823.7923634428934,0.7111111111111111,461.35802428754965,291.2453746588229,2529.355611388074,3212.3771973764437,281.3920383055345,160.70075139612953,3248.170499807556,111.77959738075342,268.5323706833799,4105.235794981139,905.9244123529415,18.739718614718615,7984.506202915282,84.11952702480541,85.5114431824603,56.49432591218305,173.57571949371206,32.2217587967588,32.434330550401974,135.24621212121212,11.434523809523808,181.67272153754766,712.1617871794654,123.7013479878755,1742.3651916054503,6.466954955963576,3230.0441366798923,286.96935626102294,59.469882091592616,35.866309141940654,353.3820323195323,9.719488844488843,57.19445522300554,118.72764172482024,2.0518207282913163,84.61607142857143,79.088644294159,576.0455634841451,37.585917719801095,193.86939879904673,409.6780317838223,17.67557773109244,1343.7984318596225,62.84683317771553,25.36201298701299,1.6666666666666665,13.96003401360544,60.35958095359356,1062.8124053694062,53.09404761904762,16.019957983193276,7.738095238095237,75.54293349810463,136.01370749419988,36.38979076479077,366.4496483085797,152.68735813602382,0.3225806451612903,1574.7993384428707,7.513888888888888,81.51173241246771,0.3579109062980031,90.1248556998557,145.91940844601447,208.5559885836312,63.31321147987815,149.48756084429286,126.3248075998076,32.346783662960135,70.60470168928815,186.71969268515866,239.21173472220852,120.26888123849331,197.11078888627762,41.6907428202541,80.88357753357754,2.0,43.526810117986585,2.0572916666666665,7.314285714285715,7.528135406021869,34.166666666666664,4.143518518518518,0.3246753246753247,596.2192564099051,143.73517740429506,132.13661758348292,68.66637522570181,422.70334894723436,6.91025641025641,242.76017520201495,28.18387127578304,93.14471479988721,29.056680527075265,1.375,267.4659609628681,3698.0895144922506,57.63163217487895,20.87202380952381,2414.697745699018,4848.9179367154065,184.63323423953352,5487.609353524724,1222.6827611485783,5765.822179126893,1208.0272961492524,7121.4893230278785,3094.1269094966174,4672.58299545978,203.29422998740563,8916.558226000092,86.30844155844156,1963.138050847369,39.39810505025246,12875.451478099347,1060.134449396808,4224.660423085701,2768.2008062611844,1422.0366372929823,2766.5136905747895,505.458365103933,1232.8066000443862,4532.454171006583,130.42824593952412,14.15151515151515,44.78489198709787,39.95384024577573,34.166666666666664,49.75498459596865,12.018939393939394,11.904761904761905,103.83508287588263,68.01686937401223,19.20226575478676,11.128123967732401,18.377836244215555,22.397411823967122,31.434343434343432,95.59527899426155,21.248991964108242,26.812950937950937,7.413858411703239,0.25,100.97890858336432,50.539776664032615,58.15276398438163,2.5,5.892857142857142,129.16706011351909,61.241684704184706,21.63690476190476,210.2199670855133,6.333333333333333,0.3571428571428571,24.86111111111111,1035.8602612667419,224.39294036280768,3.6111111111111107,31.992904938628623,46.04507516722798,0.0,23.634353741496597,1.2380952380952381,10.993253968253967,0.0,967.3919255860584,130.4068738217898,13.799503958946683,0.8333333333333333,0.0,2.267316017316017,19.287937104666426,40.12736786633845,0.3246753246753247,14.941340930311519,5.302469135802469,1.6666666666666665,47.03188396570749,142.32344044844044,0.31216931216931215,35.83949929039215,0.0,20.557720057720058,1.722222222222222,0.2962962962962963,26.517400783242714,0.0,13.466666666666667,0.0,1.9991789819376025,0.0,0.5555555555555556,0.0
1787.098555908358,208320.7372698132,14929.937224819761,46790.00156267632,3735.193406138462,8753.50988640953,144.00199832096382,4446.697774185676,13233.859784104317,13905.337514543988,17959.080686294645,1467.160747908018,576.7226863303886,1864.149318377289,1095.152973004869,1910.1242061326848,8694.217426626265,2845.1916834317367,1385.501528441491,15849.952297564238,90.59496230653144,115.27568015318015,98.63754558278552,931.6916712613522,1525.5078808638723,2018.4817209083274,2833.8521740234896,2926.4495322069142,6961.792178795528,2190.678215092525,4931.511443059047,6633.965441710774,944.9690719251128,12541.984934948208,230.66156362260716,126.22903012020659,54.40360919037389,219.338754229487,102.8328194953195,126.21900177514672,4905.47831112233,206.33538655692539,2025.347423973858,141.06179882591954,4829.735904528767,1808.5129353188045,10619.178534217534,4016.5725606608207,1444.5073660044538,5074.0199589629865,53.66592624399642,421.74511738261737,1082.67657982643,89.21608324625566,138.7978448560788,1289.045676700014,620.7709872405957,1148.7056710886372,559.0198628985394,2471.4327362413374,2010.3871997420788,252.45076311778897,99.57135857101598,90.49456831438255,379.8429955610838,230.90706461998298,401.10685663852666,491.36838066998655,1334.2564880981856,953.1467452872707,1176.2531489818166,303.13476513246553,207.7316067375339,1961.6616619687547,1472.6161583137857,712.5090455496737,1374.45050276567,291.11124866594395,1115.3312637527263,621.8498636911226,215.77782427330408,2186.8287540967904,1221.924817002971,574.440990862946,161.87017387615765,677.6721957379704,2029.0981515417436,295.6992663895146,760.7638330167873,311.19463039682637,929.5088411417034,1298.8599406539136,179.61563940789173,938.5910627938805,1358.5954312036924,3201.216413063734,852.0893625480163,179.89874880021938,2530.5499034884697,906.4166285893045,53.436123738948815,589.5951373152038,250.69784991144948,1106.2394616892368,2266.1645312205137,793.5534677183256,1217.8981785737199,37584.388886187924,5414.178353532255,37434.385636916784,70847.39214367788,12619.141999307547,7313.333183580454,49414.73255900294,1670.878612904039,17229.61284659197,300.30368228518216,38850.05860787458,4508.411882432529,7784.331366054483,2245.466043942307,47786.606239877445,7064.499515543721,13988.880173907393,21148.562562003382,17876.127905420235,6863.441099207154,6585.87451559113,8736.588138653533,6661.238257570367,503.873100271548,17685.418785712776,64.42113066628009,54.707491474043195,678.648252452633,498.7222057655107,1119.679974569773,507.53177775383654,470.5644043361213,972.0405046947939,1315.1737494880115,255.27772861442602,462.7962347293229,875.5963114967462,130.4251356851946,80.01165761874037,183.35249744638165,485.9766338023032,81.49404622765967,743.4202884183976,579.3904604769313,167.05609262734913,58.03368394058049,860.5236123827775,353.9880099474143,98.21891103787655,322.6066777085941,9.353632478632479,463.70713728546525,256.4220846944061,168.74866020055893,1015.3718004757432,109.24679636967451,86.01841485462175,620.2570465646262,77.2709408068783,335.22305369554346,933.3010774965246,26.938740228025942,58.44577146565652,1288.1592739004386,73.62864336643749,1267.1598294445137,81.69779171143001,52.31227771411595,1249.3550448556525,330.73358474858475,472.48475170435955,26.25415094165094,132.53276386114362,77.34745564892623,41.93687996031746,580.4092643565476,2946.885332667587,104.24763826155814,460.7531896063203,6840.584612766297,121.65337752525252,324.11917448020387,245.88459550530416,792.7101238973806,8670.924510096416,58.066201151789386,414.53853050172785,1029.5019127223807,1367.4959034604594,773.3746929205784,368.18469248616304,567.1655952543878,399.06420986420983
290.0933474658965,28377.883354198708,2862.6300282640527,7094.014311384525,717.0492451362338,1547.4368755456217,10.90909090909091,897.1644132065092,2253.238370761794,4082.394568320382,2436.1014818348876,291.4159026293271,302.99953332211396,518.225238541415,318.0058655034145,258.0691049146931,2596.347531634936,802.7110775898171,125.33258066134778,3993.4064605659905,57.95238095238095,32.84199134199134,48.27020202020202,815.5570678833836,216.6268078326902,315.4099095349095,418.43482832956516,204.89819297284131,700.515866873065,488.90331427831427,586.8083905968547,1635.1736908346402,33.96475746475746,2455.9443635893176,33.27228327228327,36.0611857278524,45.81944444444444,69.10353535353535,44.07539682539682,57.28021978021978,335.6589688361747,21.835067710067708,94.55952380952381,145.9229856104856,1582.9160355208417,507.23744453001416,1294.6616201458833,663.0809799314701,216.81588504607438,3600.091916603539,33.80494505494505,80.12985114300903,130.73424614601086,39.03113553113553,57.85410830999066,1021.2277851208851,210.6863183113183,140.31421356421356,37.00036075036075,275.13823818080783,464.40555617423297,78.69017094017094,159.0778527028527,71.11301035565741,6.111111111111111,134.3810125060125,16.7324016563147,36.514901764901765,122.81859952912585,221.87581862581862,209.2296376463043,65.95859213250517,256.06862581862583,450.8004909187317,431.53453604683114,139.8031276106934,201.4564047064047,197.53020419458775,713.5094158887233,83.36904761904762,109.58289378894402,240.8526048417562,264.4213337439144,55.948773448773444,46.76190476190476,39.51934176934177,130.42857142857142,102.88467088467088,200.94156170626758,89.66962861699703,108.57503607503608,1571.6759057552401,28.849206349206348,243.1088378742944,167.648561204219,1075.7151841689513,81.93963226316167,100.32876382876383,81.7826797385621,357.91977717091197,19.595238095238095,57.684583934583934,197.71820751712056,339.006993006993,416.55858382321543,134.59361471861473,1437.693555956714,6250.74979081816,426.2953781198374,10294.330969231887,4737.220706267604,1621.8282894569788,1958.7593459198795,6455.755009007673,1018.8928677256654,2689.917308656249,181.7384398009398,7960.347684696537,504.3377788868374,962.2619252813785,328.48450526082104,7253.973700086198,965.5728611019292,2311.519043278608,3482.982894203598,2175.103184666588,3686.5718171911003,773.8978137291873,1937.5547114570431,1413.8589172845946,665.9817267688363,890.8561733909957,46.239627457369394,17.713323713323714,165.94434731934732,50.502087284695975,160.74188719776956,68.32105394605395,225.81440104814718,538.9603528852755,328.59271284271284,313.86507558315384,117.24603174603175,142.1103896103896,56.44642857142857,85.88064713064713,93.56062726260095,207.9457903207903,37.672619047619044,54.83382140735082,188.12418112472037,308.2576655208234,7.5,140.56732156732156,61.80977351428171,41.33730158730159,24.215367965367964,52.15406162464986,244.36674436674437,37.74603174603175,3.0,152.24247974247973,296.96484996485,76.19481074481074,107.48585183879301,25.404761904761905,84.76757594089717,124.65846069135543,17.805555555555554,24.17303067303067,276.93659118659116,17.833333333333332,186.1827460534357,176.94895382395381,51.894888736994,24.613478139793926,23.63095238095238,23.11111111111111,11.074404761904763,53.25815850815851,9.523809523809522,12.023809523809524,85.48726110490816,111.23860472198068,41.57509157509158,37.44047619047619,168.2507582420308,21.98748473748474,40.964701964701966,29.94973544973545,48.19003949267107,265.5452999381571,34.87337662337662,33.363095238095234,75.23051948051948,60.06673881673881,46.65079365079365,9.281135531135531,61.49982762204062,18.359649122807017
15.095048536175533,17998.22933796841,1643.9647990635644,665.0650136676177,218.74369580901202,931.7724881640534,15.28735632183908,251.60537350280958,838.8811017843024,2090.324645642975,678.5885933856589,27.583386926629828,8.335633475719682,408.40002643117333,355.06086498971115,340.7532997680916,1098.798181121593,89.90000963041274,9.629401569056741,1169.389415642121,3.793103448275862,2.0,26.723895152466582,56.82588446970281,156.7921197180929,68.86747543644096,125.34571925593961,1132.2888445621177,208.76941978698227,82.32282412670344,408.8713936883385,332.9258845059577,34.02239166984336,435.72383048101455,13.614366157469606,4.0,1.619047619047619,14.969074986316365,1.8452380952380953,18.514414785756248,196.41157028828314,7.471771331424902,55.434020360618824,9.990272179927352,183.101303608659,61.72642544768981,1944.1714587682754,116.2410926611707,305.75269175269176,157.70383003167905,10.59752747252747,1.7692307692307692,6.895843573303623,7.351097178683385,3.3460871822940788,114.27392592757704,4.971195471195471,12.543106969018822,6.285714285714286,200.66512624816187,180.1142598671549,4.6269841269841265,11.536693191865604,3.60344137655062,5.753571428571428,16.428927701853738,17.579906204906205,74.7447286430045,123.55657969433594,62.87521491338847,73.50596269418108,5.755323689907868,22.87650519978106,46.24730244963511,606.8669003569408,61.559429618912375,22.577683650959514,15.202833245936693,123.89318524004435,9.030856595511768,9.609552154195011,48.553946462034695,24.95769356191154,30.817099567099568,5.909036028204385,30.758352758352757,61.48385441718775,35.205363761398246,36.60786865517073,44.99948279689659,4.115900383141763,108.33146492061677,1.2142857142857142,13.665099268547545,5.34852838732149,161.24280504993672,27.099156590535898,7.229591836734693,243.74730346174914,37.9875428613036,2.083333333333333,26.791912110877625,6.42275588396278,49.72975082561549,21.292518945081724,36.32569952397539,100.95963850534989,6551.392006150142,169.0207511150895,2369.769755319727,6512.145301303223,1085.7698448949618,1877.950542022745,4205.8005749463,839.6323435092933,2759.0183738988217,12.828013256584684,4287.485048301698,127.75857319372356,272.47752722863925,90.61511469054572,3221.1982937855782,341.4208069218047,1023.4949536897828,2298.4816977572777,608.8503521969128,795.6126573496605,120.45923176266545,683.947634868387,657.0596989143122,60.750996130306476,467.9771962977054,0.0,10.164203612479474,147.68643411870013,29.742907963496197,21.094627594627593,35.096720001131764,14.252846790890269,40.46876221753069,69.15555182834595,5.808702791461412,23.505863184434613,11.917929523293507,5.038314176245211,4.93006993006993,6.019866149176494,36.425081623357485,26.284030784030783,44.325345289631,11.529241658349163,5.425218938149973,15.58151618496446,8.069487983281086,8.606802721088435,2.321988356471115,47.64643223785692,6.355311355311355,27.840227540658574,2.1031746031746033,0.7668067226890756,74.6919316315868,16.159789972899727,2.142865435968884,45.13948150018377,8.273559773559773,4.475153837222803,74.36680449180449,2.3492063492063493,19.30053445335577,495.20741950245184,1.5505952380952381,26.212560386473427,1.2862559188778702,0.0,35.593209206028185,10.761904761904763,1.7687074829931972,2.2222222222222223,2.374039359333477,0.0,0.8333333333333333,3.886243386243386,119.32738443125103,63.64731724214483,1.830870279146141,318.56798577382943,0.0,11.46672748106956,7.984315652419101,62.415712065712064,162.14695994436073,0.6093906093906094,37.262515262515265,76.42855803200631,14.480170453721756,30.59447496947497,15.308080808080808,5.31140101728337,5.360750360750361
374.4973593073593,24347.752018749416,2894.8265911115354,952.6853220029354,2663.920045242323,1871.677868559234,22.869123931623932,1324.7945987676344,1928.3399646607727,4626.427195603215,4073.4027652251166,925.2009136940105,305.5429729707127,57.6758964719491,36.34158364466584,823.9006715608085,2053.0497166503133,385.798719647932,137.68227973007384,2872.125173427174,24.424574694311538,37.194761904761904,23.58150183150183,96.63086590818284,211.1038025466597,145.71866522366523,490.1862191512191,77.78731209266924,461.062870549759,1251.56372139765,1169.820942899693,773.5121899444952,13.868637110016419,2253.2309049189544,16.873015873015873,19.63095238095238,15.109126984126984,21.083333333333332,2.2817460317460316,121.65026455026455,1688.6826771410454,56.89574314574315,102.18636363636364,5.1123642439431904,1312.5778670375405,35.92989417989418,569.8711924785454,744.6016937427652,76.53551587301587,1468.693760596329,2.964285714285714,276.93878205128203,71.99825809111523,26.25,117.38758880008879,54.41167166167166,32.06190476190476,107.7006105006105,34.60164835164835,2045.8668135941246,294.32490426240423,4.152777777777778,11.091269841269842,20.051190476190477,8.125,7.8521825396825395,40.89769507726455,225.65786213786214,85.46375152625153,562.6428025678025,76.12286047286047,50.86825396825397,50.766955266955264,255.37008636788048,330.8511969511969,43.46611721611721,664.149980416409,53.444191919191915,95.74963924963924,199.16798323369753,36.46663059163059,467.7672837583969,466.9415791696782,89.1282372598162,31.797619047619047,28.694911297852475,88.905847450368,135.24761904761905,567.0073809523809,159.71109802895518,125.54154995331466,235.0472600656424,660.0003968253968,223.61514041514042,227.0428155503987,1844.1050526193383,47.68518518518518,16.462626262626262,184.32896825396824,295.5790060468632,4.706349206349206,39.1936507936508,78.54334554334554,498.4318718908657,251.63922441293968,61.235694860694856,154.97424922236564,6258.233371226073,1218.7535055601597,3095.514641082694,7142.586079795259,4221.441936307183,3354.323048144666,5229.968959487479,64.57979797979797,7737.512212298418,56.18983677141572,5917.67343365525,167.71000815387256,1413.5300051007193,635.8520818070818,4310.519271236237,744.0678853157424,4169.181853501355,3837.7864580233995,4654.792457693835,834.1253427516331,1113.2728294383635,1268.6194003747576,3106.1649572785122,6.347222222222222,741.5287312687312,10.327777777777778,3.1349206349206344,85.98965253218685,23.519540644540644,99.77150992282571,628.9841357755223,90.63313492063492,166.33197007241125,104.67016453045865,9.775132275132275,56.72529921059333,179.3452380952381,17.990538258038256,30.039455782312924,9.838935574229692,17.155810855810856,1.9259259259259258,82.34728234728234,150.05535714285713,3.5,0.0,26.656565656565654,33.57484424072659,43.75,23.17965367965368,1.6666666666666667,17.583333333333332,23.448412698412696,5.806277056277056,37.311438561438564,0.0,9.104700854700855,33.5692499221911,75.54563492063491,68.44069264069265,87.24534461773106,14.261904761904761,4.761904761904762,104.0677072927073,14.696428571428571,17.59722222222222,5.469696969696969,19.90343915343915,35.81164021164021,33.516666666666666,65.10039682539683,3.748702686202686,0.5555555555555556,9.0,20.30952380952381,76.95238095238095,172.64649278310267,19.63888888888889,5.333333333333333,177.77209767356825,249.04818594104307,28.928571428571427,185.74563492063493,42.30879453879454,199.39927075714746,53.82440476190476,73.26551226551227,51.87703463203463,46.28090428090428,44.28058950853068,7.083333333333333,20.336774336774337,11.339285714285714
485.8608237254921,16607.823284436585,2594.558890769934,3517.7139915230077,1435.1678371101107,1855.2513750381486,4.904761904761905,704.0764474017338,1228.7016287139281,1983.870484510521,1196.772933694532,300.0887680965937,77.34422859748946,169.82946522076955,56.37994581176399,1119.589802305629,1022.8518968734315,560.351768835355,22.897546897546896,2280.4327031261982,48.57226366453981,11.761904761904761,23.796588332302615,168.08420847114456,187.65987761478115,381.88635760647037,179.2402408593585,318.21588921581775,202.22047473223944,828.1171110477889,193.02788127854086,1038.6588743350114,20.9562358276644,2581.989904301411,99.94204969902067,5.081959706959706,37.687744007348165,14.873015873015872,18.736454517704516,26.136404501583073,183.2427756990814,13.722055722055721,30.664372664372664,46.868004091867725,1040.261035332025,213.84858542095935,822.2044587155758,133.12050163570407,161.3949100697,794.0958237113042,44.59391534391534,45.63492063492063,131.75440377275055,61.883116883116884,20.08544485817213,502.1545962710934,310.7153360055837,20.726542546843298,2.7714285714285714,595.6560084317276,171.24705275484496,13.806388056388057,21.54256386540221,18.04301720688275,0.34090909090909094,121.64732476974439,28.957050885622316,14.608150183150183,59.50928515928516,166.37821084144613,91.55844155844156,59.154430068425285,160.0697880162166,25.075355596784167,1043.2815847635632,183.7216808634876,76.17312043747268,18.567720057720056,440.0379494489682,55.849801398980155,32.49804921968787,161.03588476338476,111.11083754092529,28.472402597402596,2.5,18.579540907271998,35.67444037444037,30.241074357741024,912.2050771648707,188.5799127772812,29.36384448884449,706.8240375498173,40.47319902319902,160.82763107893138,82.37219293818673,722.7642789990192,182.44073023091005,27.218943358229073,54.3898772193415,664.1585618785417,6.858141858141858,382.69655406875614,63.1076225674352,401.04603476588767,332.594103597636,1206.3868121118524,308.6062027555094,4877.102788180994,109.47274020081719,6377.450669862892,3352.2387081541183,1346.4917699437144,4012.9645191404115,5991.440958981081,766.3708106473069,3454.5939401085234,138.24121931426606,5048.10816927075,109.60215712827231,1114.7911271490636,110.15885470349755,4492.535678640135,1324.3684953327238,2949.9887449870134,2947.715131326312,926.4795769324151,1364.3103927435438,648.4174078034258,1207.8598649848575,1994.4658226008626,227.3322934185329,211.07160431812025,10.815018315018314,20.9948371734086,87.11202448345306,91.35006301665965,344.97546037696964,267.43916793990326,29.556710198014542,802.4721188421137,323.4972402053284,157.42937346469955,149.34199420045283,99.92651885626908,19.917704649847508,38.8139380460809,21.680555555555554,173.5752886469273,20.549340342197485,16.109324537895965,198.70205686743932,55.293276168276165,2.8703703703703702,415.5749686185691,7.203274710107008,32.99603174603175,128.98814586339248,16.866522366522364,85.59918784918784,59.491128976843264,1.3571428571428572,185.9463591963592,9.732453558346416,228.8249162805813,42.80657768157768,32.68030580530581,82.01626502336917,143.81099485726563,5.335569985569986,18.313164108618654,279.8190212398267,2.738095238095238,25.86292270531401,38.15660667509806,25.994666048237477,43.55850155306952,13.09767316017316,4.070964749536178,15.60142833357119,24.170658045658044,0.6818181818181819,5.243589743589744,498.9350670921049,34.41323252197865,14.913454270597127,9.5,124.20160678101854,11.142424242424243,10.250868529229873,83.00593959792742,122.29303996442154,182.45199822953833,8.92389554889555,32.137661480676186,3.9114718614718615,26.52433147099814,95.15425685425686,1.0,67.98729183845255,17.089105339105338
317.585836062154,45825.680130707995,5583.364345921565,356.99753903810074,1308.269825490278,1187.0941042254042,14.043290043290042,1821.3653839188498,1699.7651501253094,8523.571779010961,3010.2758164621805,439.90571186557764,231.73477144803914,3963.3473282965774,999.4451349266614,667.6025083229853,6321.319804819183,1044.0407765211464,31.118874168783424,5388.304740924617,301.5622484287173,171.05901791098736,130.8213264190759,772.1271324553082,81.97990288766151,170.77170044879404,71.45390289298024,27.739719247613984,269.96065198605766,1660.4563103180485,90.91013433531582,2515.054122256712,42.88611981887844,3117.5247319130326,259.9582496579623,39.05639072506889,165.06042568192248,857.8087979421572,27.458341726988653,141.0356509996618,539.9353133686553,14.291666666666668,38.6093918707555,187.23029570371253,738.975826384529,459.71949757130824,488.7386197501424,1073.247525913047,97.64416225328894,2123.3064375081913,123.03156727317884,9.767316017316016,26.59860874056218,11.99276418026418,180.88437643387732,1275.8395131622322,86.15222049475295,20.82501534225672,26.517171717171717,290.00066899900867,310.21376565499014,44.96515151515151,1158.710014287709,130.31318706755215,15.589790956170265,1879.461140128843,18.259950210608103,401.91841570093277,98.72038192687543,234.99958384252642,269.42904202824803,188.34744983852127,118.52584529212197,309.6388758402012,403.179586762104,93.04990882487479,238.11118812800993,463.67197903667306,1235.4907616365936,220.38475924971905,382.03788612022674,62.501015254586676,174.78150499982996,2.5,118.1813788063788,27.541710463449594,30.012445887445885,69.14319695863598,92.29792091641586,31.695178123167043,5.789873955978642,1512.6552608952675,71.20710733686187,172.9587273820486,70.8000480492295,793.5222605649911,21.05457145920947,519.7001778921667,61.39904284781246,170.747207454104,64.94610322627564,4.696987995901039,108.4630488667044,2215.5473785701884,157.85657200582293,45.335815047021946,3668.2336998368523,11111.519279889413,307.49469850828746,18364.278823779412,2318.5310902109336,7862.141230881647,2670.3260189365506,7038.413314014791,9242.460725354198,6818.775330363044,138.58692410172674,21288.299553456494,184.95490284821045,5093.238486543568,38.045195850650366,15449.292738049515,2040.811381332549,4532.90641784069,5012.077264799591,10532.594072360562,3668.088919766521,1889.01474818614,5089.464007614434,6739.591121345929,255.04762368965118,102.20767195767196,212.5430034605344,66.48516258645569,632.2235563765736,489.94705901838444,170.87497644329378,135.01387085137085,100.8682326031788,188.854887734446,51.12852425352425,81.41655624095674,50.65337750070054,90.83132989015341,35.90250650572792,88.30525955525955,46.78606777960226,175.22610978035206,89.56862031646514,5.361652236652237,154.1129831700845,50.85492395611443,315.4170266623366,92.7083364973517,14.699484165250798,233.8292980828695,7.7354642483952825,24.503684807256235,566.4496605323067,54.203490518374025,6.041666666666666,2.2395382395382395,4441.995993632649,549.7586774873394,5.039528418204888,30.604836006946396,79.67362717691665,7.486147186147186,40.161651356773305,14.968253968253967,154.0091724713478,5.138888888888889,103.12999452654624,193.7501158699688,83.14390756302521,3.75,5.925925925925926,11.214424951267056,114.07313591580832,45.81662032093066,6.196428571428571,72.58066567934989,139.4193848983193,4.282407407407407,212.61923827417525,2.166666666666667,1.527777777777778,113.10512311762311,12.167910633427875,41.154451886971465,96.98097041847042,9.934974747474747,26.339659296345342,2.454352664878981,1.6,17.995003607503605,765.3735361731293,0.0,78.00824283009044,6.63320707070707
168.01719576719577,12998.562056678427,1376.1892135642136,376.2780982824842,419.5297357154942,1516.2513050569503,22.333333333333332,469.96509786509785,790.4611333655452,2044.1331657857393,1917.8982183940516,125.490860990861,140.06121039454374,1728.1663623413624,902.6394600769601,97.43589743589743,2610.11944028194,232.04175454175453,97.15132783882784,5205.6709530548815,23.333333333333332,9.5,29.305555555555557,155.47301587301587,198.5716774455044,411.11284780034777,860.2233946608947,173.4598146951088,261.20207385207385,690.8889767639768,242.5489600269012,867.162693757855,46.7539184952978,463.5081409331409,11.688034188034187,26.944444444444443,4.166666666666666,43.888888888888886,1.6666666666666665,53.785714285714285,539.5805167055167,170.14583333333334,1187.5557533863985,18.757575757575758,393.04296808329065,86.72222222222221,2522.470741087132,377.08354377104376,219.89063714063712,193.0600603100603,21.555555555555554,12.083333333333332,71.56962481962482,19.634615384615383,15.428571428571429,109.77417027417027,172.93521756021755,94.9281413031413,44.26282051282051,159.9765512265512,105.11174242424242,2.7972027972027975,27.54059829059829,9.444444444444445,311.9232804232804,22.0,86.6058201058201,13.666666666666666,48.33333333333333,34.48447712418301,897.8253644503644,0.8333333333333333,7.1726190476190474,1579.4930532430533,97.5964590964591,24.47835497835498,31.927849927849927,22.47339466089466,150.89249639249638,36.387445887445885,33.492063492063494,102.56555100672747,70.4447142363809,18.24074074074074,20.15343915343915,29.527777777777775,26.397306397306394,156.75557621390953,47.99603174603175,38.333333333333336,63.09424603174603,92.38807488807488,54.111111111111114,81.51190476190476,71.34722222222223,303.13502619384974,48.194083694083695,23.474839430721783,1490.6267436267435,15.333867521367521,23.85185185185185,19.51923076923077,6.25,243.87702550860445,35.08712121212121,85.13765580297839,125.68725718725719,6471.639314868135,217.2190883190883,2681.720628740598,2810.7916516064306,843.9530082428253,914.1563714063714,3645.5867678846703,350.20696565971684,2754.0351617319357,10.38888888888889,2804.0626324397995,105.19089706589706,1310.3165676915676,53.704415102441416,1376.702226300388,868.7689906711646,1136.9640210446662,1248.0821563913669,1775.594332174247,1550.9762108679402,222.27836977836978,1736.479817042041,3201.4217132979775,30.492424242424242,153.87174862174862,15.416666666666666,12.666666666666666,72.76515151515152,20.0,32.5,93.27272727272727,17.886904761904763,175.3502025155251,63.65530303030303,2.8846153846153846,44.41017316017316,420.0876623376623,29.90277777777778,20.006944444444443,110.74747474747474,61.59894734894735,15.726551226551226,305.6734126984127,182.80555555555554,19.27777777777778,36.72222222222222,55.29184704184704,22.857142857142854,24.333333333333332,257.938532303388,4.444444444444445,29.21212121212121,10.0,10.666666666666666,2502.971821388488,16.666666666666664,0.0,32.5,10.0,114.12626262626263,38.61344211344211,6.428571428571429,0.2777777777777778,55.06349206349206,24.63888888888889,417.3436026936027,20.833333333333332,3.0128205128205128,17.07142857142857,25.555555555555557,20.27777777777778,0.0,5.2554945054945055,11.152167277167276,0.0,62.939255189255185,9.75,33.668518981018984,12.261904761904763,154.85998723498724,22.416666666666664,13.976343101343101,21.666666666666664,29.333333333333332,161.2596237096237,14.222222222222221,1.976190476190476,42.84401709401709,22.61042240587695,17.36111111111111,0.641025641025641,14.155844155844157,5.409090909090909
561.9781204789608,43168.20237276411,7834.534633425029,3975.517602376383,1470.232757223656,3308.7413009111365,268.5257936507936,1834.8336385367056,3242.551310211016,4717.84043112151,7447.568728392644,718.249594128281,611.9687535775771,4048.4135705091553,1698.0509934402658,820.4639458199753,8394.380615357364,1758.880554370544,1327.5754406704407,18552.157672855526,95.72986859273624,141.9261135860852,295.02725052725054,756.8039051893428,688.0878250873375,592.7174055130305,1652.1280224405223,536.0104188098991,3080.233056036153,949.8094540776989,2035.9706865300143,2908.746649747053,324.4265873015873,4830.614821172006,199.3754390126939,141.72163656060715,156.8362037037037,671.2779563336726,77.56876818715054,350.21457517928104,635.7038304767237,96.95601851851852,5270.59829507765,280.03175076557426,2525.6416554646207,766.0703871712695,3799.1362278525835,2384.5187609790814,1236.1543518689527,3007.100416408014,244.34585571835572,575.0892094017094,146.38518786380132,255.69027070490483,360.37551216769754,1118.8884290443955,710.1301826532218,512.7592450062093,364.6372738372738,1516.696173560785,515.8599438936413,102.08113365392776,661.1506076292841,310.7209900099606,423.8252599027599,551.9510164678508,135.3920741800994,496.89739412004116,260.053588405059,907.9300538876519,2352.912844135816,161.31270216167275,180.85538060523353,3493.80165710109,850.8196922230533,782.9076528388383,538.6906295074363,653.6844974175856,2419.5934618658657,178.0193333848691,389.9394351472783,586.0348683848683,981.5969178041587,122.91642300194931,88.37222222222222,209.1156349206349,291.95753923730115,713.1466808720004,343.59951423032305,486.31081182045466,518.2555290545705,1293.9243124123038,730.3373378048378,1214.6686306817435,331.27141595488234,1689.5617034031968,247.72187349687349,700.5869287061479,1075.309012006512,524.140485511599,236.3447039072039,363.44668763927075,347.0313852745838,1024.3053046870448,439.11874745624743,1164.9087960771133,2300.764429491049,16409.045534707864,956.8890525091155,12723.951401622999,6298.301946591296,8742.183469489133,4292.828397677802,17920.40464435956,2357.2134489251725,15660.554067682637,448.274923930071,18018.04839545543,884.1238875013875,3246.688290066222,548.7817869615795,15027.639803859487,2636.476143325417,4704.224864442066,10514.065750938435,10402.239736494417,5449.177435146672,1632.0545722313175,5375.41865736218,5491.581987947752,605.7517133049447,91.0342352092352,131.90339330927566,144.86781746031747,88.52111111111111,360.7406629318394,506.65267573696144,199.0267790449513,595.3029468702788,958.980260053761,525.9610368212942,609.1271940191444,380.1866562659906,405.4661777008999,151.48931549115372,534.9509491232391,413.588544407662,703.79049666383,112.46291324416325,275.6485545712989,673.0453194177949,196.67665052928533,165.3893799261446,188.87752525252526,105.40953592975652,53.69345839345839,132.21272400804233,209.16690403822756,532.2157980000335,141.70555555555555,38.37698412698413,526.8920765191598,419.64519292884614,136.48058473389355,78.01785714285714,72.10639221889221,399.0082060686227,88.28653980823098,119.2527763242049,96.77267251495192,398.7758590102708,168.89262515262516,7113.062346910707,63.51527830829301,122.32354751729751,215.4980687830688,227.67011294261295,72.6686507936508,55.61609686609687,191.07617174776888,303.25784493284493,225.57220434720435,60.02164835164835,30.514285714285712,221.872636825578,411.71676077190784,150.82670153920154,178.04405380603538,127.95868945868945,179.82908341114222,63.16311355311355,98.40225879383773,121.31935340802988,646.8235449735449,96.18702557363271,68.46230158730158,181.9292328042328,130.84462759462758,22.980723443223443,25.366402116402114
82.83476926123984,17224.841676609973,527.3617144410211,3891.8304683867777,1753.617971068251,3244.5293412251413,198.25814694564693,3047.762059923213,5123.923927499645,515.915344494748,3158.6964686514325,171.36681313939718,491.69607834392497,14.251700680272108,16.10185185185185,140.27075640862404,448.081696373188,421.8851874471622,23.28306878306878,3161.3015905313173,127.26465577813617,188.17056583317088,38.59580498866213,979.241538722797,444.2595301523873,975.6602210814395,101.66391743177458,43.23015873015873,1518.082750252393,289.1848127168505,92.29701350237065,2376.493158439096,10.833333333333332,3218.5185783687734,64.05194805194805,99.05580262407993,65.08888127900732,7.744708994708994,2.380952380952381,29.041789106214875,151.3455359416494,6.111111111111111,16.11111111111111,116.41165216086434,2959.5456578306794,223.04899838723367,83.03618256743256,3633.633420947475,938.7373968494417,4486.91061431985,74.28249464769073,97.45299837106559,492.2818766501444,125.47375111660826,168.27265300059418,5959.3595987743165,71.05074555074555,54.82252687399746,8.0,1897.3697596176448,725.428824819231,83.60469187675069,20.753968253968253,58.106782106782106,24.21825396825397,26.93452380952381,20.419759570494865,78.61087920016492,35.59810057092666,567.3662192149587,297.73288583110013,180.7122830192683,454.18096207662035,32.89357864357864,1154.5244542650005,93.15952479207887,450.8147413199934,34.58754208754209,5836.669475842007,67.99488420076655,72.52341492152416,400.4785784684244,131.85555838497015,121.06691919191918,94.10217420301454,163.89657564657566,90.50780918427976,26.417245845706702,30.981570512820515,28.89739229024943,89.60068436854151,3957.8712055658834,45.29400909547968,361.7473089410589,707.8095716919246,345.9655304040808,32.38095238095238,37.730625583566756,16.3289937186996,328.8056758056758,17.22222222222222,802.9586023026148,653.5328815286798,2341.9342328248317,56.23719336219336,34.81280716063325,750.2211704126095,8131.110768182264,73.56005533526542,20585.34028443416,389.17570435970293,3331.5064458378533,7203.154163497485,8767.957138122727,140.59444918215925,1873.3235121690477,389.8386366298656,914.4612420434374,24.226190476190474,466.0920905708995,71.51471742543171,797.7441417243169,707.4801789052839,1182.4113484160891,6935.913839815729,250.05004426984468,2023.1370159978003,827.6428166254847,1065.46723383665,1622.2629595920212,1257.344793113438,14.08040027605245,16.24762682850918,35.33114761055938,72.12698412698413,18.070887445887443,72.00054112554112,30.540199451964156,164.23499342238838,795.458881901634,118.94850288600288,354.66162689823403,102.89635854341736,50.21825396825397,151.95315904139434,99.25515509233996,75.20908421848272,187.534867650764,63.5664069046422,20.34722222222222,272.43041145168246,1545.0499346533484,1.6666666666666665,61.07278138528138,21.92956349206349,36.42492552576586,13.203703703703704,70.5719954648526,2088.2839473201866,1.8928571428571428,5.892857142857142,16.84065934065934,1.0363247863247864,1.0416666666666665,4.523809523809524,11.957070707070708,146.61640468153072,15.370670995670995,22.92712127586077,49.134349867893285,26.656474628295967,60.488761238761235,22.843614718614717,13.305555555555555,107.81197478991596,3.1919642857142856,5.317460317460317,330.5798024726596,51.37486863432241,608.2655937202782,3.333333333333333,10.78628117913832,539.8641774891775,6.155015197568389,80.32621653945183,3.3068783068783065,13.024891774891774,33.88405014783691,99.59385521885523,259.4406290876879,2.2916666666666665,7.516865079365079,105.58083167221822,135.59848484848484,16.75925925925926,322.0222044820259,28.825757575757574,4.748677248677248,161.0653922845362,295.8091904424782
