100.74613575422399,325.79707104900604,87.76776398265062,933.4708763352526,5347.999950435173,2195.0440852975767,6668.767844289671,92.52390572390573,1764.011929406084,46.29687326520357,150.29201422216127,18906.128846860636,202.4784839343663,387.9389162881036,222.77704623017715,505.8710835217414,392.48246587580604,567.9370030705476,1089.5018539286984,1123.1237391054883,3512.0645891598765,5782.388392132962,2968.784763450529,5390.767439053147,3903.221387736347,4384.554236406286,1368.948174146878,1100.9507759669525,139.41681695657104,353.5538670916573,157.15575396825398,240.9495643293181,42.07417027417027,311.8828491330468,3552.1999409552254,737.227205356372,1294.7140577559694,2446.4518048752902,951.7454947829948,19374.872028831047,2557.633581419047,256.9988539450163,119.00722609284136,131.84193940979654,728.5528666672574,1402.4505823636073,324.2906429741569,2882.4732650036804,12405.130530844328,866.2725548716351,4996.990833524602,761.7760125942494,993.0133490544317,495.7671972095181,823.8573217715007,267.7580372260547,31.776253119208107,308.6257394727728,6321.778638376889,134.82164912830547,790.318465426186,6418.989378750064,447.7492142131461,31575.7237548441,3010.7957273203097,3471.0723366103257,9947.318540833307,10245.964769237147,1309.571392637656,11338.085868390022,10984.68697447935,2313.710685464362,5620.895021262436,11397.341617536555,2266.53675211364,5319.792656249894,1290.0012035122218,3797.930330453698,5242.274474632206,12081.15299658044,4572.060251960936,1713.3899971727546,3356.7768874780836,50698.866607248776,169.37284959049666,1634.3251123905386,102.02135642135642,69.13086835550071,71.14407395955014,1381.8004033684706,755.7834436055988,100.61666666666666,130.0228736949325,228.73383724119017,211.74832583755366,570.3014862208447,1090.150642885666,708.6361784717257,344.2638886606469,47.04163614163614,3240.445701411851,144.75221119036908,2814.488163474791,281.942329964879,88.1565934065934,187.21270920437587,65.1727741153315,10.721017871017871,85.10755968392594,354.8810032414755,152.1095195654019,213.72917102390787,58.238095238095234,121.33432539682539,788.1894764883854,19.797268907563023,685.9738969486027,162.04297785547786,107.79602750190985,118.09297706650648,14.274531024531024,81.70004660599248,66.85335497835497,145.3937368187368,71.21933413808414,22.869047619047617,61.2030192030192,22.08903516792861,344.65161556852735,460.26017885623145,1079.4048877533871,45.55820105820106,309.57205196162863,507.7590255656293,802.9801169793456,211.11332880082878,72.15828615828616,535.5388598813282,160.30087068256196,7.497292250233427,262.69285344285345,69.26641822230057,30.318317276405512,6.266468253968254,233.46675680557257,106.54387431740372,105.00928932178932,193.04103812042408,833.3965957423286,169.8582662610722,28.04581301051889,88.62837162837162,440.2484011868711,29.724997224997225,1585.8025228403824,671.4049439964004,55.63694653952532,5.185185185185185,142.32440886876975,26.333333333333332,31.866883116883116,529.1225344171938,34.336507936507935,17.72571806500378,140.58586511527687,67.52827380952381,45.83914647730437,380.308053058053,95.69113756613756,129.97225228475227,29.39664502164502,86.55450513538749,24.112002376708258,73.58783846872082,127.67074314574315,91.8376756413521,12.200202575202574,187.05696252417854,54.870726495726494,185.78615998652762,177.6165071040071,77.06409909534909,48.240481941568895,4.5476190476190474,83.50119787619788,81.95140966119227,3.118686868686869,127.90773115773115,56.40963203463203,75.62726856476856,101.04635642135642,361.6582985979538,179.77090976971624,120.98364952578908,102.03265639589168,133.92401677842855,0.0,17.625,7.023809523809523,19.0
1.6666666666666665,717.8943598884775,98.28903903903904,19.901587301587302,354.5325828642902,80.17643467643467,1570.923364085308,47.70833333333333,480.896149825784,16.946666666666665,8.055555555555555,1670.108963591406,5.0,18.77897897897898,13.790123456790123,76.91666666666667,183.55079275299863,292.64474819074934,25.083333333333332,175.66982323232324,256.97222222222223,413.0774914774915,81.71714285714286,226.5933075933076,286.4465811965812,900.9713578096828,52.56631631631632,32.64913844325609,12.0,65.14520202020202,14.454545454545453,20.185185185185183,53.551587301587304,31.77777777777778,63.764634146341464,32.80647313980647,322.97133775123973,113.37209302325581,30.75152625152625,117.83523665876606,36.13492063492063,72.17948717948718,47.13939393939394,22.914529914529915,17.0,147.17396792396792,15.769230769230768,137.13742803742804,54.83669108669108,87.5,110.38824177920304,267.88615153615154,18.95876887340302,15.559540889526541,74.30555555555556,25.60732600732601,5.0,88.33333333333333,55.49251238957121,24.257692307692306,30.41176470588235,407.6221187142098,17.866666666666667,824.5456311147487,501.58993157800745,949.1501524360384,380.5532730209201,1737.774139700596,236.12214501185088,1933.4140823642383,1855.7450019550988,171.7969092786166,410.94963497831145,766.2817168337045,735.6883953296472,584.0658476658476,147.14880952380952,209.81340956340955,404.2016743997136,1346.670833054065,148.4868510868511,66.92444444444445,336.3593019785093,4469.728735386962,7.0,22.333333333333332,55.0,10.2,15.53921568627451,53.14017094017094,11.666666666666666,17.083333333333332,10.0,35.83333333333333,74.20327076699625,65.83333333333333,8.0,6.666666666666667,23.055555555555557,62.5,197.29268554268555,10.416666666666666,54.666666666666664,8.372093023255815,33.42948717948718,6.8,34.166666666666664,0.0,3.0555555555555554,11.002968877968877,28.493589743589745,20.4,365.42906830514437,12.408119658119658,17.452380952380953,23.783783783783782,3.8444444444444446,10.0,56.598484848484844,14.777777777777779,649.2444444444444,0.0,0.7567567567567568,3.799249530956848,2.2222222222222223,23.51126126126126,37.90427927927928,0.0,0.0,9.411764705882353,17.36243386243386,10.0,68.15079365079364,62.833333333333336,11.25,0.6666666666666666,50.15555555555555,96.52083333333333,7.457264957264957,3.4294871794871793,22.5,6.097883597883597,0.0,0.0,0.6637596899224806,0.6666666666666666,26.454545454545453,28.75,5.6,6.944444444444445,0.0,1.1111111111111112,6.7073170731707314,0.3333333333333333,10.555555555555555,50.807720057720054,4.966666666666667,3.6666666666666665,0.0,25.006006006006004,10.0,1.0,1.6666666666666665,24.583333333333332,1.6666666666666665,12.166666666666666,4.583333333333333,0.5662393162393162,0.0,6.666666666666666,3.333333333333333,21.72222222222222,28.884090909090908,9.166666666666666,1.0,0.0,0.0,5.7142857142857135,5.0,0.0,3.111111111111111,0.2564102564102564,0.0,0.4444444444444445,13.829999999999998,4.0,0.0,2.7777777777777777,6.0,3.1372549019607843,11.520833333333332,12.38095238095238,30.555555555555557,0.0,1.5384615384615385,0.0,0.6346153846153846,70.59294871794872,3.0,3.333333333333333
25.173914313200026,206.70605976751997,121.01754148787147,412.9690225802942,1679.8294096342315,313.6881081152305,2114.184560041299,317.44914914696056,499.8027191268967,600.2006602731956,73.01597842361684,7796.849989856677,40.38814593793485,23.617988220929398,93.11491685511294,97.12656175094256,48.36053523564633,414.1404638910253,250.5809691637821,186.46697611397795,857.229387276672,1363.039406841128,542.2496860814801,1249.0545908488748,1507.0106432056325,1068.5371961955732,217.22743595620574,41.18277224674788,29.334077705156137,55.22383077074158,82.19810266187574,63.483856720621425,52.399138203414516,68.89884580659981,398.31730538382595,141.19184993801497,908.6426094469745,309.263952084448,123.60898740878382,2303.5105269203495,334.08525243553436,93.37124801945956,124.8825671868537,237.89723347910896,20.0721462879624,189.06893282483728,71.96132283491909,440.66192769677394,770.7134696264827,111.47880394625423,644.7188236600001,121.29283805931878,444.69223135636867,51.10784869503357,278.2026883496007,273.04820178028524,25.817460317460316,48.96277096697265,388.86578967138826,30.86934544758074,77.95486815420288,1766.2706981989556,153.7086372262069,7214.799002590328,4456.969961335303,1018.956575295271,1707.8707781459266,5071.224831008601,869.2517953373925,2330.056635525329,6565.979189313428,529.1368420345862,2289.857626043235,2378.4124740206053,1220.1360235435884,1600.9726215032588,326.7476135616388,946.0998611766896,958.867226693621,4850.576006267661,1242.8786779466313,557.7147145265055,3746.874490699121,26545.371254915808,31.864620766721607,77.84430210312563,64.94035039035039,2.575221075221075,14.797911083625369,223.88439018275247,49.76141353923881,11.431147610559375,12.15631998720234,61.38561600009079,33.33103510553201,114.2515596315091,67.35201125904908,92.37371131824914,29.25289393146536,57.17291795506081,228.67745843488288,88.13274854660304,490.3296654312664,48.25574679826017,27.408239577882433,20.216991341991342,16.834787209177453,16.49855225695562,215.27016112971995,59.5388787697718,53.43065584742055,14.06055573815314,44.1088486676722,49.11250901875901,85.81642374653211,15.347671119729943,42.98025515265348,33.15115833922325,131.49433957286783,14.719598583234946,33.59883674348334,28.487772941344367,9.558201058201057,9.679232804232804,22.176839826839828,11.133432743726862,58.66264753764754,22.265928515928515,128.445211651094,98.78218477429003,242.53521631644,11.728770140534847,16.90042365042365,100.1883789275405,220.1740163998424,59.703854016354015,24.91708832293248,32.724525665384434,34.24071378812758,14.191653934300993,5.272203325774754,26.10882997023419,51.12450895901754,9.822853966873106,15.847680097680097,119.3952208417449,28.790501165501166,57.19697385947386,52.44709071260795,26.68309910170965,7.1357256940461,7.5476190476190474,147.49386259160235,20.83807173218938,77.31884802992815,95.28610684459552,83.1900801393107,24.09589022089022,6.401827801827801,6.951566951566951,75.99891774891775,106.61000873154234,133.41554834054833,39.62745393417662,77.34600122100122,4.7114526098901095,43.95845531734218,25.191808191808192,209.56252279466565,20.60816366173509,52.92137478534537,134.90194026594455,130.84848818658924,7.238095238095238,6.0643939393939394,52.3476902046755,13.934968082026906,64.47685262503333,53.44155844155844,7.070436507936508,24.567534084340807,11.133955180418997,158.61838799315578,8.342171717171718,118.50655178155178,158.0703377060962,7.771753899695076,11.191635745207174,30.942716331408306,5.0426739926739925,6.3734335839598995,53.52472859683122,13.346139971139971,7.337301587301587,64.73351974822563,3.7619047619047614,47.12830687830687,15.555555555555555,21.121287753018134,69.82334386746152
7.884672619047619,769.1830853174603,224.48363095238093,62.99258563074353,861.2703192241809,12.384920634920634,587.9542963980464,526.206716853408,55.210978835978835,1.2000000000000002,25.705853174603174,1068.7780650671712,25.744791666666668,15.039880952380951,174.42741402116403,5.56547619047619,97.90625,395.8591315074674,69.29312678062678,33.15034722222222,269.5740740740741,146.20569381598793,68.92113095238095,73.86003947033359,161.60801663614163,209.6981752928444,6.979166666666666,2.369791666666667,6.717105263157895,6.9642857142857135,8.652777777777777,73.88244047619048,7.125,15.836805555555555,171.26542207792207,242.33638181993445,447.23288690476187,116.16291238717709,41.36607142857142,129.69599700372726,15.351934523809524,309.62321787689433,141.2142857142857,110.85534266537556,13.125,101.80357142857143,229.29315476190476,373.38676960795766,206.3696575719602,6.009375,96.96546052631578,1206.1347322768513,21.687094155844157,195.0437682748538,35.104166666666664,15.836542950513538,2.0,21.92956349206349,55.07023809523809,53.6875,1.1111111111111112,822.7442880648763,50.34325396825397,616.7733725374785,161.58487103174602,691.4098571080478,377.388608412786,535.3979914396033,54.50843253968254,1363.8292145906946,1233.4274648962148,86.1827876984127,254.7284684065934,723.588440696587,101.7605463980464,70.20337301587301,24.479166666666668,241.32069956187604,249.3906746031746,1438.245322290062,56.79265873015873,37.439258658008654,46.04620927318295,3380.514050761187,56.762362637362635,60.92063492063492,4.0625,8.240079365079364,1.5486111111111112,34.87405303030303,0.0,1.7361111111111112,0.9523809523809523,0.625,0.0,0.0,1.6458333333333335,0.625,1.7361111111111112,119.79620927318295,27.34970238095238,4.583333333333333,4.723651960784314,30.872023809523807,27.771329365079364,4.142361111111111,24.489583333333332,30.479166666666664,19.290029761904762,5.694444444444444,81.55059523809524,2.1875,2134.0539720026563,90.28025793650794,2.867063492063492,17.5,3.1770833333333335,0.0,15.666666666666666,13.862938596491228,40.25,8.88888888888889,4.444444444444445,49.75,10.778869047619047,78.89335317460318,84.61162710698314,25.46875,1.4620535714285712,40.145833333333336,0.0,1.75,0.46875,0.4340277777777778,1.7929292929292928,5.0,5.75,0.0,3.625,113.89732142857142,7.666666666666666,1.4285714285714284,12.65625,0.5555555555555556,9.166666666666666,0.30357142857142855,0.0,22.407738095238095,5.848143424036281,5.714285714285714,15.625,1.375,0.0,8.260416666666666,7.81984126984127,9.166666666666666,0.0,14.705555555555556,4.5,209.73389077853363,6.366666666666666,9.678571428571429,0.0,39.416666666666664,0.0,14.357142857142856,0.0,0.0,23.348958333333332,0.625,3.75,0.0,0.0,2.5,1.25,20.0,0.0,0.0,3.111111111111111,2.142857142857143,0.0,10.0,3.333333333333333,41.166666666666664,0.0,0.0,6.371162280701754,1.8489583333333333,0.0,0.0,8.66170634920635,3.3333333333333335,0.0,0.8407738095238095,13.601438492063492,5.833333333333333,2.864583333333333,535.6733247617535,0.0,0.0
24.805540194239885,685.5991742136913,106.48178651843513,133.98743862346802,2793.5043406629634,151.81462812786341,751.9461456714258,6.8240740740740735,258.5314075749576,2.8275275922334746,2.1204368243841927,5763.236134656504,18.062874711288025,43.59682327476445,232.95490660153973,106.63333246586835,104.6608651864192,113.29045150755677,202.4245035837915,33.97381311498959,1354.9911155411046,427.41886531513006,129.9465237539283,395.8214358988869,1322.087083198703,774.73408334552,3.75,18.69327831156278,25.64073225249696,36.21813118655224,21.589156715317706,75.26665141990219,12.173486672712679,52.66914825618034,348.8824042181111,257.4976736011953,307.59527246009526,212.11859317296623,82.3519784309258,807.3801547623162,42.312749287749284,8.26377217553688,17.76850707603303,34.025252525252526,35.61735527544351,483.2053935028393,65.40404146507088,1020.9547502348586,632.0370603079084,69.22909805336276,540.1648486792174,135.49592192007051,100.78971945810181,230.6250379737222,41.382337872640186,108.39856417328038,4.645604395604396,17.91736694677871,147.97879711838337,109.61256798756799,57.29060068471833,747.210384399742,31.63650097465887,2918.1367026069474,659.9026947294427,811.1813172832486,1586.783535942176,1767.6810863440394,903.3603393407769,3124.0094120166636,3859.876693293329,351.18015980359894,1274.2820734477643,1966.0849851363212,643.3708603374045,620.9273240302367,195.77387379514573,808.6629517772988,499.4748153243005,2966.4509773495133,389.2471256952286,206.81054882469078,287.03557663484054,8329.975936163659,50.262486193716846,74.55110583860584,14.885076252723312,9.522317007611125,10.275375939849624,155.85028663616947,33.69412501842842,10.587532264776847,6.458333333333333,9.273629964806435,12.632728330566676,26.132647671863356,47.31278945921803,0.7142857142857142,11.274533098725934,440.47706855019436,161.82166712261412,65.45218996689584,80.65951167282437,18.651996598745825,83.9961889726651,23.765993265993266,42.69064675577833,1.794234360410831,124.0029360760785,38.76592389092389,32.37013936356041,22.44048857059693,3.2570806100217866,74.78572165708388,5.699463118580765,7.374074074074074,86.95887144331417,18.40807823927019,1.0,20.280366863958196,8.343137254901961,17.97790597345551,6.50375939849624,7.907176157176157,18.810379707438532,20.41764828738513,8.462121212121213,9.302521008403362,583.5083482642576,35.01474238122845,236.1741699572969,4.87037037037037,5.277777777777778,75.38211951447246,35.77727123237959,4.338235294117647,17.92471988795518,4.16750208855472,20.12946204122675,3.3333333333333335,20.13188608776844,32.92922779057233,38.09627312592999,2.5129233511586455,12.038089225589227,17.674274559758658,10.233333333333333,52.330341130942735,0.8796296296296295,11.30952380952381,3.580808080808081,18.16076957098629,4.083333333333333,9.84848484848485,16.54040404040404,44.34899749373434,1.2265512265512266,2.839506172839506,9.08858543417367,54.4497955040193,0.0,26.04343894123306,35.96855105678635,0.0,40.96998181557005,4.504390217625512,24.612769855416914,43.182434498765765,125.97768894905117,9.753798670465336,0.0,1.137955182072829,0.5,3.5243867243867246,39.33406593406593,9.340883402802907,1.1428571428571428,16.80172675130658,10.022727272727273,41.75178960473078,13.734709824918804,3.6309273709483794,0.43209876543209874,0.8333333333333333,0.0,40.28290786011374,2.6964285714285716,5.1060606060606055,1.7031024531024532,3.1367880485527544,46.730367920693,6.190476190476191,0.0,5.873015873015873,645.0741682475252,12.685665604578292,8.46468074409251,0.0,0.8333333333333333,0.0
45.51619631651513,999.8660986405656,262.8306515579057,648.5604113112959,5288.009894709589,615.9570126331431,1941.7789113217748,57.629199504199505,1098.3533757678265,112.80388568048414,57.306616065898965,9203.248616676728,54.456126049160105,77.92257856522562,271.92781536202585,90.75751324256109,81.4950958594772,224.43332633425513,689.3267333232725,127.33354804237156,1902.60880481211,1870.9846826429755,352.96164039486246,1278.6253315788858,2175.5288912055134,1877.917981858618,94.15154556135063,146.489724501388,69.79948397453558,189.3122836173892,103.87101608320096,122.36738878596464,37.90254621253073,124.76283804488139,823.0243042057947,446.8478339220065,352.99425029063076,313.71294608522373,64.23475215351645,1867.6392010470818,183.21535805464376,49.304159348277,41.371924919090844,49.687018722903886,49.474841894201944,696.7794365155191,127.0293213050566,1338.5317015064952,1222.3251503750976,105.88055430059737,902.9508318021279,105.82340431899256,183.75596850093962,128.49652491757755,261.0147600065777,152.65799207024511,6.764652014652015,40.49803709362533,337.23098264260193,200.41098203790511,287.0992424418342,2478.7814123856874,85.57357900384216,8077.452075254789,2203.889864745557,1706.1380325004495,3040.674002276614,4772.313667310309,1732.0586338885375,4148.203425896435,6832.72640487053,1054.161549119871,2671.0443734988216,3190.4225048245053,947.0297591473404,1798.5000997870882,702.5547923836116,1058.7139036179065,1887.3649996164127,5115.718970868837,1056.284032340621,724.5980568143447,1644.001589177351,19053.529794328817,44.26535508919962,111.32549333382667,34.48263319831947,37.036628384229004,68.88658279667051,351.4157795467815,86.5269461876273,8.429183475623104,17.19163059163059,121.4160330597735,39.80366116409349,194.67575956444819,121.77763399783439,6.375661375661376,51.34535506564844,297.3256801949913,305.77896922954255,60.01250469516724,422.2567653297186,46.108841994110314,192.499236915148,72.73522102443671,59.51272517144918,23.374942315289506,87.76006790010301,53.56631871215205,90.18631441657757,127.27511755693976,55.00854700854701,195.15087423970937,184.12334389896307,5.123015873015873,159.79032182826745,96.28556170083357,72.17071595875943,29.67867986846315,16.65590536914066,65.43806198899631,5.635327635327635,8.055717430717431,12.889465817406993,34.835087719298244,50.12187812187812,6.5579322638146165,482.5492111398329,95.61385762500313,308.8415298715558,10.488095238095237,6.0680523180523185,216.12309426490097,331.3870246132303,30.53948165124636,49.58601661930686,21.945855685204055,26.971293930677685,17.0,20.34375617958869,79.43399871219222,108.43222815065465,7.362833932493375,21.53108003108003,107.4727433801506,28.926739926739927,38.45227060356294,19.559455976122642,21.646598369987725,8.143647275520303,32.50401739643225,67.42287269608698,29.02841602841603,42.8531746031746,63.18033691454744,48.892781534085884,1.2962962962962963,15.422722702134466,99.18159845011901,15.087301587301587,145.08308942069445,160.09654237090584,19.704948646125118,102.03972474770794,17.37252655772876,53.83531690188037,228.49684500989972,605.1311899267859,26.299096846715894,29.872585596441805,23.238235294117647,14.377104377104377,9.049963924963926,76.24296814296814,110.64687818177885,7.852813852813853,56.69794820475935,1.791958041958042,15.643925518925519,93.01161103820709,29.117517903753942,22.43478260869565,12.75,45.49832915622389,99.69196329302902,0.0,16.448375037660753,10.594877344877345,13.999991838227132,22.076727152849443,15.561933436933437,4.386396011396012,6.8011463844797175,275.61972190081065,14.617493151106595,60.61570183629007,4.388888888888889,2.3120915032679736,3.5185185185185186
111.83960035525695,2234.875542692072,264.0948088824822,75.76290887475098,1502.2405001525638,682.0245105800059,2460.9574642074185,250.4349993959512,1153.3916833487986,34.96203102453102,25.619543019227894,5454.804897582029,18.995091896407686,91.61845238095238,526.6386045840198,67.11956975772765,382.6581562056794,894.045390393836,363.8140745254467,191.40306882877076,1105.727532618781,854.4669250245526,162.8784924534298,367.49405458089666,1577.9549752288485,1363.2986039074265,141.33068204553632,79.10839007984906,415.8608255276666,45.758757011576556,16.42423383494812,242.66021319497753,49.294337937195074,186.49462036276498,507.0980438911597,54.56150793650794,930.6803150390014,406.0914236746144,100.93751204935415,581.822082154131,58.003653976210366,121.42689616639196,1076.938498167491,29.209056816199674,48.25994640280354,809.2181754965922,185.90791080264765,2255.9613313278937,628.6269438018122,39.994965986394554,366.5810274109644,977.3371426096656,202.84267320288438,56.15708142906285,188.82697329330455,43.75189100095115,8.226190476190474,58.020050125313276,677.3832352167964,19.790257252326217,25.86613423126581,3807.1612534919677,525.9987592775628,2958.3575202861753,920.2383904621375,2006.4847831634936,652.9165759680187,4535.100312779184,993.5341080606781,3054.3808708611527,3724.2940906464896,292.7605251197931,2410.382302414817,1701.656772338551,979.7376307290433,1225.5075709478572,472.9399576833958,1158.316928517614,704.5766899186208,3767.4012375030884,491.25690788461134,1255.9250355175195,375.7308619530501,9482.970992050135,42.69945697577276,97.42215160918168,14.646999443052074,54.78863826232247,45.00041771094403,41.356009769875314,34.43015873015873,4.711988304093567,5.677408483329536,198.6516365901041,6.517510632642211,35.865967234847155,24.61925647451963,47.75974658869396,25.357456140350877,777.9541205739661,117.35815405866268,15.142857142857142,69.63208092381024,84.18360304137975,364.686339111668,71.0602705507154,21.881150525887367,4.175222925222926,16.584743107769423,28.848171565276825,46.32116920812409,74.09511278195488,531.3553903719325,250.69715956558062,13.611695906432749,4.4414021164021165,29.782637071922785,0.6666666666666666,9.297504025764894,61.36767195767196,41.947681704260646,47.954945491016915,4.954887218045113,12.718046183835657,95.59261260790866,53.13851593268886,15.709523809523809,6.107503607503607,17.96009546009546,27.450429996560025,97.04775828460039,8.875,6.349713569638381,25.845887445887445,7.62962962962963,41.07242063492063,24.208106575963715,48.35042964554243,52.40047042208696,24.116246498599438,60.49272486772487,16.1795183982684,116.08131843094249,8.674603174603174,27.21331720774805,1.6666666666666665,4.0476190476190474,12.214285714285712,28.799594223654374,25.535714285714285,62.72856383382699,21.364661654135336,5.277777777777778,1.6111111111111112,25.98233679436687,53.69613108401255,10.719444444444443,3.4058201058201054,35.31494386287619,155.13900281005544,16.00907029478458,27.700438596491228,5.476190476190476,19.942708333333332,15.550595238095237,39.413690476190474,4.680351672832876,0.5,269.6890302053836,22.109126984126984,2.3343325791855203,26.136554318697176,8.456018518518517,42.29744002864304,73.73575307315909,1.6666666666666665,2.611111111111111,2.095959595959596,109.38314536340852,12.347557098331093,10.0406223893066,51.15668455917516,6.25,9.648809523809524,10.644841269841269,10.967476623823373,4.622222222222223,14.571846282372597,2.4047619047619047,38.29359857978279,72.22473667829705,13.95275888133031,14.108500417710944,47.55489417989418,206.80300481166086,7.571492011438721,814.6017718378399,41.21303258145363,2.1405228758169934,0.7555555555555555
3.867063492063492,327.25333694083696,51.716269841269835,14.584377610693398,393.0863900823487,46.8031746031746,230.5866402116402,77.32539682539682,32.701058201058196,12.4,19.775132275132275,469.5689416994868,5.625,8.458730158730159,80.1806216931217,1.7857142857142856,14.722222222222221,126.0588485101643,70.72266701552415,32.753571428571426,100.60241874527588,183.965515436944,27.409003107415803,7.470899470899471,160.20291005291006,147.1235827664399,16.904761904761905,2.007936507936508,1.9342105263157894,4.8809523809523805,1.9444444444444444,5.823192239858906,0.5,22.26984126984127,70.01143235071805,4.37468671679198,24.38968253968254,18.32142857142857,1.5476190476190474,153.63574711281478,33.771541950113374,107.57539682539682,24.896825396825395,25.126984126984127,5.7142857142857135,42.21459435626102,1.1071428571428572,230.55573615411075,109.81778010349439,8.371428571428572,62.589226041293706,97.99027926960258,4.353741496598639,17.708333333333332,11.25,8.253968253968253,1.6870748299319727,0.625,76.38463718820861,15.654761904761903,28.57142857142857,455.92738095238093,44.657936507936505,550.8166257243638,117.95311791383219,339.29161561310684,113.48103592314118,548.553802299365,59.785714285714285,504.73701814058956,520.3856137909709,16.75974025974026,140.29695767195767,256.4677880748259,96.41547619047618,173.2286470143613,9.444444444444445,215.3249604892462,129.27992550821497,463.13616083860444,34.73015873015873,63.15575396825397,31.740398344345714,1237.9448079524207,3.6111111111111107,32.4781746031746,0.0,1.6666666666666665,0.7142857142857142,9.88548752834467,9.523809523809522,2.2222222222222223,0.9523809523809523,1.0555555555555556,10.95238095238095,3.3154761904761902,14.523809523809524,0.5555555555555556,2.2222222222222223,62.64616402116402,20.663359788359788,10.0,20.324675324675322,4.787698412698412,26.066468253968253,3.3531746031746033,2.333333333333333,1.25,0.0,6.428571428571428,18.083333333333332,39.99999999999999,279.0871914635072,24.77777777777778,5.7936507936507935,0.0,2.708333333333333,1.7857142857142856,0.0,4.434210526315789,3.0555555555555554,2.5396825396825395,1.7857142857142856,5.571428571428571,6.251190476190476,0.3571428571428571,2.8833333333333333,1.2222222222222223,0.0,0.0,19.126984126984127,3.75,1.4285714285714284,12.499999999999998,0.0,0.0,1.1904761904761905,3.214285714285714,1.25,24.023809523809522,0.5555555555555556,14.693452380952381,0.888888888888889,0.0,16.238095238095237,0.0,0.0,0.0,14.01914840010078,0.0,0.0,0.0,7.015306122448979,0.0,5.337301587301587,8.16326530612245,0.25,2.3611111111111107,0.0,25.34278155706727,0.0,4.55,0.0,0.0,0.0,6.684523809523809,8.333333333333332,0.0,12.625,0.625,2.5,0.0,0.0,0.0,26.666666666666668,0.0,0.0,0.0,6.111111111111111,12.261904761904761,0.5555555555555556,3.7152777777777777,0.0,0.0,0.0,0.0,2.263157894736842,0.0,0.0,0.0,1.0648148148148149,0.0,0.0,3.7261904761904763,15.500198412698412,0.0,5.277777777777778,37.851190476190474,0.0,0.0
7.5,49.30196886446886,8.403361344537815,246.41006093579622,165.8809678883208,194.87400793650792,887.5254128587461,166.56506769374417,500.22848808326745,38.868085618085615,3.0,6488.780085529405,6.125,29.595238095238095,0.9090909090909092,14.187003968253968,484.44159765355414,803.934857626034,27.764745670995673,15.319444444444445,967.927365866704,1224.0566545704896,8.75,2266.1006204261603,1189.8420057593335,613.7087102031954,150.3618352644088,7.2181372549019605,2.8472222222222223,9.40079365079365,232.59451312576311,10.909090909090908,41.603896103896105,3.333333333333333,89.14682539682539,27.37847222222222,970.9002976190476,34.9828431372549,720.1070367540956,18.75,2.0,454.6517512307953,110.52971548467872,169.27579365079364,8.75,123.45090593865103,4.375,15.07966216789746,30.36706349206349,2.817460317460317,26.334821428571427,12.666666666666666,8.666666666666666,10.624999999999998,18.462301587301585,31.681547619047617,165.14800538513774,1.6666666666666665,10.972222222222221,2.0,477.36889422306086,412.2223194833489,553.6373020361991,9275.242931040193,430.68686685046976,1694.1612253308267,1694.7232443482442,3037.264299815865,39.54460572107631,1777.7489211317577,1807.9210509832556,371.17551035565737,889.0524925866065,512.6708188558517,1093.059219043602,452.3165716529847,683.4493539548686,200.6363503734827,583.4214740189004,3177.8828314724096,192.82589285714283,276.0653235653235,122.30699950920538,14361.50985516354,0.0,0.0,4.999999999999999,1.1111111111111112,0.0,0.0,9.166666666666666,2.0,0.0,87.06150793650792,7.053571428571428,1.75,0.0,130.85869685869685,0.0,40.55453696630167,0.0,373.59335122938063,0.0,0.0,0.0,0.2941176470588235,57.82142857142857,27.595238095238095,6.553030303030303,0.0,11.5,0.0,0.0,0.4117647058823529,152.12012987012986,585.6843589417118,0.0,2.2916666666666665,19.19642857142857,0.0,1.0,0.0,0.0,0.3571428571428571,2.0,204.27034702769996,472.61538033045383,526.5924214674214,36.51835317460317,7.357142857142857,280.4783827283827,353.7215537730243,0.0,0.0,0.0,49.86896804176216,0.0,0.0,12.395833333333332,5.928571428571429,0.0,7.142857142857142,0.0,117.52383364638267,0.0,22.220238095238095,34.66035006660007,0.0,0.0,9.666666666666666,0.0,0.0,16.483233065953655,0.5833333333333333,0.0,0.0,42.58333333333333,277.2508806552924,0.0,3.4375,13.333333333333334,0.0,34.18601720991427,3.968253968253968,61.76896591970121,0.0,769.0780908977503,17.458964646464647,51.153361344537814,0.0,9.4265873015873,11.38095238095238,16.666666666666668,0.0,0.0,53.89930555555555,63.18841513878279,43.561778499278496,0.0,25.166666666666664,0.0,0.0,200.14189514189513,4.159090909090909,10.121527777777779,0.0,9.999999999999998,0.0,113.56724811136576,0.8333333333333333,0.0,72.55408480408481,0.0,0.0,0.0,1.6666666666666665,0.0,1.4285714285714284,50.626488095238095,13.666666666666666
29.77713687752051,1059.21563020313,446.5047348484848,82.49003297070672,618.6360425690135,255.20374748708082,5563.4182514376935,31.567460317460316,324.80353635561966,0.5555555555555556,26.86111111111111,4260.5271571568355,41.20551948051948,49.50291005291005,460.9694472194472,84.91173641173641,52.62698412698413,39.766955266955264,139.46120314870313,220.37794751544752,351.1265324181991,740.4519686662544,533.4644004732809,408.7571044546851,3329.116236339946,1742.921894785272,148.41183990939254,128.1342893217893,31.48333333333333,40.777182539682535,5.952380952380952,178.43331128747795,1.6666666666666665,33.31963869463869,636.4000799764482,36.12319624819625,210.82072012954364,311.35560874170153,49.99603174603175,1383.0179003503758,344.0412341439109,3.0555555555555554,11.11111111111111,24.657467532467532,42.02068934963672,698.2283307223775,107.30667748430906,555.3199171199171,1081.7814074327232,105.2579365079365,1597.6048212821881,1437.6462092098095,238.20391414141415,40.74455077086656,88.38306878306878,139.42965367965368,7.325396825396825,55.05555555555556,887.9777307081105,12.166666666666666,135.0647546897547,2977.036579887239,65.23934837092732,5468.305253702165,664.4010736188308,2352.826887468923,1736.9277906321008,2902.130466599981,565.9225649701261,1927.5628210169834,6634.1533872419695,713.3583821459524,1273.9972791177904,2712.903554425189,2595.4487760601196,2653.1223809626385,173.84764397395975,1135.7361977690925,680.9675672361049,7679.226037861328,150.96362433862433,266.1912443063759,189.57826197478096,22617.400703780288,45.82142857142857,92.86658249158249,31.704721204721203,12.617424242424242,14.907407407407407,41.65234086900753,46.61441798941799,9.777777777777777,55.4176282051282,379.8413623413623,66.88280423280423,44.707837301587304,22.675925925925924,40.93009459676126,59.19890873015873,739.9032883102735,681.4302144865225,5.523809523809524,431.8974794778592,48.301587301587304,157.93290043290042,44.89930555555555,70.5166998034645,1.6666666666666665,41.4054834054834,25.641233766233764,2.8571428571428568,31.04251283846872,73.96428571428571,132.3436068659473,65.46428571428571,7.5,54.87576312576312,76.418430335097,4.523809523809524,34.2063492063492,0.0,20.303075396825395,22.795815295815295,51.25811688311688,23.67893217893218,74.79444444444444,0.0,0.38461538461538464,18.06878306878307,159.8560606060606,301.1532691165044,85.66666666666666,15.713397713397713,40.06283068783068,147.6194472194472,2.527056277056277,6.407407407407407,89.53505291005291,20.35185185185185,0.5,7.7559523809523805,8.407407407407407,18.374338624338623,0.0,18.140873015873016,4.8051146384479715,16.324115212273107,4.951298701298701,175.7630958547625,5.555555555555555,7.26412037037037,27.523809523809522,17.779761904761905,21.709876543209873,123.28034767926071,260.5627578420364,1.4968253968253968,0.0,12.200757575757574,14.836734693877549,3.833333333333333,28.75587468087468,751.414669655741,0.0,5.0,12.402777777777777,12.202380952380953,62.05555555555555,115.43425925925925,1.25,12.757575757575758,2.857142857142857,1.0,24.481646825396822,22.368253968253967,7.625,4.722222222222222,7.416666666666666,0.0,56.39055389055389,52.28836718836719,29.50534188034188,133.7609126984127,0.0,3.8888888888888893,12.396392496392497,0.0,61.73148148148148,0.0,15.928571428571427,10.741402116402115,25.956024367789073,6.455320399764844,0.0,2059.6996814058134,28.15865800865801,5.0,0.8333333333333333,214.9345238095238,4.0
3.669467787114846,670.3126984126984,109.04701133326894,7.711111111111111,119.51376198668676,30.07142857142857,587.7401628673149,28.06984126984127,143.35840108401084,1.2000000000000002,8.3,313.7904556944729,8.0,5.180905695611578,68.21626984126983,3.333333333333333,9.755555555555555,78.76314363143631,36.172222222222224,16.019418979713095,156.10515873015873,67.53390878090366,32.91388888888889,70.95734126984127,37.22286769780376,115.18816811277357,11.946778711484594,3.0,20.166666666666664,3.333333333333333,0.6666666666666666,8.776190476190475,4.583333333333333,2.000700280112045,27.043070073557878,15.246031746031745,100.92063492063492,40.95868347338936,17.79365079365079,113.60573593073593,3.442577030812325,41.67857142857142,25.083333333333332,22.083333333333332,5.294117647058823,19.28968253968254,39.12091503267974,100.08968253968254,57.41425868593051,4.511111111111111,9.68380502607547,184.29568494064293,7.429829655439411,21.431036941948367,15.336601307189543,1.3928571428571428,5.0,5.0,49.98592195498889,14.458333333333334,19.948646125116714,226.8958098375904,6.438608776844071,188.92593653623064,57.89420076973879,527.7012374276328,216.9521322241271,397.7999948759992,72.52264239028945,465.1866667457133,924.5043017419054,39.491482771970574,102.99585703718564,212.76863029764752,117.49104580856732,57.14005602240896,11.569444444444445,89.72681725303208,206.69548594050315,534.5417632093488,32.44444444444444,17.364612511671336,20.354111156657783,1603.4800834104972,13.586134453781511,12.484803116648958,1.875,3.9989495798319328,2.5,19.555555555555554,0.5555555555555556,0.3571428571428571,1.3333333333333333,0.0,1.25,7.408963585434174,2.5,0.0,3.7222222222222223,35.93650793650794,42.787173202614376,0.0,5.7595704948646125,21.30952380952381,24.88888888888889,1.5952380952380951,25.833333333333332,6.0,4.289110644257703,4.088235294117647,3.1666666666666665,10.833333333333332,1677.4213055700538,22.25,0.0,5.333333333333333,4.902777777777778,0.47619047619047616,0.3333333333333333,8.083333333333332,17.555555555555554,3.333333333333333,3.333333333333333,5.142276422764228,8.938492063492063,23.488095238095237,8.666666666666666,13.333333333333332,2.5,3.3809523809523805,0.0,0.0,1.5441176470588236,2.916666666666667,15.666666666666666,2.0,2.0,18.69047619047619,2.380952380952381,0.3571428571428571,0.0,0.0,3.7499999999999996,10.555555555555555,0.0,0.0,0.0,17.055555555555554,12.649659863945578,8.0,20.028011204481793,3.888888888888889,6.346713658952446,1.6666666666666665,31.88919022154316,14.784313725490195,0.0,10.0,13.222222222222221,7.6020408163265305,0.5333333333333333,0.0,0.0,0.8333333333333333,0.0,1.2698412698412698,0.0,0.0,13.166666666666666,0.0,0.0,0.0,0.0,0.5882352941176471,0.0,0.0,0.0,0.0,0.0,0.8795518207282913,0.0,0.0,0.0,0.4444444444444445,0.0,0.0,0.0,0.0,0.0,1.6666666666666665,0.0,0.0,3.925,0.0,13.619047619047619,0.0,2.5,293.57146070303963,0.0,3.8392857142857144
26.59581389373931,865.3201524728711,41.12881690820932,32.017954450520236,819.3449628945592,98.09858827628435,686.7288944618251,61.93962039944182,745.3589051451971,0.25,5.514860110710951,2886.4698423353207,1.953125,29.398489446283563,1298.1448482011092,34.72538925857424,131.6745783520745,203.18538457049485,174.32526532368968,16.972290018948755,472.43086500487817,196.6074043558267,104.18020782243839,238.53070496110357,616.6456367908366,437.1691693496398,12.425245098039214,21.302708974390477,22.595036499448263,12.956787260358688,4.679550049684945,55.514078213381616,30.67942176870748,77.72655618721318,142.7510240645966,98.5422671261487,101.58523459222991,161.25738554940236,68.41780462184873,388.2759624200455,57.760089452447644,104.76371148692577,23.720238095238095,51.89884198143127,15.232934840602907,322.203879808579,29.7718545751634,727.3326029040107,175.07417650074382,27.243548366316222,204.7987908081893,161.54892153432345,48.37124433106576,38.06728489840912,22.82644547718077,22.47278253406626,0.9682539682539681,59.549778244631185,79.60442480063223,12.217261904761905,22.132215007215006,638.7337372435172,103.2266406562625,1606.375295804536,107.58728927845293,653.6976031750223,885.1577007710314,1582.36382819559,600.7334849685045,1622.7817127502249,3551.475183884908,118.81501106888794,477.2313334754525,842.8965636997132,293.59563447036567,550.9661943189567,152.04642096737683,496.99030654316425,572.310812048207,1408.6859908070699,116.85803203524897,133.6521600742493,9.232314036725802,4706.4743917359365,20.99576956339727,47.994735015218204,30.31135531135531,19.22982804232804,6.569287802840434,36.28294094751138,12.783730158730158,5.638652390780874,6.053571428571429,40.00949009066269,7.979166666666666,12.180272108843537,6.96458810797046,9.394491129785248,41.143323996265174,225.55785214072338,80.98005011297136,3.9174832413029006,53.81912007227133,95.80492401639017,139.08010620915033,71.66273706452277,0.4230567226890756,2.895833333333333,7.844436612364244,10.523504273504273,19.878974316999525,18.4321923582953,154.55909863945578,114.1139414098973,3.7797619047619047,7.7593370681605975,14.775621233341822,9.0687656641604,0.0,30.609962406015036,4.559523809523809,11.486601691958834,2.0050125313283207,2.028361344537815,18.253559757236225,25.8443198185707,26.480158730158728,0.46875,82.89970137957314,44.81098551860936,50.44175648697707,2.46875,5.714148159263705,9.138912762074527,1.1111111111111112,0.0,26.69403215831787,13.446678671468586,13.008786848072562,8.733630952380953,14.547560690943044,17.677350427350426,92.60290552701267,2.4058441558441555,2.083333333333333,16.77871762740184,0.4411764705882353,6.919642857142857,9.613520408163264,1.7857142857142856,12.650974025974024,8.75281954887218,0.0,5.411931818181818,16.399885522390775,66.6330277725125,0.0,0.7142857142857142,10.71813725490196,53.92575187969925,5.204081632653061,8.384920634920634,0.3333333333333333,0.0,0.0,11.982804232804233,0.8843537414965985,0.6994047619047619,116.41459491143938,3.6904761904761902,0.0,0.0,0.0,7.771219851576994,8.339923469387754,9.527571156054128,2.043067226890756,0.0,24.404761904761905,11.399572649572649,20.31032733575135,0.2040816326530612,0.0,2.2857142857142856,0.0,0.7142857142857142,0.40625,7.0176091269841265,1.0714285714285712,9.81798552754435,38.0980300336918,7.020408163265306,4.647486772486772,2.6145833333333335,388.9544425333204,9.19203169072507,6.2455357142857135,7.0476190476190474,0.0,0.0
188.26936320864772,3975.097400203321,434.1422198787911,172.01806258852181,3637.925595205105,706.5486019009344,4691.548814726467,348.498758232054,2529.7260090822497,22.852971102971104,48.91599604041867,10910.734408460572,73.64942504498426,153.28566574464406,3082.7900370049565,102.64491484034828,469.28630050309107,1274.7944029671378,1192.5935583614921,90.98857189602934,2702.2156246904797,1377.1138349463092,344.60695565561946,1003.9515448666224,2483.1529667007926,1801.468181703188,85.37935696471716,92.62442472853657,325.71753051758503,65.70176156832503,59.153987129141925,424.838555683919,99.26417448292449,283.7630197467078,559.3387955381899,369.31070185547736,665.7180677553199,993.5208871101482,374.4907533986481,1588.8067148598868,196.59849969924565,165.13149277193395,461.17373887593806,37.18066987228171,96.73591865135208,1967.7822091734683,223.8228664445576,4421.382557942694,1104.202244025754,69.60381881154908,1001.8426275148545,944.4040897702919,335.16796249097297,156.79380706761705,94.4894174868246,151.04463328560922,5.37588065529242,235.40997815394098,636.6676500204373,48.10438560481664,71.93711459891426,3785.2029060727928,488.1571080322853,7981.254703464505,1310.621059049199,2588.9920151386564,3670.185990855408,6654.395472251115,2281.4525275550545,9353.2898849226,9632.42167175999,679.2792744688369,3795.6462748423955,3113.9153764689654,2203.7080029277063,2227.697733799088,699.5647886366705,2292.11884847741,2099.3287814748405,7570.890125194893,1130.7521877027586,1081.0862927109408,212.00362044827204,20144.110518095717,129.99323827330792,261.9448726139129,33.50566845148889,67.37966116271069,79.97324276600592,135.2483441654899,62.168981946845726,46.42285688454419,29.641040100250628,247.5560958935572,37.89765680226206,43.950563487844185,57.16606442090188,55.0358393259838,66.98396708497327,3367.735118988644,314.8258734894131,12.130374119344708,298.59777611207335,283.03968047852686,747.5945270095112,164.78400718409748,88.56129111757981,8.59567004632794,148.28051009926256,24.992343913396542,61.548979586518286,79.67248644243612,252.40732879391769,556.316305368608,50.39156920077973,15.210844438785616,49.0143998417599,43.83473330409605,3.611111111111111,186.0264105428837,19.42367195537052,32.28842526754291,1.5789473684210527,21.13266622438449,286.5605430402644,145.35892292190667,39.7596488392928,17.726453081232492,96.23738086042975,82.07283957442627,189.57101602904444,41.290188297541235,31.70688209494324,20.59885178819002,13.202589807852966,5.794677871148459,43.69041800493413,49.449298826388606,45.52513227513227,80.68702731092436,76.69497272593247,55.816037666037666,253.59525474787986,1.5126050420168065,32.89195566435468,23.569223985890652,16.38780195839019,26.21895141895142,34.502656041665865,21.214285714285715,20.80226892990051,21.763464167411534,4.901960784313726,6.119002525252525,57.099036777635845,80.1055926357784,23.498809523809523,14.35332503371719,29.731430477560508,370.4426752635786,22.763852813852814,86.01770009122451,60.27926138708623,16.583333333333332,27.343831588579487,36.7469992129083,13.651773335596864,67.45757261744103,471.27657631883835,22.291866028708135,0.75,4.158974358974358,1.8333333333333333,31.418206975772765,119.91031935900357,15.811202935351542,12.939169000933706,33.441290455576166,29.207535885167463,81.73094948280706,41.96562792499325,60.81004588728343,9.413580246913579,8.416666666666666,5.413324979114453,0.6083333333333334,6.24419714057872,52.891735731373885,14.796918767507002,50.316987321244284,132.29143102482885,31.025446775446774,16.151803118908383,22.42278439153439,719.2421901757386,40.18669529099945,717.5044197897332,36.999957000344,22.305555555555554,0.0
62.09868166250944,1090.8534814620666,156.4359710466654,604.0272437424785,3945.603774980099,850.4911424994887,4383.420071198676,336.8032068246879,892.815817725053,33.559715821812595,95.5888113818095,7302.430092839904,87.70656700146831,106.46582086500817,874.6647161662494,447.8181866257524,222.0751671294319,407.8784871204666,604.6509647449774,443.5204089144791,1395.4708782901025,2957.5086792780253,1051.6636348822467,1132.5751922560237,2650.9402645692558,2278.941571107371,309.51013791731623,169.23068935457673,127.52154528478057,91.57882816666259,34.658400304730804,86.39866944296769,79.19650587507729,104.18457901224853,1842.8758689980525,376.6017057417986,593.2376454269313,908.1374585642038,719.5145632773618,4775.904024577632,885.9043006494618,821.1609202226288,125.10678673178673,290.98885679466036,268.0789961603867,573.074687290166,309.6149508536699,2241.554057183564,3326.6214934166333,496.8923982932555,3189.4772255556136,696.0574696943146,465.7526684058704,369.843680783717,301.8198428653758,169.48211614318978,46.913245756200745,212.35095225196218,1436.604660824871,359.206355057112,343.8531026075618,3440.5303969073493,189.64007821352968,10116.597593767647,1977.1721358428617,2446.9037681488485,4147.288578414433,5934.4070891766905,1269.300900132022,5912.675309577192,8205.39780600668,1097.1842847261637,2766.9378516444854,5086.179365930715,1850.1114080271118,2576.5632094820635,382.187116587383,2372.891279433217,1864.5885191147843,6780.7722085659825,1053.642576439957,617.1508630448734,1760.2610571173823,24263.2328693492,127.06674695273766,443.3132138186178,116.45643708143707,56.84521921345925,84.10881177093583,448.38175446091554,184.77769942092985,69.57650865216654,39.64523809523809,245.1071518423243,85.12047965528173,334.98786426526794,425.4210018969634,206.4830783023316,100.78346612955681,203.66934434336855,983.4755609496949,125.72081821052072,858.1259917260489,138.79032471554032,189.39373354472036,110.17058731932003,37.136882491537044,23.157738095238095,161.7985983089408,298.3872803604036,335.62260092357394,154.07440565969978,899.2479326851176,127.12298601739391,107.8183701976665,25.6031746031746,220.1009450964808,79.65378679962014,28.16197691197691,53.090356277219605,35.891612288196725,44.950146579610866,74.58442434758224,127.00831113331112,37.87847222222222,243.58939893474667,114.29448659805801,6.548295454545455,403.17501657970394,106.7505255709203,475.4403931769517,40.84747823860727,172.19050107470127,253.14497886372885,196.6783103062515,33.65151515151515,77.49452701348305,307.14092981183825,185.37522295825866,42.66958807716635,62.31565371949987,23.96927146927147,112.65937508667717,7.968253968253968,61.927877677877675,80.46414485449573,79.98335553335554,163.87727272727273,566.748364649119,95.68478380085523,33.38238902398566,26.405948583580162,200.71970578327327,157.74480419272086,495.1334863771191,459.7458525916043,26.874568563057405,3.095238095238095,79.20927881642167,79.88179181929182,33.26182626896912,43.59936098759628,48.81349206349206,8.627701080432173,99.35059235426883,51.80753968253968,55.123408337694045,68.73918311377989,296.54149097186547,7.771217357910906,15.59543010752688,89.40531459895786,22.34172368849788,39.94872949179672,22.814809914867517,22.82497034735999,22.92020202020202,65.32473164090811,34.01232101232101,262.02660993690404,45.77378951805643,31.753064395921538,10.473679546260191,6.196428571428571,12.253114866018091,40.84480135249366,13.352678571428571,64.05563921858564,9.21031746031746,40.914124764124765,56.96164021164021,160.67206933278362,23.421240899018677,11.730259324009324,458.2227485173209,67.77130556033507,22.001488095238095,65.49288048552754,39.37247474747475,3.6111111111111107
20.910714285714285,35.51893939393939,7.379653679653679,38.61111111111111,969.3033459201142,113.00712759462759,569.7634476634477,277.7804122047543,347.4656385281385,148.97408863066758,16.977633477633475,945.7374575623734,8.583333333333334,6.002453102453103,0.625,13.714646464646465,35.38534151034151,91.22700216450217,66.39833505866115,130.98929958929958,179.33664437414436,276.1225325736355,119.04015706515706,599.3502199067989,595.0604814054984,323.2194616315584,5.996031746031746,10.841269841269842,14.404639804639803,20.027236652236653,21.995421245421245,5.65079365079365,14.737301587301587,6.027777777777778,233.64020165658096,18.98968253968254,89.33531746031746,495.6706349206349,31.68611111111111,215.00041625041624,42.45225996902826,60.88449975949976,40.77878787878788,40.36704227145403,4.987380674880675,45.78787497905145,21.517857142857142,154.75588023088022,59.2490943267259,22.954545454545457,116.49857781107781,24.125,115.60013227513227,9.696969696969697,50.68943903318903,224.203182003182,4.166666666666666,6.6798941798941796,38.58867521367521,29.458333333333336,11.174603174603174,361.64782287429347,160.1012990277696,1426.4413894071022,1403.6660862889123,160.99269247777312,246.34116947866949,1685.5527884666003,70.22772034728555,1078.2136844092727,726.6861360780066,335.27892042597927,228.8680143930144,580.3499333201919,305.30846377093167,126.07482193732193,113.55101010101009,252.50504670767828,477.39907899834367,1279.9182635198938,828.0930908548186,74.18568653568653,168.28466302216302,4577.296061604655,0.75,15.17361111111111,2.5,5.833333333333333,2.4126984126984126,5.660416666666666,45.03721278721279,2.5,4.944444444444445,31.513227513227513,15.787397787397786,27.216269841269842,5.347619047619048,4.6581196581196584,2.5,0.6000000000000001,42.44047619047619,2.5079920079920077,0.47619047619047616,11.902777777777777,9.242424242424242,8.773015873015872,10.333333333333332,2.022222222222222,17.650793650793652,0.8333333333333333,27.785954785954786,2.2055555555555557,6.537037037037037,1.25,7.322802197802197,43.80955155955156,11.03125,5.805555555555555,4.880952380952381,7.0,34.40873015873016,3.958333333333333,0.3333333333333333,11.416666666666666,7.259259259259259,1.6666666666666665,9.799603174603174,1.9047619047619047,31.74722222222222,0.0,121.65079365079364,11.85515873015873,10.166666666666668,29.449404761904763,29.18792989417989,9.777777777777779,0.7777777777777778,6.176587301587301,9.194444444444445,153.08441558441558,5.285714285714286,2.242063492063492,0.7222222222222222,2.5,5.305555555555555,2.2222222222222223,0.5555555555555556,7.708333333333333,8.412698412698411,30.917989417989418,4.439560439560439,15.736291486291485,8.583333333333332,2.083333333333333,7.5183982683982675,1.5333333333333332,4.328282828282829,7.698412698412698,4.583333333333333,5.0,34.49134199134199,40.81600529100529,25.1031746031746,18.03937728937729,6.773504273504273,0.0,8.72420634920635,11.46329365079365,1.5656565656565657,0.0,3.4737762237762237,42.9646164021164,59.80952380952381,0.5925925925925926,1.0151515151515151,6.45952380952381,8.305555555555555,13.044184981684982,8.333333333333332,12.895833333333332,0.0,0.0,56.79136141636142,8.125,5.0,1.0,6.666666666666666,0.22222222222222224,10.81382275132275,0.0,0.0,29.050294612794612,0.22222222222222224,5.625,0.0,2.0,4.583333333333333,0.0,495.8679653679653,13.696428571428571
3.9534007659007657,14.129785674953741,9.846382657746293,86.61624135941614,486.91231539147526,150.88427403370568,891.9056442648658,36.29028940459422,283.4717935413645,185.20443858331427,141.36333088411092,1967.0710494840582,14.56965761511216,19.20759768553886,7.5966386554621845,25.863650238650237,8.57242883379247,137.4770149011635,87.25751371091928,116.72694711532962,523.1858204062906,765.5915666335168,213.63182900712025,383.89479910527467,311.155453311144,868.1675983831119,57.65754037629037,19.93276062173121,3.186253561253561,60.183340110979984,25.591269841269842,3.9213980463980467,4.618685919343814,4.354359925788497,231.47171090903376,82.85987253487254,211.57376466350587,64.43115438235759,52.754978354978356,816.0449127765447,209.46416528864546,50.3071234692224,37.604031997414346,79.80090010504449,23.892183302686497,76.224276540453,11.922529342315437,99.3524517372111,388.8187647286155,66.15570981207345,139.44688359026594,26.46956168831169,57.442810022221785,16.144383394383393,46.904324188115446,132.77386869321174,3.5365079365079364,27.01584656084656,180.61460778773613,38.073211875843455,32.23172198172198,617.1476212866532,90.10350453801793,2609.193126412146,1535.683830656716,434.37092498194016,381.34336856722155,3424.000930819227,108.61144785049005,765.2442094219637,2824.826717942814,235.19707848185797,607.3246711235101,937.9249701364582,395.7826470925912,864.2902944015156,207.16518475980155,252.4154984096843,471.09127327468167,1343.065577447121,634.0344109548178,119.63098994869131,6113.680172570297,9240.11978704952,8.692640692640692,37.04989618224912,6.617424242424242,3.0357142857142856,2.5,66.49732466483803,42.51108020806163,0.6260822510822511,3.7973856209150325,378.37007975896114,15.750878271195608,39.20583326366166,41.69766081871345,6.687894673020723,34.996654661128346,1.1245004995004995,265.1670190803594,26.334826966405913,165.74247270442922,11.76783896275003,17.9460999240411,6.613013594592542,6.57142857142857,3.2583333333333333,29.00792748917749,56.536297036297036,3.7208853238265003,2.3367211071756526,49.552287581699346,12.58080808080808,8.461167800453515,9.496574014221073,13.49846681096681,32.78658785648202,62.27375921760948,9.144759281122917,7.793608016928175,1.4393939393939394,1.3636363636363638,9.791666666666666,11.064373126873127,3.116883116883117,5.994949494949495,12.572150072150071,75.15648289618878,32.09289321789322,70.61091563665093,14.708333333333334,7.99392420445052,25.60868424504788,76.29183960721394,5.34018759018759,11.080021939705734,47.00532685794834,15.322809135309136,0.5042016806722689,4.428571428571428,6.798611111111111,14.476880826145532,6.932359307359307,17.914252414252413,63.36032082890372,6.2272727272727275,1.5,15.565042100756386,5.764705882352941,25.356075604796832,1.25,31.46769896769897,6.1119047619047615,16.952402172990407,32.887550194903135,12.226457752773543,1.8181818181818183,0.47619047619047616,0.0,5.339285714285714,38.416838553603256,8.435441370223979,13.25,11.969251336898395,0.6926406926406926,37.33195844559481,22.615918803418804,0.0,2.2088744588744587,0.5,83.17266435953049,53.818132496731565,10.698412698412698,4.199675324675324,13.416080558097365,9.707107435048611,11.289954165358049,2.272727272727273,0.0,7.290764790764791,6.589743589743589,28.607602364955305,1.158008658008658,156.83668631627557,43.36846060093898,6.394406247347424,6.2936507936507935,33.494194532588246,25.506705712588065,2.5,15.629387398103976,2.747284878863826,0.992063492063492,41.992176585846664,9.678571428571427,0.0,0.0,11.666666666666666,38.867881602401724
76.4024621739534,1707.9464162082193,513.661517215155,328.2683407665606,7598.532791779709,466.2162108178538,2143.108077468158,20.81650125760033,480.77445252569737,9.558262108262108,4.608946608946608,6672.575640275621,24.933851869378184,20.616323953823954,718.3048532736614,44.14719374193058,145.06878793720898,253.1706112801314,622.4427255006202,10.387256018834966,1142.2072499829,843.8450957904698,195.38298304668757,717.2197849463228,2440.077557716837,653.6226608097714,50.20223351697036,35.954618398839244,103.80994120402015,22.960816563467493,124.713949013949,190.26401147585358,14.757309941520468,234.73177886784697,269.39750408785494,587.1473153795522,312.44841680858127,395.236806515984,220.08928583456446,648.5835094240261,95.90623655097339,47.535049373284664,63.88420806919259,21.80453475286011,27.85095238095238,1016.6796911406725,25.133634591529326,1305.5526938878747,645.5372612509609,31.486426536426535,303.64363583756,200.34860256702362,212.20869961018735,69.05309485835802,83.42887482553375,186.4421046146419,24.41467192937781,113.42142952077162,237.73081085151517,30.490811965811965,48.09118350880477,1514.8425747483798,121.95055604583467,6099.867299530675,1395.9952770251964,1686.6729025075097,1128.4614520606751,4105.487555276375,2230.0774107029724,3907.535038797567,4400.059160491864,1217.1293376923463,2304.6111984537747,2363.3534612958665,967.5025626587417,722.9846237843714,443.0359342660168,918.5264802198958,1040.1590778806494,4599.222516317517,602.6749135388023,813.0212502980398,129.96062787607053,13157.036714902555,56.27374392177023,208.05292508011806,12.985779406161242,29.32713380673907,19.910448469658995,127.8111746278413,112.26181987946694,16.76904255588466,23.662593984962406,74.89162932583986,48.08326907011117,75.54920284393968,49.38401072611599,9.873547505126453,11.554321409584567,1100.8389234609724,85.16555186667968,15.175282234105763,807.9629586683158,105.06498910446278,296.1296724161386,43.07189067955322,31.660512752927612,6.589659494845254,349.33981231302516,45.735624958212675,7.317916002126529,260.5762282924048,4.090909090909092,300.83845957319255,19.27742968532442,3.237585943468296,70.40935191351858,55.06265557359308,3.261904761904762,50.22561604202471,25.14271560443809,61.07328023828024,9.526315789473685,10.81453634085213,102.83764671001514,48.54229658370525,62.824929971988794,17.745607333842628,111.7081130370604,41.810076960076955,218.41926280243194,25.966853408029877,0.9473684210526315,58.50835101717455,21.087015653192122,8.692577030812325,23.743006993006993,10.037280701754385,21.042422232050715,21.581746031746032,5.919242550821497,64.24892711455212,99.48077358466935,1.469123033828916,10.83876357560568,39.416008882892,12.251851851851852,34.47598605098605,9.060481331533964,8.685496420790539,11.791311486357925,3.2507974481658692,6.3864962651727355,1.9191919191919191,11.982932880959197,30.14517353991038,31.174337899802296,9.572517896047307,13.871679197994986,230.01336485152274,89.96233766233766,22.365093021014072,172.13011080715208,3.0,112.08631508547475,31.18856262109103,27.928429957841722,138.66071663067277,1186.3725686794571,14.665945165945166,2.4803226608782163,12.41602564102564,1.9285714285714284,9.193476114528746,43.7422913343966,177.32354350896017,8.339342574636692,49.350663364761104,7.373604465709729,7.5173558897243105,31.656310201666237,20.734166133739997,0.0,0.0,4.20843776106934,24.347967772967774,2.6363636363636367,20.21726665147718,6.040955776249894,10.846757044125464,117.5880205564416,21.82664557664558,2.7344054580896686,7.087301587301587,248.1496178248423,22.910569105691057,95.01775271512113,1.0614035087719298,0.0,0.0
45.361002886002886,2585.0119883434704,138.8004346153752,182.9550615449915,1804.6359286407062,511.9679532212427,3037.3149632070326,87.9375,1414.0495688991064,24.349025974025974,19.72989040529363,6835.716772239477,106.525,42.38159983291562,1024.1407655765258,31.218984962406015,123.23238881216822,204.02882990397114,723.6475197194569,76.08333333333333,989.0712842906148,1554.3094984019756,327.67456591544027,241.9364152126249,1964.011571544736,1721.982854762989,183.72794117647058,113.61576617826617,136.65811079601403,52.90760971055089,3.333333333333333,94.21967020051385,23.398809523809522,111.31704598506069,244.50286210975617,53.60794413919414,151.4332264957265,463.1940261192196,13.608630952380953,880.8942732439835,97.81877917833799,26.81806526806527,160.62896825396825,10.0,133.54182330827066,1249.4462296255128,24.770833333333332,1653.7683142688838,456.1822888197114,58.49634502923976,314.247294442099,104.7581755050505,120.24350649350649,62.18014705882352,57.56048387096774,86.15003052503053,2.1825396825396823,84.76006499090865,823.2405051542731,57.55833333333333,95.74335812037424,3117.380154040742,227.70728869929408,3626.5174655805554,723.496712583427,3397.608480142749,981.7462382781353,4479.393037611157,1684.2349671547395,2560.0748816985433,4981.972417938731,500.5913771132936,2547.349039917147,2155.8244499206407,940.9179240526277,1827.7028348517597,248.4785092819367,975.9228108707598,2196.2124894712438,3326.375986311939,346.77935564718246,752.4464401413998,305.02939924817287,13944.602684353622,49.33482142857143,132.38139270859858,33.46825396825397,28.689950980392158,18.376984126984127,15.125,19.017857142857142,13.657329877724614,4.00297619047619,35.01516846514912,9.937910524011093,38.409774436090224,16.916666666666664,32.97714424951267,28.458333333333332,1210.3961487060267,118.91664349462982,1.6768817375435023,51.65540271132376,53.329365079365076,467.2740881877979,64.08006291810472,61.87067026540711,9.51388888888889,9.283730158730158,57.09602815485168,7.3125,98.20951617826617,695.8442947927615,321.90127245475543,26.065531475748195,3.7499999999999996,94.05565064735572,107.32571010860484,1.1111111111111112,59.04861111111111,17.916666666666668,37.88919413919414,0.2857142857142857,9.553571428571429,66.26248685202826,0.0,0.41666666666666663,0.0,10.625,18.333333333333332,75.89176855827148,9.427083333333334,44.10765460030166,33.515151515151516,15.84375,3.6111111111111107,15.0426267281106,9.392857142857142,37.27704678362573,5.729166666666667,35.129960317460316,105.21339285714285,164.81657860113742,2.5,31.923088972431078,0.0,2.8571428571428568,2.185185185185185,75.2338285229202,0.0,2.5,23.5172691343744,0.0,0.0,25.308373917748916,9.117063492063492,44.541666666666664,0.0,18.781179138321995,59.00568181818182,0.0,26.28429684115168,3.9285714285714284,2.0572916666666665,1.5625,5.7351190476190474,0.0,11.38888888888889,255.08565209473716,15.913220551378444,0.0,2.2222222222222223,1.4166666666666665,8.473214285714285,120.16282894736842,8.333333333333332,3.5416666666666665,0.5555555555555556,29.375,6.974067599067599,12.29123164417282,41.63920063639491,5.0,0.0,0.3483709273182958,0.0,0.7111111111111111,0.0,0.0,40.818556808688385,28.69097222222222,0.0,3.125,32.20833333333333,198.87214027157913,9.375,54.77777777777777,117.66666666666667,7.1875,3.333333333333333
40.143852447963354,866.8469865526113,372.2205069789136,880.8956991746904,4208.24129116688,1013.3163461031666,6397.767693804186,2634.929138762215,2452.9545285350514,8280.082882053639,568.0706048174584,21627.35078073945,120.87674270672642,61.35900118400118,142.44769749366523,164.56852441451227,437.00396584594915,3376.799203190702,683.6845820632353,1739.8185938500778,3016.297761147948,4990.193894153637,1346.0962042713559,6750.651141713084,6241.031793296289,6843.85004796838,354.20806423651686,94.5888128088672,74.15900614330327,291.25734613341734,270.2351851952395,50.31766885075709,591.3505468005297,81.5172085523696,1641.2605493415513,517.6018435161043,5018.607358951389,1460.08551283337,450.95264039079825,2254.6120099690734,534.2339106210151,446.7787686466616,837.7856798666039,1073.046487776955,73.54515135231458,360.5175622609231,156.36672240757488,579.2154333310963,564.1411161492196,280.8605307194371,998.4635061975167,623.7227989792767,765.9728942970536,119.53496503496503,706.3998150021537,1190.8010453816014,49.56130233071023,137.41186996308912,461.0285026201404,226.4908883278876,592.4253272369219,5016.893103284137,1887.6574984063975,17330.31491496151,32576.079288755845,4302.3809899151565,3632.5698166706006,23435.77139505621,1083.0093221364734,6927.215907582654,19078.775913681013,2661.1882115156936,5258.153262658142,7211.965770601732,6964.806937616272,3287.4909113113226,2005.758962062537,3422.973456812998,2424.7753594422334,17939.747084805484,4197.924091088248,1210.7954782925988,18814.568353443552,107408.09170693046,41.18900543900544,207.22692045380438,36.26513764013764,23.671212039155588,32.066544566544565,401.743598178377,550.3085401394974,7.442946351034586,11.697365270894682,909.4240764620914,63.8798908186657,380.8615762557154,98.723542520387,428.06466218484,105.7684494699085,46.331019088819836,377.9378601904792,399.5196786875567,233.1585111696821,25.796498182318338,38.50937229981348,27.612991261173622,45.57790346198515,134.46435588764356,758.485643303625,135.43655267562755,439.84721853306564,35.41900684871414,660.8876553223396,20.522837725140356,209.97117200445874,250.36515456140802,116.37201449865923,114.58371490977893,387.73773726273726,17.745639963381898,352.0159493488022,9.785492285492285,13.192196692196692,45.36138861138861,10.122870793923425,112.52898762457586,530.3830933882052,89.98365970256037,192.19592032411467,127.39827019385842,954.9420885270762,155.66986430447056,23.358806226453286,97.90819466481231,473.1699890936559,186.85001156251155,133.0844496377523,248.5880655880366,75.10456995909583,210.8717066983196,67.46955750801904,88.8587311993562,60.000590240291125,370.8451859863753,51.45965420888022,511.07516440674334,397.3018489235972,96.14399489399489,97.20136416631729,156.44771754051672,136.4432286067506,17.688991563991564,174.7140177811431,138.18479706567942,64.1224873047937,80.97174525579308,236.1363239777281,156.5806277056277,5.455350205350205,33.890588578088575,232.09838772338773,186.24088381661912,603.6919677972363,314.1079261132595,233.75750517255935,6.059895833333333,227.02999745352685,149.67818979109302,43.02559428875218,11.148446311752764,114.04863916742474,2465.650408273649,2120.6962087815054,7.8899711399711405,41.14840088227185,102.7760827348961,139.3379011375335,350.68104968013625,50.86888111888112,66.54834401709401,28.307239819004526,15.295472756410255,411.4147277980295,98.8482350982351,973.9927701149729,390.9592074497877,43.42442696192696,4.337606837606837,401.71216869069775,18.104907510789864,9.075757575757574,254.3548470506747,18.465905147484094,52.128063289355104,26.80611840442403,1.6089743589743588,12.916666666666666,114.67338217338217,1082.915018637287,1387.2390364541159
34.77020202020202,470.20786239903885,286.8947543923034,164.82704142262966,2189.7112651236694,548.7388103306646,3280.5791582242055,491.66101121006966,669.7724060287013,854.0307765655988,155.90874768506347,6585.663541312223,20.177045177045176,20.511904761904763,87.58934583934584,107.8119658119658,172.0228475228475,471.34396932616744,343.4545408295408,417.13306592153003,1279.6178913290457,1827.3600590638387,519.1770685774169,1301.7848381832614,3761.958400919775,1559.2485264011132,169.35241056583504,167.73630580888644,35.368608074658304,127.6282934508741,78.60629892982834,37.197811447811446,26.366013071895424,62.98575617325617,1051.5601107019638,59.5025960451657,1071.551456023424,351.2066274321176,166.05398028416963,2653.912099425915,693.2225135488293,190.41374311962545,160.18482832956516,57.3980762594893,144.75392180283484,187.17943167943167,77.26190476190476,478.51430976430976,870.024742590919,120.16439342984997,397.81711464588176,270.7052528234936,231.50912975912976,64.62587893344472,141.42780972037937,225.45956407426996,18.9259768009768,81.12544228982586,438.5050124167771,55.05428367928368,231.608757981307,1686.2968052778886,351.4300545545138,8538.82021694811,4297.680163720483,1098.7818544105437,952.3078425810811,5331.814872996231,892.7623809285119,1798.790575459604,6278.980373211458,722.0145380791665,1452.4545915350502,1835.9734748803537,1479.034731186249,3181.485693842682,533.9683895853235,1297.4367928847923,968.808526317537,4559.935030673523,1118.9675393262855,295.8240195715686,6336.98091316369,25548.566344452734,37.07509157509158,119.16003441003441,2.5,21.12851634625828,3.261904761904762,326.7833573661747,196.72736985236986,13.761904761904761,33.78373015873016,351.3859647755964,48.68783068783069,257.84540482194944,170.47988122988122,134.7494302385816,68.52515169847294,168.63416213416212,345.91633864433027,80.56782106782106,425.84863763574725,16.261904761904763,132.81594794094795,54.059438927085985,24.317099567099568,15.621290545203587,35.255494505494504,132.60484526931896,12.293203371970495,29.333333333333332,172.1642275349172,41.861111111111114,50.27386502386502,87.21897546897547,123.77043558293558,36.08333333333333,150.8139083139083,11.416666666666666,25.166666666666664,10.684523809523808,12.685185185185183,36.53113553113553,25.40909090909091,0.0,95.42857142857142,26.055611055611056,91.18022663610898,33.439153439153436,347.2468260155028,24.52031302031302,46.51896059593428,139.08720446220445,78.05267281737869,105.34299469593587,100.21645021645021,100.41327397990194,68.30128205128204,19.50036075036075,35.32738095238095,24.047619047619047,178.54617604617604,18.780144806460594,12.583333333333332,115.1506549006549,75.20748841801473,26.285714285714285,157.75018748393362,69.68614718614718,48.47644018094837,8.452380952380953,46.275853775853776,46.0975135975136,108.42433218749008,154.75540064970843,13.548701298701298,26.049783549783548,15.86111111111111,5.0,44.83382140735082,31.759663042271736,23.317460317460316,21.34077034077034,14.239010989010989,5.714285714285714,47.76693628009417,48.978603096250154,67.09004884004884,2.3958333333333335,20.69642857142857,250.82307771593486,101.13054751406145,17.25,23.908730158730158,11.746031746031745,18.61111111111111,43.34903397124697,39.361111111111114,6.583333333333333,6.702075702075702,25.404761904761905,151.7300616050616,17.51984126984127,148.7098942864663,39.34804815067973,2.5757575757575757,8.084415584415584,49.157647907647906,18.001221001221,11.987484737484737,80.65596331772802,29.621794871794872,22.916666666666664,91.9534632034632,24.73739495798319,15.238095238095237,51.61111111111111,35.56442005706712,104.89931900769496
5.110722610722611,72.48611111111111,48.5281339031339,45.29644660894661,161.13372044622045,9.79522792022792,157.24804918288962,23.61938500096395,78.22674501424501,155.16856085720562,5.694444444444444,1153.7795030679345,10.833333333333332,3.333333333333333,9.45679012345679,29.842587967587967,4.833333333333333,35.4228440977667,21.97039072039072,137.3496123741267,75.69097055180202,68.08029058258013,91.23244284057873,378.2309046302854,613.4899820767467,207.42526075490946,5.60693330362448,1.9369172494172495,0.625,3.3031031468531467,2.083333333333333,3.333333333333333,6.892097264437689,8.75,26.24594645550528,14.664902998236332,540.3075304382396,26.847846597846598,32.87698412698413,31.52947746697747,1.8614718614718615,19.083333333333332,26.786541167527144,623.0461762967568,0.8333333333333333,5.333333333333334,9.37037037037037,32.04184704184704,6.154401154401154,6.136363636363637,60.79483479483479,11.68674136321195,164.0584831834832,9.816197691197692,35.84033421337246,26.26849441408265,0.7777777777777778,6.702380952380952,38.51443001443001,1.1363636363636365,0.6946386946386947,582.6273027654606,78.80557677616501,430.0914691965464,2019.177344102376,362.3381928355333,672.9299883696168,1241.5250818128898,291.7160296479518,1068.8927185947484,1655.452768684588,68.04113250858163,376.36795226368184,372.7705805904335,143.40582648974592,164.76903651903652,26.87847222222222,168.1032121473298,115.98818980726875,2761.354794742417,377.51205044955043,24.73038073038073,315.4408584001386,6202.674641566302,0.38461538461538464,2.8472222222222223,1.2142857142857142,0.0,10.0,33.7037037037037,5.871212121212121,0.0,0.9259259259259258,7.058572146807441,3.8247863247863245,2.2053872053872055,1.6666666666666667,8.134920634920634,3.333333333333333,8.933333333333334,29.625069375069376,11.07103952692188,6.25,1.1263736263736264,11.777777777777777,2.833333333333333,9.133333333333333,6.0,225.2960189691473,6.117647058823529,0.0,4.166666666666666,16.62037037037037,8.873015873015873,15.803030303030305,4.442209189549615,6.277777777777778,0.22222222222222224,25.0,2.2222222222222223,13.724292615596962,0.6666666666666666,10.701987406532862,0.0,0.0,1.4285714285714284,0.0,2.708333333333333,4.166666666666666,19.003080253080253,26.709720834720834,4.5,0.0,0.0,7.197075800016976,18.264069264069263,0.0,1.9507575757575757,0.0,3.333333333333333,0.0,0.0,1.04235347985348,6.344666066256975,0.0,3.333333333333333,9.030375652716078,9.761904761904761,0.0,0.0,0.8333333333333333,0.0,6.765188834154351,17.471861471861473,0.0,0.0,11.5,3.9583333333333335,2.0634920634920633,10.76923076923077,13.787878787878787,3.142857142857143,20.208333333333332,2.4567099567099566,17.401960784313726,0.0,3.3333333333333335,0.0,0.0,2.2222222222222223,1.1964285714285714,52.09722222222222,45.7107991409462,0.0,0.0,0.0,0.0,2.7976190476190474,0.7692307692307692,0.0,8.472222222222221,0.0,12.511904761904763,6.222222222222222,12.685185185185185,6.343434343434343,0.0,0.0,1.2698412698412698,0.0,0.0,0.0,0.0,0.0,0.0,0.0,0.0,0.0,19.357051516258675,24.728535353535353
5.2243589743589745,30.48801490906754,14.258250311332503,110.83686406186406,284.27539795313766,56.19785782457015,746.1554509670948,32.624363243227656,329.427907000407,287.20064988130775,31.1547619047619,1364.0396763057022,1.777777777777778,19.80026455026455,1.25,30.37008362008362,8.792857142857143,171.50058442318715,115.78888888888889,111.84493746993746,377.0912143412143,614.525508788597,151.51720127095126,565.151524978066,691.1014345940715,367.2077327102459,56.80631240905213,15.997017537257262,11.920634920634921,32.61339198435972,4.343253968253968,1.7626262626262625,18.88095238095238,3.468253968253968,196.2524380031733,13.579695767195767,236.39109849845144,153.15418803418802,30.82089947089947,460.60277777777776,26.886870503003223,41.55304325304325,84.11662319162319,45.70439976689977,3.333333333333333,12.785125206177836,3.2738095238095237,63.3311862668027,144.93172976261212,11.686507936507937,163.29805148555147,29.563492063492063,68.25635568135569,1.25,98.71188071188071,163.0696432652315,1.1111111111111112,7.719696969696969,15.328282828282827,10.8,40.766666666666666,460.535481305858,95.10988455988456,924.9633878696764,1714.187271504389,401.03763639957396,308.67477993139755,1377.0713205468398,40.34588744588745,729.8402395885881,1094.8145198679013,222.1775974025974,785.926919002745,369.6791183828855,764.4386785138398,195.76016249282378,171.44383089677206,335.12612295112297,399.44011039699893,1418.1323054929521,320.91626565155974,150.43938561094907,267.90553391377426,6001.280498780823,3.1666666666666665,3.0634920634920633,147.71666666666667,11.466666666666667,0.37037037037037035,54.082723948165125,28.81060606060606,3.111111111111111,0.9259259259259258,33.50496942062017,8.0,48.732804232804234,41.43488455988456,54.99366828561875,3.106060606060606,0.0,63.285353535353536,32.69397405426817,5.12962962962963,33.92887667887668,10.317460317460316,10.7,28.43310023310023,1.8652089919213206,14.079545454545455,12.916666666666666,33.08686125965538,12.125584795321638,9.069444444444445,14.0,46.26190476190476,15.434523809523808,12.304456654456654,2.7559523809523805,33.45887445887446,0.0,46.45333333333333,3.125,0.0,0.0,2.0,5.0,7.547381841902389,4.386904761904762,17.593045843045843,5.029411764705882,57.68204573204573,0.0,12.021475256769374,4.965367965367966,33.73935786435786,6.584656084656085,16.16190476190476,65.14902382624985,2.9166666666666665,10.555555555555555,2.2720797720797723,2.909090909090909,12.969696969696969,14.142857142857142,0.5555555555555556,21.48989898989899,52.78482295482296,5.833333333333333,13.045370370370371,36.462184873949575,5.034844240726594,4.476190476190476,21.332539682539682,28.333333333333332,1.3333333333333333,0.0,16.666666666666668,5.0,16.61904761904762,0.0,34.37770562770562,24.893458393458392,0.5,8.952380952380953,32.767082590612006,0.9761904761904762,5.619047619047619,10.0,3.5277777777777777,1.714616402116402,2.5,103.07872815160486,53.50139615286674,0.5,11.25,3.095238095238095,1.6857142857142857,3.3066933066933064,18.05128205128205,0.8333333333333333,0.0,1.6666666666666665,66.64275466884162,3.6666666666666665,52.46249390456287,15.482517482517482,9.771901709401709,0.6767676767676768,24.258297258297258,0.25,2.361111111111111,13.076262626262626,1.2142857142857142,2.3809523809523805,0.0,0.0,0.0,5.458333333333333,47.714452214452216,103.54378905408316
16.67413935271078,95.69439356939357,31.211170142988323,639.3804570873554,562.7149446078495,259.4004894411834,1459.1125013504495,53.10620966648635,569.9845298241497,175.88113357033748,70.88847924562211,2770.2176263930937,71.0243655313365,17.764550264550262,117.66770212358448,76.11949733273262,41.075469652934444,110.96353937188651,345.9715072625787,133.85382025803,571.3300149080611,1529.213411035544,445.33707742297315,794.5887576228486,1276.526012185826,669.0607530691739,148.08438798596362,20.242982621243492,19.159663865546218,31.370119850340288,127.26468079015473,11.251595626595627,13.912863756613756,17.4389997628634,535.2108146054637,107.00992035508843,559.4423017317322,67.42357089759687,111.85988113193996,415.9385710791345,81.93601896224077,70.89717353353717,110.30323950092857,177.86635242008532,16.930713419937817,97.97221231149803,668.038243059272,162.63024966448276,285.05147305164394,77.49562974693006,369.49615364793937,15.201762523191093,628.3015851879754,87.18117398474541,323.3991639737056,124.34495252249397,2.8504828504828503,9.156392496392495,264.2032426255171,49.70813908313908,265.3691101611558,1643.5998473356265,60.451461915277704,3705.70681664747,2265.9612072150017,612.9366744850968,2519.344036164541,3866.717921513259,562.1472936515144,2296.9417045177065,3021.918599992504,870.0086240665057,1430.9098152820316,1667.4016360766673,565.4359871689026,960.1109136497944,377.3933735346657,534.2798227798991,950.8301466287102,3006.0463630011964,1032.1642596337501,711.0491418193187,2381.776888577206,10419.360843607119,20.27064800279086,10.167055167055167,29.840118215118213,3.315018315018315,2.25277368134511,591.3214019228775,192.8831612831613,5.191475191475192,1.714285714285714,92.31427840285983,16.611428915000342,457.55788788268717,25.149453720882292,52.83892107892108,19.86834581294997,1.2428702250130823,161.63857611149135,134.1465598671481,105.62144231429946,8.422274695001967,22.859049523993132,6.29563492063492,5.051373626373627,21.218123146694577,173.42567789335837,31.514068509364495,20.484848484848484,22.793074530087516,13.75,15.57142857142857,24.648850482281677,6.8,85.85710537026327,38.51887566181824,118.70039682539682,16.353174603174605,15.685536685536686,15.329991437134295,6.953856749311295,29.86111111111111,0.31746031746031744,0.34090909090909094,3.5754985754985755,4.522727272727273,227.9569940937975,109.97509800141378,71.07488471124834,1.9047619047619047,3.6666666666666665,59.73499283163149,635.2070914934827,25.309634809634808,27.179966217256133,15.826197267191056,9.40079365079365,0.0,9.582155939298795,16.742502924034625,35.700827036068716,19.29083250614351,13.382335257335257,252.54357732467778,37.4520202020202,68.84766622266622,6.095238095238095,12.631646131646132,2.7737962520571218,1.507936507936508,173.38189595998037,26.888172938172936,16.304639804639805,90.04152500076412,99.17577863549731,5.0,1.9696969696969695,2.8703703703703702,3.9292929292929295,36.45933985093649,71.31313131313131,9.936683764414857,112.35212703962704,3.0769230769230766,93.20021922521923,221.82022062904414,207.04438200004702,6.1014283335711905,23.696617108381815,78.03735244235733,129.3199643493761,0.0,18.408730158730158,27.884199134199132,2.204184704184704,33.80266685695257,5.0,9.307387057387057,6.142290249433106,22.29095904095904,55.12087912087912,5.553030303030303,60.97890859140859,114.70443546463284,1.298701298701299,6.673044217687075,15.488428793428794,1.4986263736263736,10.028138528138527,55.14141414141414,6.351370851370851,0.0,7.375457875457875,14.615199615199614,4.285714285714285,0.0,9.909016636957814,38.52558857551117
47.838877934930565,3056.0116952639696,716.178090126439,517.7954235411053,4207.413283187764,506.897830138011,3134.034842688492,140.63930051430052,3817.972086535679,70.58227199531548,27.29237134918953,11961.33653127209,120.5188492063492,81.79251973516679,1224.3605749356136,122.56133101348412,138.3847532097532,235.43822680587385,1022.9857905645795,43.08306878306878,1741.5494568534498,2063.493554839107,1260.1404183311433,1282.5998804801322,6805.262867151536,1727.676861380903,221.02930376317335,101.54117364117364,204.18189442757296,115.78039215686275,8.558123249299719,176.72434368750157,63.796587428166376,89.664549929488,398.982200469321,431.3387027446238,281.5099738108319,463.29815394773044,68.31769872639437,1292.1237604442804,474.7209721301108,59.169408369408366,67.38140508728743,29.34906869446343,40.090314777814775,1397.1020347738872,52.259469696969695,2290.7554451833657,814.3691024829349,100.03655603655604,464.363814190735,194.38149634810384,196.74636817183608,42.201752645502644,214.0869178634594,422.70387390190274,8.88888888888889,266.90328282828284,599.0536346635664,3.871693121693122,186.9578251102374,3440.9626717984547,211.26780018227387,14096.380772399192,1873.2619762108834,4850.723503035538,1926.0496934319692,4032.8116546329325,7300.22625046992,5045.445024555291,16886.639009740684,1392.9024302173254,3294.924139459182,2798.213514208545,8628.076949234659,2547.641473935675,1370.7932772756044,3203.5967836729833,4276.9027065749415,7703.408878059945,807.5908324415922,829.4964132079124,259.8641238489182,35275.32691832875,54.244528619528616,184.6123136123136,41.5436567789509,112.2364399260297,34.08976671476671,136.6888325269007,71.09524870554283,24.61868686868687,52.11607142857142,134.3619195308812,39.73002693491415,96.20936915586039,23.660453303310444,17.38179012345679,50.76722901158991,2996.257890413268,639.5242894673197,10.079365079365079,211.56401601044456,96.84588744588744,601.5579225048367,88.42949642949642,252.37260607326397,14.845760233918128,111.82647907647907,57.730692918192915,17.399801587301585,175.33323910494963,86.76851851851852,387.2405030140751,72.39888379594262,10.218915343915343,87.25648398318853,48.71093875260542,3.766233766233766,27.100575512856214,39.22616272616273,100.73888279476515,3.0370370370370368,2.9360916860916864,59.566308447887394,19.962962962962962,30.392857142857142,34.16978609625668,216.99630738007932,22.82738095238095,190.6916923627121,46.577080327080324,10.81712962962963,110.10111416361417,49.03242931532405,6.037037037037036,32.98119854002207,52.37009734093067,42.893483709273184,17.03015873015873,18.746170983013087,116.35215763072905,111.62722934291561,0.41666666666666663,13.516835016835017,39.65554925673973,5.655555555555555,7.748901351174078,48.44960826210826,4.082321817615935,23.013054037644203,26.56542565621513,2.6018518518518516,3.3333333333333335,31.919943482443482,38.51499928762372,11.984126984126984,5.395061728395062,26.673556118678068,131.76170245794304,6.5396825396825395,96.94686354542492,508.7188723974438,18.285409035409035,76.78799652728225,22.25036075036075,28.78769841269841,128.22421311631837,294.8184915932594,43.794642857142854,8.76763587289903,6.608796296296296,1.527777777777778,12.48394660894661,97.98248462064252,46.79206349206349,1.2962962962962963,63.85359300786932,0.0,28.450727513227513,113.9733705836647,17.706601965855214,520.0184082892416,0.8333333333333333,7.9124895572264,99.5166847041847,0.7142857142857142,8.929112554112553,16.34160052910053,23.23702686202686,63.43226911976912,10.300595238095237,4.583333333333333,27.10989010989011,250.0385454731857,10.251700680272108,270.7761497761498,32.888888888888886,416.91287878787875,1.7824074074074072
20.75,357.5429487179487,412.23493867243866,45.67857142857143,362.6285668035668,22.944832944832946,738.7301957301958,41.7034632034632,248.42415362415363,153.73605098605097,16.0870879851143,481.889065115168,3.557692307692308,8.428571428571429,5.333333333333334,14.762254901960784,99.35103785103784,84.71581196581197,42.722860472860475,104.88610898905016,161.4047619047619,141.15154660154658,92.1547138047138,488.375814000814,825.4208255660461,397.91017372267373,8.083333333333334,3.5613275613275612,17.916666666666668,29.355158730158728,23.09090909090909,12.145474351356704,35.21356421356421,2.6666666666666665,64.26443001443002,8.88888888888889,737.9307634373424,140.0064935064935,37.26923076923077,111.19864394864395,84.42857142857143,57.26282051282051,176.95238095238096,103.36457659987072,1.25,37.80348306664096,2.1978021978021975,71.21367521367522,39.26902726902727,18.345238095238095,107.95502645502646,103.39270451770452,126.79365079365078,3.9285714285714284,8.147186147186147,30.484126984126984,0.3125,8.809523809523808,31.333333333333332,14.224358974358974,27.559523809523807,471.1825165575165,102.64087301587301,776.7447420799588,1716.2244715233844,278.50164437528986,387.4707792207792,1201.1425819550818,283.6478295096716,670.7703823953824,1014.8042306807399,210.37673055607837,265.01689976689977,284.9861111111111,447.6048966584957,210.25922177237968,52.345238095238095,312.3645487576939,884.21581181785,1919.5606083731084,312.3779711029711,48.508670380187404,171.82574869088026,5024.556534997933,6.166666666666666,8.11111111111111,13.5,1.6666666666666665,1.6666666666666665,37.805911680911684,56.61904761904762,8.61111111111111,6.428571428571428,8.791666666666666,32.6863722697056,16.666666666666668,7.678571428571429,15.744631185807656,13.055555555555555,3.333333333333333,24.18253968253968,16.59090909090909,7.2727272727272725,2.6785714285714284,0.5961538461538461,0.0,14.333333333333332,13.392857142857142,33.72222222222222,2.833333333333333,8.410256410256409,5.0,272.49723424723425,1.25,1.0,17.886904761904763,3.1666666666666665,0.0,220.79545454545453,2.6666666666666665,77.69444444444444,2.5,0.8333333333333333,8.301282051282051,0.0,46.75,5.333333333333333,5.617063492063492,11.0,7.19047619047619,79.88023088023088,1.0,32.916666666666664,26.297619047619047,14.499999999999998,1.3333333333333333,54.416666666666664,4.791666666666666,0.0,6.762820512820513,0.8333333333333333,0.0,0.0,4.071428571428571,1.9285714285714284,15.119047619047619,4.444444444444445,3.333333333333333,0.0,20.72222222222222,2.8571428571428568,5.0,13.333333333333332,31.223776223776223,0.0,0.38461538461538464,39.00047846889952,10.61111111111111,5.0,33.22222222222222,62.666666666666664,0.0,0.0,14.583333333333332,18.863636363636363,0.0,0.0,5.621794871794871,0.0,0.0,2.8095238095238093,75.48184593184592,63.518065268065264,0.5263157894736842,9.333333333333332,0.0,5.833333333333333,0.0,0.0,0.0,25.091540404040405,0.0,22.480158730158728,15.0,15.516890516890516,24.333333333333332,1.6666666666666665,3.7777777777777777,1.6666666666666665,0.0,0.0,0.0,0.0,5.111111111111111,0.0,0.0,17.384615384615387,40.0,16.96666666666667,1.8333333333333333
30.41813050006327,1338.2889354052666,279.33495642121403,177.30888577653283,1563.6773072418032,339.76913674560734,4344.203587178393,277.88079103436246,703.0725178317819,51.67813852813853,42.10976946334089,4035.4351344058337,59.182539682539684,44.92342743813332,280.1541548437557,81.20039682539682,463.7209792250233,754.9903956510227,141.25522519669136,285.48114973262034,574.3986144903714,994.3872757251353,354.8785736419665,706.2413188426347,1165.4895992348547,1742.0761762984757,158.05898665957488,111.18764589169001,41.51985922574158,105.39401956509099,17.560214388785816,137.96480259220198,127.49626881055453,45.781858757489005,548.0148097740432,96.59646673984909,881.5418452821394,568.3134278236748,302.46743217100357,947.5985616283687,261.858404595943,267.06059284630715,234.22466422466422,267.8898218531677,94.30167369978294,340.4198708664045,228.1584608202255,855.8409090315835,461.15753231059733,92.74151102865387,369.68678048560594,693.6318494591184,71.60684914517667,216.84921687674085,173.23896654815772,115.24588256355173,10.357142857142858,125.34656084656085,520.4020252552833,147.003663003663,224.09459176444471,2104.543330287195,306.6698302009226,2357.8705445435426,1297.8860599978207,1831.4452448773156,861.0414492363985,4163.402140591314,798.7591441308049,3126.900389825155,4498.464783507533,543.1898445034709,1061.6617500433065,2047.7853593367859,1348.7007969793096,1010.1885218476937,242.4074838295233,823.9447420402122,1298.0406233545702,3438.775093437806,506.05635516387395,312.2177745923749,901.6194535896113,11791.247424423913,33.10663709928416,85.72261490803217,100.03630952380952,19.08625116713352,24.079831932773107,109.13537342287341,109.74801587301587,82.94047619047619,12.781746031746032,89.71815221815221,92.66895698900343,52.993997599039616,42.26031746031746,48.138888888888886,87.23455687830688,297.81651327197545,495.5937537552558,21.065800865800867,84.87888042643958,67.94244603526165,117.67039072039071,51.09727891156462,42.58190476190476,24.184267040149393,20.80736461251167,81.61552227140463,124.69301813266098,13.547619047619047,3026.3431080910555,232.10753968253968,57.44965404965405,82.28337128337128,33.4520091020091,32.01529475426534,139.35743145743146,38.52452380952381,398.0530591630592,40.51183673469387,21.703560703560704,43.722973435778314,62.2578459015185,121.4836366979224,69.7571763286049,19.75,82.4595238095238,18.262590299277605,86.60880230880231,12.75,74.42280245431506,63.115440115440116,46.0479760979761,3.7777777777777777,57.96394557823129,84.04796570143208,26.22754586683158,25.926739926739923,25.067460317460316,10.580868205868205,37.68870881686008,48.83571428571428,59.88452842377261,11.0,54.95833333333333,67.35912698412699,113.36241675963313,57.035714285714285,8.492869263089851,14.206349206349206,29.8582312741286,22.166666666666664,65.01964595557033,129.4265790655607,24.617743868707358,7.5,27.37942612942613,91.23897531985767,71.76861797350519,33.324603174603176,12.238095238095237,40.05555555555555,15.297619047619046,15.74206349206349,6.207766439909297,15.200854700854702,87.41541950113378,11.666666666666666,24.23095238095238,50.44203944203944,40.79940476190476,21.083511182250678,26.875412286126572,0.4,20.297619047619047,6.5396825396825395,19.404761904761905,24.412451519069165,19.61904761904762,8.040037343608772,23.609523809523807,44.68849206349206,1.6666666666666665,2.2,10.25,24.81318681318681,19.595238095238095,18.69607843137255,45.29265873015873,12.226216244073386,7.362301587301587,6.055555555555555,40.79034391534391,26.743021451004644,15.671550671550671,333.8071070870993,36.37013125763126,23.133333333333333
4.841269841269841,3.061224489795918,7.218253968253968,48.746392496392495,124.05757967522673,101.9524827024827,816.3287037037037,8.333333333333332,311.46406941632097,13.96135265700483,21.695156695156694,452.81415504109145,3.7777777777777777,4.761904761904762,2.5793650793650795,59.72186147186147,128.15175565175565,494.72809829059827,108.14665427165427,91.01010101010101,520.8680355617468,886.8848261450792,592.1309012320758,995.9143227803942,240.687116559297,1160.6830635620324,31.001262626262626,57.72624311962547,8.345238095238095,20.307239057239055,25.416666666666668,9.956349206349206,0.7711038961038961,8.458333333333334,580.7022221935323,46.18181818181818,57.42748917748918,598.9649264252845,199.11856661856663,1556.064533920958,244.02928206411178,146.45454776704776,31.593129093129093,15.38888888888889,99.08087844694987,214.12606837606836,24.87629922412531,79.96693121693121,738.8659211159211,42.186609686609685,125.80868205868205,5.603896103896104,196.7070128945129,5.801001251564455,544.4952524327524,79.72020803270803,4.259259259259259,27.427849927849927,867.3799759608582,26.73989898989899,22.424242424242422,258.84840556269125,17.51202501202501,8048.263212482615,352.450622459551,920.5860656033975,1283.8396633323105,3199.47238698602,89.58867684602978,565.1807544307544,630.7162291101366,242.8934313041456,391.7454027454027,1595.6555293463716,179.1851898101898,720.9825012950013,510.2557965688218,159.06644469426425,464.68663172339643,2709.0532146724654,1007.4304217007139,162.93956506456507,3393.6704303967113,8391.772091603949,11.708333333333334,317.7317196692197,2.2083333333333335,1.875,4.166666666666666,138.8341427091427,92.14914252414252,10.13888888888889,13.38924963924964,54.12602212602212,10.572960178223335,102.56673881673882,50.503663003663,45.32142857142857,21.20177045177045,1.6605616605616607,1050.4807011771297,53.305916305916305,315.2261904761905,9.16396103896104,2.7777777777777777,17.996031746031747,0.0,3.6969696969696972,12.809092725972521,87.96568015318014,0.9259259259259258,26.06319143819144,30.661075036075037,0.0,56.6591107305393,7.144179894179894,42.16000666000666,29.594516594516595,23.269230769230766,11.818181818181818,0.0,2.7777777777777777,17.45580808080808,26.0261544011544,36.05838837088837,8.027777777777779,19.90079365079365,32.333603896103895,29.273809523809522,37.773809523809526,124.27314814814814,9.523809523809524,35.0682261208577,3.1481481481481484,38.43696581196581,3.095238095238095,2.5595238095238093,74.65346227846227,11.38888888888889,0.0,29.33531746031746,0.576923076923077,5.481481481481482,2.0982142857142856,74.43537018537019,19.027777777777775,3.92512077294686,0.0,33.32449494949495,21.363247863247864,5.810185185185185,16.526806526806528,178.86067608861725,0.0,282.06811244311245,122.93369130869131,0.9259259259259258,0.0,0.38461538461538464,0.0,7.5,1.5151515151515151,8.333333333333334,24.456099456099455,14.752894164658871,1.3888888888888888,36.13756613756613,168.49420024420024,1.0416666666666665,1.9507575757575757,8.316738816738816,7.364417989417989,13.44155844155844,18.61111111111111,0.0,1.0,36.14224664224664,41.39179162340927,7.976190476190476,0.0,17.194745069745068,3.4722222222222223,8.214285714285714,0.0,31.268453768453767,2.9166666666666665,9.656926406926408,7.783882783882784,83.24470569113426,17.33531746031746,1.5624999999999998,167.21476377158194,57.39087301587301,7.388888888888889,0.0,7.142857142857142,0.0,0.0,0.0,10.80547112462006
