355.1407824304565,137.17694368928613,142.46291077814186,2337.9373526480695,398.22714041599914,90.07149887348422,1186.4474202976494,7572.8110764290195,3873.065488058463,211.14792956968245,9391.158421200204,110.18502838535733,2510.119324163283,265.33187306969415,21329.982557417345,296.5019389441544,207.4154800856901,119.50751689551312,152.31525580444915,722.6090094045196,1499.581870530825,1370.8378793033396,6191.074084438584,101.44447567559658,8670.720773894682,5714.596761553644,8473.5784340374,5367.8124996733695,5668.658145778415,2946.089097214443,228.47141732178497,503.224609572325,251.13671985704272,221.73134440100827,648.5775568949384,5817.528583632665,784.2951883215171,1638.132470984178,4891.387558562969,1330.8291738562168,27055.54040815759,3710.332109227052,369.31753897050834,1532.9866869452696,219.84806392054793,409.9419421798183,137.65856047774122,296.6264490359728,349.0538352126315,18.79686923370747,154.08244384207597,25.903958916900095,1027.9556760372752,2198.028145166951,417.1910578788108,477.5795989564537,56.231256768177275,15.006012506012505,992.170655008936,646.727228533169,359.04973026428905,1547.711838997008,763.733380537378,409.33078793807573,152.8102739214808,299.36013883710046,69.67515153691625,1504.2924821353224,461.03679941590576,6122.899813870036,10452.774228881859,412.4105538424598,1156.1680731554259,131.04721065971066,717.1105635644484,1550.2698891283433,3443.7452754178257,418.93807539032264,4439.357042108074,977.3907361766596,363.8423831009316,19289.47855613643,295.4333679936621,1892.049315035003,1273.1988797005229,5808.556434543421,1329.5316581623786,1443.9433468703944,756.9401807643258,1407.6824044789792,8854.20260878728,693.2258544861158,42802.6044167258,3032.6276481361006,3964.6567726459625,14655.358535183068,12771.988877635387,1540.1479022447727,13218.618531616246,1681.0140395694534,15072.351865139664,3873.972087325265,8143.154708756321,17924.84509677851,3197.1891256698545,7074.029385647691,2354.086659274276,6430.189340311972,7847.2436537797275,15962.109452604345,7464.068414633393,3443.131986722323,3582.4284605209555,61297.49730764655,3076.503388459062,160.35617376639982,413.9751573100102,352.69851496033453,215.448813000784,2947.0851318297014,100.5489079275844,237.33263958401105,33.32426303854875,372.5253823440798,322.80512646361495,47.164710431181014,138.11253120804204,46.491686659669114,75.39320729587423,294.32913989038934,74.35504946841154,2210.210592495169,327.7373821742999,313.1815693371366,4053.114357928047,132.91479710663148,860.5311885387479,181.43815592646087,200.46587208991184,1410.3085528278511,219.9140161433013,645.845673818437,766.5872709994829,247.24153899368872,8.663520294626617,819.7018513846535,76.2467105760584,191.33344535522056,21.613165102870983,121.35935102824848,88.02126418911352,2115.748845706318,1331.42054640536,436.8967724093464,37.17365713830097,33.022098789010556,95.77900120032473,115.46840187280156,514.5964823141255,8.776975108225107,72.50557940824683,161.0222449119508,578.0472954515449,64.59179479146584,309.03121047968324,43.971611534409156,406.8560360191596,21.462195048959753,26.896670283739248,29.164682539682538,36.40136054421769,439.7564149322618,92.44014483958169,175.28314899855394,39.455890357206144,55.55257234159033,4364.499651836346,45.80290267202861,305.00475870695095,141.8984864876409,108.40003731648468,237.72536600764707,63.38708031272686,95.25124181374181,255.97162361555291,67.21842362919308,21.525695065168748,12.365497076023392,68.62414369256474,271.6703715041063,17.869200244200243,17.059541671610635,5.1491452991452995,175.30351518170949,2.627164502164502,199.3452687025341,10.605555555555554,3.9415343915343914,103.65293502793503,77.80118385325495
12.844444444444445,12.101190476190476,47.93371212121212,123.296632996633,1010.6445970488309,138.87578186008417,81.94695767195768,593.7414408210342,155.93879031787114,70.91720085470085,2219.69914272439,34.87037037037037,748.6951094258708,49.757440476190474,2745.6093286123782,24.791666666666664,14.214947089947088,43.97967171717172,50.04230769230769,677.9834516154283,170.8466779279279,578.6551354257853,460.08962574325477,12.61111111111111,744.5558080350843,243.0938066963067,498.42932898336124,634.2793360102183,1339.8726381530382,120.92101208351208,3.541666666666666,48.0325504075504,41.31283068783068,14.145833333333332,42.148148148148145,280.61595739457186,112.84615567948902,650.9903894190185,583.5963569761487,108.92513736263736,198.4864519108997,80.2669208580353,128.24198717948718,50.546975546975546,15.238782051282051,65.05542635658915,103.64386412915825,61.90385385385385,21.040968051384716,7.708333333333333,90.99801587301587,14.679487179487179,213.72924174174173,62.71243386243386,31.00937257187257,54.10375642875643,9.444444444444445,1137.537073030823,179.45410052910051,234.51970733272125,44.916666666666664,87.54822322322322,177.22030022446688,202.99925852882842,10.76010101010101,49.89253568352405,102.96130952380952,74.12854737854738,185.53804697554696,413.2258039828201,158.17227818477818,83.57244005994005,127.91489703989704,50.541666666666664,6.4557057057057055,76.93478835978836,192.0051041712332,27.609508547008545,226.28607341620014,22.777777777777775,38.90674603174603,123.3089133089133,121.7263871013871,199.1518697268697,157.19704651941097,155.008196020696,551.3672339519233,53.509854497354496,47.87645502645503,86.31209150326796,829.2140881126464,98.31501322751322,1637.8685968107338,948.6104521779441,1779.795052127039,787.2466769341769,2923.808557762655,316.66654378321044,2559.158286727386,39.14565279565279,3145.1279374364585,384.3927807486631,598.1598060549674,1209.6184210140086,1282.8510700796992,829.8143042451777,327.6962775874066,596.7407754631439,606.986995756045,2096.067453995667,447.0597085222085,327.2910392860393,358.89929349414564,7163.735615147541,106.31368731368731,96.2625,84.91666666666666,48.77777777777777,19.444444444444443,8.833333333333332,20.870476970476968,15.444444444444445,36.09722222222222,19.23148148148148,53.78520322270322,21.963399168399167,16.025132275132275,61.60333333333333,48.390151515151516,33.81944444444444,1.6666666666666665,13.083333333333332,5.583333333333333,23.36111111111111,35.460648148148145,2.0,25.689814814814813,27.71759259259259,21.09722222222222,131.8667328042328,43.3265873015873,16.54398148148148,83.66963554463554,10.516666666666666,13.708333333333332,51.19206349206349,325.4844759923507,20.030864197530864,12.0,67.70490681660036,15.799999999999999,30.650396825396825,133.2303199812236,79.6031746031746,9.778611111111111,5.5,18.794094094094095,47.38312852022529,21.075796726959517,0.0,4.492034534534534,1.3333333333333333,44.959259259259255,2.138888888888889,12.788461538461538,8.63968253968254,7.762820512820513,0.8333333333333333,27.33933933933934,20.027390293519325,11.947222222222221,37.08928571428571,17.834722222222222,82.81955499697435,19.991666666666667,7.920138888888888,69.58265765765766,11.984848484848484,65.4920634920635,27.058498014143176,15.055021367521366,11.38888888888889,13.577777777777778,13.091666666666667,11.468253968253968,5.933333333333334,6.527777777777778,3.333333333333333,4.333333333333333,66.26951951951952,50.33111990348832,2.4324074074074074,10.722222222222221,1.7694805194805197,1.8333333333333333,7.222222222222222,15.47161172161172,8.571428571428571,0.9259259259259259,12.677777777777777
31.715266334702168,26.09805828917671,31.233872873158585,176.37308319900524,280.8338263901242,154.20550953859112,689.0942891490489,2908.6374443570107,682.2628668483824,87.58299496699881,3304.598136917688,497.33544660664097,902.6669067935496,128.18190710229797,11281.662571321378,74.65155861798974,41.44378836340081,187.3323714691398,306.16228552597505,595.0537022030456,546.8115638561677,312.40182729458246,1563.802642535714,45.822711746872606,2415.370244403605,799.5325687146212,1969.1388396573966,2200.5697815995695,1715.3066511267875,355.2825552445748,21.137786596119927,65.04692185826896,35.77541850590951,117.37006753311101,94.10309934323224,937.0631161441519,290.208787042993,1305.057293291482,556.1063514733756,246.9898749457122,4286.91863221439,641.7659438704744,162.37248337496007,176.07789612303998,16.383521011843847,68.90281393929283,47.806533977375295,41.338496224700705,106.09358932931023,23.606677966446874,26.95050233202517,19.854539455642396,586.4249760542535,367.91187024635985,52.42810544512708,414.21299005670306,31.89943638027929,45.471724820318784,216.30629929288003,110.90208670823974,42.629573980265505,236.7130986946983,121.26541002741422,61.285230615522266,147.12381262047336,87.80845229924036,81.899868205335,200.54634668949288,99.34933876291245,458.5840633249245,900.8358253119205,155.84334710146686,204.3954557614804,16.76571350762527,204.87130579110436,65.38526913227801,276.0081979473566,140.39879148561369,699.727584514501,412.0535663228187,53.21241623159727,1798.388400558645,89.8227377717196,187.52543127621792,79.09874275609928,1057.384745517414,193.77120975617424,753.256850786619,129.58217050056604,183.86480917756697,3066.66192600394,339.56706587459155,12538.887134011773,6656.144071421675,1709.6786028539416,3029.6207347052664,7865.292815501906,1247.94118605262,3856.560932116869,126.46398151215801,10117.335953159576,946.8899606121056,3271.8151025946363,3906.1527893595917,2019.3512179404372,2530.709390425285,521.5698250788117,1624.5930804914628,1602.4505605739578,8101.952451345264,2247.5954601200306,915.0777080121294,5466.188716335796,38213.955179794364,386.9870082755702,150.66551274955327,169.4608902277042,62.48336972541014,27.316432176307046,219.979733300399,89.39708187146913,29.543271119435637,60.74795264842533,220.34541928411107,47.70245784854202,33.05853821229346,129.78927475896367,90.91563347204522,192.76496699664062,70.91798592464518,194.083987105077,150.04584117547026,128.27876846514664,19.240622531063707,284.9769745178107,82.08155100123993,176.25763879673653,200.42369567232828,55.178183119421355,150.4425552695042,283.06889877647103,145.86634575880305,106.96616507843895,18.402644011480216,10.859715194654342,55.973784453506944,54.11937316732713,16.088231347317482,15.592628623568077,56.009578691792846,111.1935783910883,161.78194344039545,150.6791049897592,43.000723323648344,887.3007119610173,57.82179378694949,9.238768312297724,17.97200599907907,30.006403241819907,37.31541460176561,22.608400999697125,26.13605386080876,139.99230312114167,131.93708681655104,147.4326017017636,20.516657233557325,16.41975406590068,8.28434151438353,19.77926926202788,16.312304797598916,157.02147441887806,21.134693851551283,157.84544845030962,80.01609008123786,111.43254140184747,223.15593277258168,971.6471023002447,61.88414553677894,63.833584207437085,19.01384363686995,21.302101066140068,16.363241388241388,42.08502591897622,54.65366602398498,25.990430186270636,239.03430084484484,35.44906416676746,128.43914713385385,68.05905953768324,52.57430466012821,15.837418300653596,40.4883343481763,12.130752927627928,107.93449414633261,6.672483766233766,25.713025620763716,8.42602495543672,6.113544861093881,88.64761150904064,306.36639031224917
3.6041666666666665,19.958556547619047,23.5400958994709,6.668526785714286,1187.2454460054798,418.1486230817113,80.44141528406234,1230.7722052709973,59.51257122507123,119.41555529619255,1177.7214090291818,870.2922321278938,120.74562474562474,32.78952641687017,1469.8996757605962,59.617476851851855,51.77777777777778,227.10716571010687,141.05165676793968,571.0996476809654,91.57090455840455,79.37969319242185,536.9672392606033,5.652777777777778,291.4354394108071,89.84652714183964,135.88308717766438,302.99992623117623,408.68944917726344,19.489850427350426,2.698412698412698,30.719546194546194,29.85309829059829,18.15839947089947,43.00685541310541,267.42860840480324,345.34846267566854,624.0963077431827,252.34474698776168,68.25628306878306,226.63484305046805,27.20567384004884,385.2572227608992,7.062499999999999,77.84208446251128,55.15674603174603,56.684065934065934,11.299768518518519,265.8792821421498,64.79901443872032,26.885416666666664,157.0113401354694,106.55827737077736,13.440178571428572,3.875,29.682703081232493,2.0,73.3454335016835,16.71825396825397,231.9118963100818,16.942460317460316,15.441203703703703,23.66348443223443,8.641203703703704,13.590277777777777,126.27117763602138,16.416666666666668,6.347619047619047,28.19808201058201,76.47367109443722,107.10463217338217,109.21518276113864,2.9722222222222223,8.833333333333332,2.9583333333333335,23.388888888888886,159.1585082163207,430.97527472527474,565.0942047145608,9.31053841991342,60.833800186741364,328.060371229218,10.946403133903134,23.451490384615383,1.6346153846153846,202.34463054790066,1645.1096827379924,52.30605274355274,389.4524050254942,7.861111111111111,1250.9991152043979,83.04649470899471,948.1583502060089,269.8843846273123,1042.9925740996794,653.0854582849068,986.820308048433,130.1869067071273,2043.423089118944,10.32986111111111,1802.7105325659256,158.12012518088906,449.5866500099363,1316.4796296308825,187.36009974502622,140.70150700276463,52.43028499278499,476.86509498127145,534.9358009284906,2133.199036460183,93.32979751729752,69.45197192853442,69.0233508277863,5425.634891541486,68.85862835081585,23.901531339031337,4.111111111111111,94.34135872297637,2.5015262515262515,15.795362103174602,163.0500543796016,2.4657738095238093,68.47837301587302,1.8324239417989416,3.2410714285714284,32.6087962962963,2.036502849002849,161.36403755601123,29.8125,2.7604166666666665,43.64155092592593,3.6308760683760686,13.125,11.38888888888889,95.6110516117869,30.191666666666666,52.11217948717949,6.875,23.988858363858363,6.0454365079365076,42.86402116402116,8.0,50.992678481649065,4.613425925925926,11.715366809116809,3.1527777777777777,3123.388824768971,6.79503367003367,33.56448412698413,137.61430459474815,7.92228835978836,32.00593549919968,11.17222222222222,3.6354166666666665,1.2000000000000002,29.09375,11.185515873015872,5.652777777777778,10.694444444444445,17.601190476190478,13.798900462962964,0.7870370370370371,12.856349206349206,3.25,0.0,0.5555555555555556,2.819444444444444,19.04513888888889,312.8513180272109,130.91996381886088,1.8055555555555554,11.916666666666666,0.9702380952380951,5.9625,9.576984126984128,4.494047619047619,20.284167833800186,10.180555555555555,1.0833333333333333,13.29235151049667,10.916666666666666,9.097222222222221,16.35443376068376,0.8634920634920635,9.332175925925926,0.0,71.46405932030932,0.0,0.0,4.287037037037037,686.9061925883714,26.412400793650793,72.0357905982906,0.0,0.5555555555555556,1.2202380952380953,249.67628205128204,1.5164835164835164,2.411458333333333,1.282051282051282
40.209412179183715,23.589181193131232,31.91901747573665,44.613974367092936,955.548466721755,134.29853090806182,281.46458071949985,3605.035222264173,224.81849053828736,55.1860963387466,1032.9694220446029,13.965987269435544,399.82922776167356,8.523607468004464,8118.101072990872,20.81143800942029,24.85205076788428,24.887544926751914,45.5063801278087,172.34179369786682,334.6416980342992,55.75686246397793,1693.6408202755704,9.737203728583038,609.1114255896541,205.744347122605,633.849904199358,1791.729461166114,1050.346424341817,33.32728529640294,45.85004900677579,74.47094043790926,31.717553304000404,9.11300505050505,78.66585187028592,420.77178962132245,428.9015662279823,393.39745796349143,299.7933426197989,132.7377554660336,1187.956291081974,96.6972361607355,20.02541141964739,55.33402344747915,10.274735680985682,47.16076290010714,115.85406080576867,33.90507112979304,314.25209241458793,10.372672853135038,47.119899687537185,6.944444444444445,91.88999609687433,288.65714136724796,28.688030016461386,146.1647087974082,8.438519813519813,13.413062699827405,159.05748991925375,118.59269232179604,39.41840358879532,6.759194123777457,92.1948932489287,26.12008705696049,38.16027420903236,99.81763660733515,18.6591644687353,44.321005097877425,36.87539702682777,294.44123680737505,279.5161683167931,89.18117743600936,43.71626326369396,16.062540972544173,8.990504030993161,24.28622669290938,784.6056780092086,85.21974413067213,1443.4382839922428,55.91759879280786,69.6401514186942,876.2080647502,28.585753420767425,105.22356771353077,5.421050503741067,795.3736112427625,200.9810804181347,151.2923765226903,318.6053937065133,87.29305851738445,1203.2844170074807,60.22932737952888,4013.09756066977,957.204240105893,1149.3122748936528,2124.3437424762433,2486.1132183708,1096.7286476254214,4052.9828044491746,133.19900397160458,5478.556712296746,500.246344061097,1899.113863612746,2637.614653839716,850.1809393836542,800.4539610268316,292.7419991828705,1038.4968681802754,685.9261017437029,3833.5586842035445,532.5905548438992,286.8615110682871,367.1298386939084,10834.860135088356,227.15253585121215,19.57660437912539,26.489961704869536,72.18006802183788,7.8047780763298,13.499500499500499,13.142802616486827,15.08847779204922,8.759845981313372,755.7754727276332,41.85859121131506,23.641567661547377,62.91935155958265,620.3133243783752,7.311058908884996,33.29156663196911,209.724027167846,53.66118970733092,6.663129516877723,18.423371798166837,90.2110095543968,18.156124355974896,66.055163058219,48.86149352883099,35.69732793813254,94.36352771073867,157.62910688239634,5.172212543554007,21.37191851358518,40.56959336959337,3.1183399933399936,68.66741119013344,10.1656967384655,7.25341211581311,11.64126559714795,119.7980655592553,3.135297142193694,5.8084100446169415,43.06115525625793,4.665708812260537,12.862496708847416,70.84503327237238,14.210426351970469,24.103268431814122,15.56842356238908,5.068814604966565,7.735240879977722,1.5989974937343359,54.25624669474258,23.81778599486933,64.83372655850535,6.150432900432901,21.331631807734748,0.0,133.8514263350619,26.767381249187057,58.44320383456413,25.281354036805354,29.494438591129587,34.005298786181136,5.233199340342198,2.5451559934318553,126.275585958329,1.3591584069525247,10.518510444074481,67.20864526435992,12.255866550398837,16.528984169425346,10.67673603199919,4.9057759700616845,31.85414721444133,32.54950355085804,13.129755317270778,1.1547619047619049,26.73873914278971,20.51312627178763,0.0,10.077130085750776,4.654761904761905,24.72054539032762,15.575396825396824,10.017517442678024,3.7328042328042326,1.0084033613445378,0.0,3.333249966653328
200.1689191028376,27.026997322283158,59.384630228405584,173.64238824559584,1346.8490424671945,349.56488411867656,907.6933195279672,6935.479455645317,977.8300322367764,126.79555601776964,2614.37716383952,88.50910742737368,1792.5393007064529,85.17758535501764,11668.658645526742,73.2499732808137,85.50633217420543,41.02504263470856,82.75386061117435,230.91746260521137,1111.732587872454,147.2495506368026,2490.590128892776,16.126443001443,2484.906469865033,607.2961846374826,2023.9900261363196,2823.9949936581243,2482.8147853254845,181.39411789914354,28.078296703296704,121.17853407725028,55.88216497268355,5.554464054464054,199.01146291669383,1132.0381295011935,718.5460261443997,595.0300800040261,491.90295340516803,104.32086885983993,2505.735702547942,301.5305892434659,78.44323231234996,213.2233760424384,9.179063991563991,69.40189064795618,415.609303984472,135.9877724589132,397.17768277154335,35.6904714951044,89.00373044157668,18.669000933706815,381.42372508969754,499.52887885749664,50.63522171365309,287.6137247481713,25.43925518925519,30.24407067605597,118.35012991691796,96.01298439222641,115.52609401542686,17.34692503263932,234.17472410804177,69.64061313021286,107.44308098897021,174.36199754373865,55.63428537284132,281.9379186961308,100.41397513223585,730.0495125162576,680.965462045396,193.02012747152534,248.86091493748492,17.486077970017597,87.65201300022729,71.31924262906921,1038.5677551264691,174.974751827693,1955.475205565124,434.14415130246954,52.88816527823722,1811.160265985668,58.126587468641134,215.8592025751582,24.28760830212879,1199.1052226877332,154.505624604154,270.19654958639114,299.97810232280045,323.99351695939487,3091.5779440812776,103.6928255777631,9967.1026516392,2745.439398638249,2679.3679036134276,4216.677273617541,6486.066289687405,2460.2481279875406,5387.50329636161,228.27430636003908,9530.826536809938,1431.0993686790318,3757.6312246637217,4423.253897229915,1351.7942293123442,2260.1394279694055,1081.8177174022494,1666.1954876222671,2455.5838323434623,6710.20024251679,1465.1992822963907,1057.1927719844134,1889.7765454780633,23838.65358658341,554.0019190921375,59.93606176168393,172.18891421533007,62.73635835064406,26.63850427988359,59.85930141287284,52.0762432012432,20.67900562841039,27.489289305465775,604.4464553089907,136.74508187795783,10.273420479302832,159.73638060507807,585.1024612783062,76.23069432580301,149.94993809565463,797.6455252114449,176.84672540025912,21.89340493384611,32.37280279244565,164.2499991505142,140.13344705938783,137.73246994465902,78.69886696837162,32.377252039121785,380.74489699586263,130.8332723217318,22.399288081763363,67.87538176519351,108.30904891093967,5.3414224664224665,100.619826324626,60.56410256410257,18.69373501083935,11.136865775041324,304.5567805181002,52.58786822384812,32.01468427956523,115.41929555817096,8.007867132867133,105.52583304528865,165.84661456982286,56.2434858785865,96.46596200497129,35.61134652384652,10.788850046009488,7.027269027269027,12.77173750741862,210.4117117972417,63.09569442902776,493.1982138765347,9.490193286245917,43.292744017275936,1.5960884353741496,171.39175179866245,39.162926547137076,210.38015856193303,28.10443689321058,144.71186043999134,69.19012715031623,17.017741187384043,21.166023589936632,529.7528482434051,28.581538408335796,107.03236022155465,53.61165706498524,50.53844600795272,28.086299412279804,33.9500097855361,19.621566429602144,50.09297529590792,90.42814067200825,13.437922643804995,3.4232804232804233,57.438308744345896,129.02007619518415,4.4981325863678805,1.9153439153439153,14.688712522045856,102.75201426757388,5.7142857142857135,42.35801369239744,1.5021645021645023,3.2815126050420167,5.6854256854256855,40.70326312343119
99.56414737034736,159.03880986512735,166.18040830461752,96.46190317613599,2554.3763783982345,394.3710686701968,116.46781603475601,1902.2769046935498,871.7021340127144,49.145089000701525,3218.185107303698,286.94530895502925,1544.6937595220418,27.308139711704406,6881.358427977429,32.708663605669045,66.3360588794562,1189.1719101345366,39.67844457130171,1118.9531678775493,540.8808158257867,265.08194971424393,1705.171967795738,15.28852357731668,1248.7790727466222,234.20968663739038,508.90810644699775,2167.3800421202395,1715.0741033363029,210.84832147417436,30.841187988513706,144.64579092353586,77.33359566525044,153.08137768664085,263.24499349979226,590.4143820067088,93.59080125634857,1228.3692754550473,573.5140118785616,129.95761848053135,720.8985128264732,82.58084966639866,154.29479915603142,78.66511117508654,31.13504353833301,144.57068585256064,535.7709792118557,124.59165387031327,827.5088857928956,13.359065537636965,61.891788976535956,39.80891567153177,257.58460943255204,99.50889557482391,76.65498929502688,76.11954295954995,11.085259103641455,59.92486424394319,104.84963830029619,600.2781249089392,579.7309698289633,56.76366330689639,61.98045436868032,23.98192274202066,13.382127040994035,354.7049033262405,112.66332086358285,20.754928957228824,99.90517479299645,128.3292121009994,861.4235076684643,36.26772323872078,38.18005438137418,15.6979159301074,10.396825396825397,77.99539732298352,1053.2063988284492,248.20245557779586,2949.3360750430456,8.821492707693933,14.170833333333333,837.9903185613019,33.77422460212155,66.36242250400683,67.35845489717913,476.4570249976193,1232.7843443625552,302.1299615012383,92.91683931166556,35.46816133795823,4606.782030723073,681.5766349561587,3858.0553576302223,1064.847428854342,2739.219287870203,978.6472623991134,5485.5923775321,1327.9806240660275,4042.8346660871616,32.610569052795945,4616.23844556858,446.3750467597414,3104.267035341161,2267.684614996939,1285.4241357975545,1509.6469434470885,576.7138706279038,1490.0750879938585,1004.0379553191427,4578.272164200282,674.0331946657857,1442.765921484019,354.1370383471484,11644.981008877328,51.31830491520618,35.30561357771949,228.46773839219728,64.98287184455349,11.322551806123343,45.8074920458614,29.885484544695068,56.04236239950525,22.35580357142857,24.52499856009708,33.51750354530527,17.277528856370132,14.013583288793372,1123.2644329161938,13.82577064642282,7.508801247771836,369.3895316739241,39.52673748329374,52.470238095238095,8.700318542050967,202.83860971410598,4.019649698960044,26.710963776150066,16.03495564892624,27.943582997462308,64.60158688693171,13.944221129747444,36.763888888888886,38.61629426537871,80.15107253427686,8.455555555555556,35.35278609051276,591.2080589293087,52.361743889566675,89.7572675375307,360.18011755250865,13.975975269940786,43.006839568978,54.01229343595401,14.833048857776625,36.09062637326184,137.8974877652979,76.76876692995114,82.15312707054994,55.16180247088848,11.392857142857142,5.639411027568922,0.0,35.26972878905728,4.553571428571428,8.030985121956084,7.871508451865594,32.25433943564748,7.508049886621315,241.37883513187305,50.19230727681272,13.08058608058608,92.39103924833604,6.0886699507389155,5.229761904761904,17.78061224489796,6.503147235905856,83.20642859538698,6.946094591682827,3.940595676757201,103.34427194322704,56.371586511859064,50.016002063934394,1.6111111111111112,8.735827664399093,22.74805432110144,9.400694248991462,7.73276484052346,1.676190476190476,4.059106098579782,24.396760299015938,49.55045088210723,4.550798212005109,8.892857142857142,4.014890282131661,4.067460317460317,24.27651204159825,52.17096237096237,8.443546649429,3.333333333333333,26.388315124029408
39.99999999999999,8.452579365079364,6.51058201058201,3.091269841269841,421.2007111769795,55.01844729344729,17.35866910866911,524.6724152142436,70.20739872872225,19.321296296296296,325.020137998492,69.16193189526523,64.61317903229667,16.503837568681316,657.9593939676291,8.458333333333334,11.28968253968254,34.3022903022903,28.955331705331705,145.26518111518112,66.110822277629,38.40701906118573,111.88087009625787,4.583333333333333,267.1083053948075,33.26966651807921,12.218726806962101,231.60882136654195,197.22918727948763,18.718864468864467,15.41161616161616,10.324078862314156,7.370927318295739,9.023148148148149,28.97995522995523,89.31302444054545,14.421957671957673,28.03515466015466,28.800302783636116,3.2539682539682535,170.64220521414984,34.54675562532705,114.19380002713335,9.523809523809522,9.664021164021163,6.94510582010582,28.306943908917592,3.7037815126050417,104.25824727197276,5.2995014245014245,7.399122807017544,30.813932980599645,16.26068376068376,19.186507936507937,1.9166666666666665,10.873412698412698,1.6870748299319727,4.997113997113997,2.4107142857142856,19.820481091986466,2.7044817927170866,2.391269841269841,5.383089133089133,12.640652557319223,2.361111111111111,12.37706418774127,0.5,6.408465608465608,1.0416666666666665,31.031584380374703,76.73404584055844,19.159035409035408,3.593253968253968,1.7042606516290726,7.663454270597127,6.362433862433862,60.04358026686458,9.65521978021978,264.575957816568,0.6128472222222222,0.6481481481481481,122.59868611900993,1.184640522875817,10.808380138380137,4.619200244200244,78.50882341803117,135.63117799076446,6.415707308564451,22.8758547008547,29.82142857142857,698.7190578381469,54.04447496947497,649.9977831018447,136.52030608151057,538.0316757761187,129.44325788590493,709.8280940692553,63.26704014939309,613.2828107337892,4.8543028322440085,768.3812775531418,19.150200289906174,188.67574960046912,321.69046611892884,125.05823098470157,191.24620738608832,17.496873496873498,254.342190037113,171.1555639546642,536.6224817048918,38.42768959435626,96.55785765160765,42.58309849002053,1812.2576733436406,13.561650871174681,3.463751526251526,1.0555555555555556,3.4820037986704655,1.0805860805860805,6.107671957671958,4.696391263057929,4.503968253968254,1.3407407407407408,0.0,11.642857142857142,0.0,0.0,85.16561378192957,0.0,2.3031434796140675,29.457275132275132,17.566544566544565,0.5555555555555556,0.0,40.22668152281155,7.5055555555555555,0.9045584045584045,10.158730158730158,0.9722222222222222,12.499999999999998,0.0,0.0,8.691014867485455,19.444444444444443,3.261904761904762,1.7034313725490193,422.3360880349416,0.0,1.1111111111111112,49.90182331855719,2.9146825396825395,15.900629881582262,8.866969009826152,1.7063492063492063,13.233333333333333,1.777777777777778,1.7647058823529411,0.7142857142857142,19.57142857142857,0.0,1.7857142857142856,2.380952380952381,7.708333333333333,1.0,1.0,0.0,3.194444444444444,1.8386243386243386,32.23579950498718,1.1587301587301586,0.0,0.0,0.0,0.0,0.0,0.0,26.185786435786433,1.25,0.0,3.1457927974057007,8.42361111111111,1.7222222222222223,0.0,0.0,0.0,0.0,7.917843576176909,0.0,8.333333333333332,0.0,53.068036901370235,2.003968253968254,0.0,0.0,0.0,0.625,5.428062678062678,0.5274725274725275,0.6666666666666666,0.0
1.0,0.6666666666666666,8.214285714285714,10.051470588235293,50.80792124542124,8.403361344537815,405.51934162424357,197.45859627844922,323.4995663549028,18.208333333333332,1161.3729281906365,175.8695590357355,868.4094274756652,8.125,8710.809962612127,6.125,1.4305555555555554,174.3153041969831,278.2988365800866,1186.5411247385512,32.39120601620601,16.014550264550266,1715.9782632332265,484.96388281743674,1678.639762609467,20.083333333333332,3293.272529032583,1673.4042000275617,962.593363642125,224.0092343545162,47.738936988936985,34.48412698412698,0.7142857142857142,1.09375,3.333333333333333,166.65813252202878,29.80704365079365,1357.653095438512,46.195144724556485,883.7496649592238,23.341269841269842,2.4166666666666665,597.3224357546048,10.208333333333332,1.9523809523809526,2.5,1.7361111111111112,6.188958916900093,6.891233766233766,46.49454365079365,82.39484126984127,13.619047619047619,18.939424772758105,463.8425230248147,12.374338624338623,37.62566137566137,253.06621187001087,3.325396825396825,13.975363756613756,845.8549175328161,2.7777777777777777,239.69131911859185,15.854497354497353,8.02579365079365,381.48613018925516,11.534090909090908,95.20541726791726,252.85349712016378,3.142857142857143,1.0,17.039682539682538,7.768849206349206,6.972222222222222,2.0,37.74870925642984,8.75,201.41664868356042,16.071180555555554,25.063393714129006,0.5555555555555556,21.872023809523807,41.17680776014109,4.999999999999999,3.4841269841269837,1.0,26.164682539682538,27.99585137085137,13.166666666666666,22.260912698412696,906.7320505792319,774.950545555635,1002.9956958482693,12928.634738035033,491.8350963636614,2521.614859505294,2415.5416756854256,4507.902659573707,51.61026228673287,2598.059333424351,2.4999999999999996,2603.40594269298,628.7798597100067,1245.5125258494584,865.6077199948362,1522.252989795569,770.4137373058172,874.1874696200676,357.5011365132689,1105.4504602144425,4304.047030179228,282.1685108872609,435.69861619861615,203.0633041250688,19951.71090103566,0.0,0.0,161.09325674325672,0.0,0.0,0.0,852.0874595629497,1.6874999999999998,5.734487734487734,74.20678295469962,96.98809523809523,700.2872306070835,122.32591036414566,47.90644894321365,42.010582010582006,4.686387686387686,89.28217697335344,0.0,61.03222853267416,1.6666666666666665,0.0,107.31493506493506,18.243055555555554,608.8678672226466,22.55642968142968,0.0,8.277462121212121,113.88685316721369,0.0,7.343749999999999,9.999999999999998,0.0,0.0,0.6666666666666667,0.0,0.0,46.01066217732884,0.0,0.0,0.0,68.05627027293694,0.0,1.7777777777777777,0.0,0.0,250.87866400121302,0.0,43.897033830367164,0.0,614.7184828039607,17.115199615199614,154.6549977845321,0.5555555555555556,18.628968253968253,3.1944444444444446,317.4181644880174,56.043565911212966,1.09375,23.96626984126984,61.32607785732785,19.52777777777778,354.68199636012133,0.0,14.879749879749879,0.0,0.0,0.0,0.0,0.5833333333333333,174.25273392185156,0.0,6.085978835978835,654.8548737142487,14.455555555555554,1030.2925650809746,0.0,1.4285714285714284,396.8244529163647,5.7979797979797985,56.87582671957672,14.180357142857142,0.0,0.0,37.35944264069264,13.333333333333332,20.392857142857142
37.39254365775263,45.447989510489506,48.34850423565257,170.41629881174515,1174.8321201228716,551.7157839358497,138.35750794403825,707.028469884563,352.4242989034243,7.463203463203463,5997.722109206057,15.294808992177412,418.476704706394,38.47548797163735,4594.1993596720185,70.97780307852362,31.950917995403287,12.5256734006734,27.898010214186684,25.736257421628938,185.66917020110296,251.8796682083253,480.4562531199178,94.06891823715132,914.2237869360861,728.8935574338813,505.1909289347695,3924.521110365915,2140.988094492153,227.48651408951048,67.11192021486139,52.06004170492807,45.86285157337789,2.453102453102453,68.36881599356244,745.7938936821205,39.30030320208891,254.32112967370318,355.15431953383336,71.68635939224174,1554.1141350538667,382.51657367798157,10.337078477364855,64.65327885335626,49.02382988194391,87.49183802308802,193.21417607447017,61.01385395435318,741.9131445216003,2.3515873015873017,103.57451623811917,0.8535353535353536,277.22233981976626,341.4803663212719,19.566606187929715,145.08478694508105,7.742063492063492,0.7040644540644542,113.24962939721343,117.80025187684501,55.308143971134164,68.80823112073112,51.727153361344534,75.6222582972583,5.327380952380952,223.80856365450663,17.560425685425685,60.33166202729541,68.75081699346406,726.9425780546477,1045.1640896175186,22.60260076252723,52.68722943722943,13.628928465325524,22.978936096583155,89.84292137921902,1049.5727329875895,152.61413362465993,726.7646447283032,152.69054581970605,8.867965367965368,1146.8302865562255,39.166481666481666,119.53843339848241,140.59573138426788,1767.1338535057507,1462.151278350908,325.1349620108134,75.64502125626352,214.53028328955185,3408.496522669778,125.76635707796088,6767.743484686237,717.4609048357391,2695.0049624298867,2172.2957559752467,3302.3347260379737,656.4014200009742,2222.9460986607805,59.12817654062402,7587.557804144039,879.7062047217596,1633.6894391571798,3680.2010195807898,2815.627437740698,2995.5682687074545,251.50541628697388,1363.5342364674573,837.6963760642557,8657.01204355172,193.5405763182466,356.5245390015219,188.21594522367388,24356.681558398737,64.49354636472154,12.607595019359724,504.10921948421947,55.37331745052333,75.9387887344557,160.62136521268667,0.0,3.4043410293410292,9.283234126984127,21.50565882918824,16.029149159663866,7.738095238095238,0.8221534227726177,1062.339580838981,5.242794486215539,93.86760891225177,181.72403263947382,43.172399767988004,3.3222893091314143,40.71996753246753,139.82677004951165,4.0394736842105265,174.30476833967546,27.117627606598194,3.2654546068826256,52.98634249737191,56.61428811986087,29.28827605501367,101.48885741165152,23.001628001628,2.111111111111111,68.69547086511372,82.3505291005291,17.14951422488187,8.262731481481481,153.19741476064786,6.689613024697058,210.0243611832879,300.9844188700808,52.82035901190313,0.0,76.36884248648954,18.77556818181818,13.639822595704949,22.291086636674873,1.5,22.153439972480218,3.7326388888888884,36.30469799655193,6.0020042092410515,63.0204678362573,4.819805194805195,44.3846651034151,2.7976190476190474,21.047801404944263,76.49133986928103,875.1703576324817,17.034006026653085,3.368873572820941,33.83178115743905,7.162280701754385,138.2694597069597,585.014330231175,9.312599681020734,49.11252758679229,26.170526695526696,24.761428629849682,77.41090969215969,25.759713144517065,2.4999999999999996,42.91823451602863,2.2275005696058328,0.0,0.631578947368421,32.629299965600275,65.47473186049866,0.8333333333333333,0.0,0.0,2.6401681286549707,3.8809523809523805,6.392361111111111,10.7260101010101,0.7,1.964285714285714,0.0
8.792735042735043,10.396825396825397,6.719834087481146,6.49165988332655,839.1142941934609,148.5753232990809,24.017806267806268,178.7424308223678,31.19375763125763,5.684722222222222,1202.8775793779664,70.87440476190476,345.84629629629626,8.166666666666666,751.4840344952623,10.344195156695157,4.166666666666666,31.248376623376622,28.34375,129.72127085877085,56.275587606837604,14.207249667543785,354.84360904618256,2.232142857142857,159.97471565921055,56.85848595848596,135.63946886446885,102.83155068148675,203.97943561521993,24.419000933706815,0.8795518207282913,8.895344035049916,7.398504273504273,5.177808302808303,4.063200280112045,51.89238580047403,24.850579975579976,182.9304360490635,64.69876283846872,27.258165445665444,305.49779320473766,20.125269338504634,37.70871489621489,0.9768009768009768,6.365384615384615,16.331425518925517,27.45566239316239,5.640822140822141,70.22844029751924,9.740628815628815,38.437728937728934,15.1765873015873,17.107625421963657,10.922619047619047,2.4023199023199022,2.936974789915966,5.0,65.40835437710437,13.504426129426129,24.048217112106002,20.498092185592185,2.126068376068376,6.888888888888888,2.551400759734093,0.6666666666666666,12.26193251193251,5.374313186813186,0.75,25.86243386243386,107.35290376834494,72.45704188444215,18.105555555555554,8.49534942182001,6.504578754578755,6.192242114236999,6.680691721132897,28.24313186813187,50.100081699346404,100.46609177859177,26.39049145299145,20.46153846153846,70.12617871035053,5.208333333333333,12.622756410256411,20.773809523809522,57.51928214305665,274.0359856121936,18.424615893365893,61.55228768670461,23.28506587820313,423.96881704896407,8.61638655462185,255.7097517179625,120.16583401548571,875.8947556490981,285.3375901928192,810.9836809803893,161.85094191997786,751.8602727364532,11.019586894586894,1562.732315788747,59.1764208014208,405.1730629331415,484.54290102980764,246.16310192168035,114.84556579041873,10.052285677285676,199.65902266944804,422.24079299969907,942.3753260315176,56.763634513634514,22.678969451028273,28.859145139537294,2706.0248230201178,28.060651539818206,2.1781517094017095,0.0,19.800626660920777,3.625,30.787999745352685,13.49526862026862,0.0,4.027777777777778,2.5,0.0,8.458333333333332,2.8125,34.762265512265515,0.8541666666666666,1.7261904761904763,7.138888888888889,2.628205128205128,2.0,1.736964016375781,31.002934984780826,0.0,8.482151336318003,0.0,9.98076923076923,4.184027777777778,12.578793183940242,0.6891025641025641,11.04524886877828,0.0,0.0,8.305555555555555,2709.4306859969142,2.707344096232985,22.111344537815125,34.55075757575757,1.0414090923725812,14.510016827243717,14.903361344537814,2.1691176470588234,5.366666666666666,8.016666666666667,4.732282913165266,3.392746913580247,0.0,11.043650793650793,4.652777777777778,1.0,0.0,0.0,0.0,0.0,1.6025641025641026,1.2708333333333333,17.80739795918367,31.50049603174603,0.0,0.0,0.0,3.25,0.5333333333333333,0.0,8.649527759821877,1.6805555555555554,1.8452380952380951,3.177777777777778,0.6666666666666666,13.281746031746032,1.7307692307692306,0.0,6.055555555555555,0.0,11.444444444444445,4.368697478991597,0.0,4.542735042735043,481.29015648094594,12.238667582417582,9.496260683760683,0.0,0.0,0.0,17.329166666666666,0.625,0.0,3.333333333333333
28.088277014379955,23.15364479124983,42.04993417821674,30.719597005826827,999.1236148035512,66.69645437986465,56.33331628775708,1059.619007780105,130.81492888389974,40.06952136915372,934.637050125539,86.26183447400552,878.3852175932533,10.653867102396514,3610.9696985637484,2.473958333333333,17.501931434967148,28.27827380952381,53.62290660728161,228.92576864078964,239.07741567921013,20.928352049023943,661.4117996346223,4.6413690476190474,320.5518677105723,162.78235181419933,306.14890083599585,819.3562140923757,617.4432642120282,20.89872198879552,12.30891330891331,41.94799742287487,31.895905629458262,26.493055555555554,91.26850630059185,204.13811226743888,144.5533291674527,137.47298969427072,204.32238018880176,96.86092631497043,517.5246105246263,105.38117006830021,133.7464237151737,22.7546768707483,3.9730892356942773,127.11369196801527,188.26011849184118,143.39045830534886,1508.924051372076,5.42281746031746,5.029207516339869,11.281690917107584,43.10422325495855,77.45959975482035,19.9510582010582,64.83593861299615,1.2941468253968254,8.321428571428571,53.321874948809935,156.12980021354633,31.984917451829215,10.308181605975722,19.761468855218855,15.209325396825395,7.52978389322236,71.9834669204348,49.59920634920635,8.349664224664224,89.40792588402881,109.3333621448548,130.82053709841017,16.15575396825397,19.127810846560845,8.39906905744754,1.2962962962962963,22.715219421101775,393.67870319093015,36.200426003734826,988.4083428801811,1.1363636363636365,8.841765873015873,255.1647394769976,32.48661986161986,53.409346045036834,17.86407956757,274.1873200203792,204.5752670472761,56.536377808699235,51.90557854920277,36.06813028241599,853.0431711025767,126.05387540981305,2249.4329584816987,183.5778125217838,838.2572845223679,1141.0437610070917,1956.7016251521509,792.408071738251,1987.010496973057,17.130118587839174,4089.499758014999,174.29339085514587,719.4183179283245,1085.672931594207,381.57285471426826,735.3676519064461,201.79330305354463,623.6227415684565,704.6308304997731,1766.0013410395143,187.04282748120514,177.52749079864432,20.65566597984223,6038.34443981919,70.7492552233103,32.792175582354155,53.796763647030396,32.97791242054013,7.383184523809524,33.82590324639957,30.849206349206348,2.7708333333333335,0.0,102.81548851319116,21.284989316239315,10.76537212107065,7.888921594278737,359.10782894962875,0.625,16.999604666427974,144.8891535655896,9.483437314319668,0.0,19.563512227384177,68.7433902538288,12.486565865048837,58.2990807567046,4.939770485546691,2.7432208994708995,18.567484190645956,14.84046835839599,7.551765542150157,13.79101800976801,12.404265873015872,1.4247685185185184,44.893323996265174,176.3125496031746,13.161239495798318,15.473184223184221,149.3735644257703,0.0,16.052083333333332,82.40532304230246,8.143995098039214,0.6632653061224489,110.03872610524395,26.99460076960077,7.856490183792815,2.9285714285714284,2.8522727272727275,8.74608395989975,1.6666666666666665,13.92445054945055,1.6875,10.647677815016525,3.8704481792717083,5.1033204948646125,1.3705357142857142,67.04816997086733,31.29039408160925,2.493591934381408,24.08253092903828,17.79492133110554,5.011282290694055,7.830357142857142,0.5,82.71488254392666,0.0,0.6349206349206349,55.13047523399414,0.0,16.124883286647993,5.411931818181818,1.5476190476190474,9.888023630504833,1.4533730158730158,0.0,0.0,1.1607142857142856,20.1673719079662,7.583333333333333,0.9375,3.0,5.075187969924812,4.503968253968254,2.496315192743764,2.4000000000000004,0.7857142857142856,0.0,0.0
124.03646541160185,373.6855510779925,203.7612057467644,106.0950128800087,4436.017714117461,434.8717169706405,201.79552595943298,3863.425207939632,754.8874762161681,83.1091022362623,5241.427770525998,324.9354128107598,2936.835189879993,49.9297138343905,11524.736986131042,86.27552824148975,37.177240521351465,453.9109970421213,52.1372330531096,1268.8970249873012,1331.3197452727607,95.46771907045785,3182.550651584631,56.69847664074337,1547.7621707671522,411.01261722277945,1116.9027748321594,2873.644564641167,1921.020748340773,114.51280709019524,74.48346867498144,153.53210447702472,184.36498867995562,45.80119916633075,349.69203640155126,569.5617555243637,377.65171521076036,737.4364884114867,1140.9393399938667,337.26305121990134,1549.0504581256976,202.07917329627048,176.73921296849795,85.5641050732605,24.675036999660318,334.04354646618646,839.7257910252395,201.0083372968079,3147.9853229133128,23.50899303869505,93.35413440917976,95.24421629497094,104.7595993322767,196.92224251100342,52.992092615682836,197.83858590153028,8.591190263984382,39.87949433164744,112.95646416849976,538.9070049741525,375.2826117187874,58.53016823340795,65.61574107728426,51.10509305193387,48.822707297862095,513.5661261328294,138.8215814756763,53.222552916394136,294.4191174558451,281.218435583791,694.2797094526379,61.73003008174747,42.2870710889607,50.667266534506574,7.784518504371445,104.24914037718105,2049.410133908309,207.18096490236115,4996.778259777027,14.141956437895638,54.03755464430598,1126.875680875088,43.702137226808276,109.2373881976603,60.797776374844425,1160.3946409087655,1168.5261925464504,433.3937068322982,217.22597025507943,89.86003285005889,4239.733512200115,558.5436249394676,8428.258340721683,1380.3680223873243,3155.4480290621095,3614.3899669901793,7687.008118818118,2541.571027480338,10349.901385453019,69.52621441607447,10735.288458175684,766.2698883367618,4177.748033226123,3571.8355769090617,2483.597477947338,2534.16788313966,800.0507283958036,2767.0727190344246,2236.4020542309217,8131.124494183497,1271.52775746919,1042.2510179382593,212.64017971102538,22371.399388039335,148.4217975364135,44.416672900831884,247.8375274835904,131.58222822087032,38.091771094402674,75.49801894626087,56.03531552201573,23.583016085221967,35.17667887667888,92.29265607159577,64.40367730130662,20.72533113663438,31.95446153208758,4364.761092893093,3.1818181818181817,58.66556238657079,581.4725958392471,68.48308231679908,46.39565030557677,41.59903817687175,367.58935667788063,25.057205319853143,72.01700985514373,22.954759984802,20.1498916903175,26.199599101221818,163.67892466869984,35.25921087459549,31.531492871076868,120.8840337251328,10.199151542901543,63.602199625198296,267.26802437455694,56.52137989378568,23.11636012193288,742.4649025882281,24.670422202318754,50.036326976789994,80.27433389611448,28.47576551037838,34.83069476819477,241.72693458492054,95.98069901374855,85.55835167462706,37.02581950398745,8.818160597572362,2.9377737272474116,5.0,82.07999152988319,31.124394192408896,51.25240484877456,11.787460438720942,35.41356777037891,3.290509259259259,572.7302063381685,133.62090438525976,140.1243715276148,92.06468306485463,26.587716059952367,20.78283817780109,35.23272306397306,15.036693391219252,336.1895976865287,2.194128787878788,32.88010435177542,162.0301991611064,74.92377808373621,36.50415775028778,7.785669191919192,9.80512722571546,28.307493439124844,2.411935286935287,18.786128215654077,2.7777777777777777,15.616387887711417,67.95328291965104,54.7849763110986,11.794712775392288,8.194444444444445,63.49491260393716,12.837301587301587,21.174580126323708,11.697330447330447,0.8125,9.772569444444443,14.290491915491915
194.48081682099289,73.41966638786813,117.52220768030558,327.205631634519,1262.3477830351294,174.0415464649909,816.0207105002687,4689.815972248453,1236.191240328772,456.34583059293453,5455.563262504798,386.8473874346423,1158.9054820957822,193.30577299979004,8402.521755945254,132.5959002431825,81.89836890305543,146.47277074777074,364.96848379697644,488.3451327094071,740.8865153481127,591.1031964521429,1975.448914955172,232.92086640211642,3719.3180634598943,1693.8726345971766,1680.6031862734621,3335.952374192062,2937.7285026148647,498.06913801221884,317.09133645553084,129.56705989282483,89.57999044538002,77.62565009065008,190.40592637123666,2524.2700426684214,489.75837737247576,774.9935170761524,1288.378214431845,886.4144650377292,6096.652005198503,1287.835997159244,870.7633702098757,300.0511060415131,152.8897710330605,189.4324404150965,246.16890472430333,152.26710564762035,1241.6440460113834,26.36271164021164,100.73075430388664,48.978000657052945,422.4799997875075,672.092269978453,225.39034971020266,251.78167194755417,67.51715380802545,57.94339515785594,655.4680628604559,309.3564447579399,274.5505388588354,323.15271806917565,163.4817527477582,153.2267922036719,72.57412923519188,125.93387178584445,119.90451639409973,206.96595028379022,269.9187688637185,1560.7035677692231,2404.752101377293,531.7116509984983,445.1006892962545,81.02742096153473,295.0053116239156,376.26557332164305,1254.8743410636941,448.7239141816025,2896.6320822493512,272.2004948074801,252.0991981321148,4374.541109985629,201.087954329621,738.9473118404433,449.2661563829016,3837.7769485012936,921.0622275531532,629.497209501818,565.0902588652216,604.6936046308542,4969.290555196727,325.7972225050961,13250.420710096136,2279.1519614992394,3021.547943898473,5336.218396511133,7572.290016603863,1542.0403169757665,7036.218028884508,394.84946326652164,9839.380806744584,1489.8815080101128,3948.6354747856435,6629.0643356899645,2632.3314404245975,3488.9166298637565,608.0158966490112,3118.0136449389997,2577.728583130176,8295.487020619785,1437.7330877916338,952.1671075836524,1893.1358310190367,28407.114280375536,659.091500689957,105.26926426528613,330.42815582286386,174.13248161023702,68.96972210420486,718.5606519369456,144.9367925945307,27.329829938579937,64.16811854340398,436.50353359111745,72.94716693301253,40.06365961199295,138.96680840945547,277.216365608458,31.298430735930737,104.63194765238939,339.5113971631787,699.5318008057525,55.78587361712361,107.6485143848128,804.1211257810379,40.67283794421952,283.29851337650615,181.66041225908052,129.14935961097726,461.863279488304,247.86428542343305,231.93666302308654,424.9182854296515,53.024892545725876,19.443287037037038,152.71467393118513,957.6638683310784,64.53207761193055,47.346533014915366,147.36636822937695,35.593629242884894,827.3093400121095,656.4126136949378,247.46690514837425,24.758376055736303,132.5497876485686,84.86515968964973,112.86620361656297,99.12626070008423,12.551895653366241,99.11548742938061,25.93508227883228,78.00532474634733,80.83703449328449,104.29031940281939,35.91205967235379,86.20442327287722,9.585615079365079,96.14023538190204,253.2501243360183,81.87162848725349,92.12906484178355,98.35774554392975,143.9553071928072,38.865482973816306,11.930133292633291,1103.5973399973823,27.854166666666664,75.47367803764863,101.11311327561327,44.776675793342456,84.06061937401223,193.05504515002065,16.51298701298701,41.818149838351076,34.81092874362105,8.01013608305275,3.6111111111111107,72.84394931049343,60.182820664184916,76.29248366013071,6.726190476190476,9.690178571428572,104.01946004806858,20.91865079365079,15.928858024691358,16.47443199502023,8.02579365079365,16.22344727032227,91.18846872082166
2.2402777777777776,13.10515873015873,18.595238095238095,7.968915343915343,38.53977272727273,31.819288119288117,64.8649672087172,1341.4685497749012,145.17761144279,55.18793590668591,815.165557282224,364.3532498223836,598.6477192973729,52.07456752903181,1318.1703309829245,7.851851851851851,3.4166666666666665,59.19313973063973,58.07967454658631,130.5209285313452,66.65494397003197,141.33917351970572,231.6776963640934,19.4397266313933,334.2760562797687,200.67040413290414,552.4075488244413,833.666097896819,400.56644236761844,20.797420634920634,12.5625,12.365151515151515,9.991280284043441,14.174603174603174,8.408730158730158,267.4164570768737,58.57896825396825,151.93311457061458,665.0901989214489,52.35642228142228,314.0472333700823,48.72329171506001,76.56459235209235,95.90930594746384,19.62665343915344,16.33234126984127,14.902801511354141,11.073160173160172,1.28125,5.276190476190476,14.03550859471912,217.59400553150553,56.16662873061682,201.41860570352634,13.157242063492063,349.7659003561416,6.663359788359788,86.35672127436833,13.587102712102713,53.84848384640051,23.47706043956044,26.539105107855107,50.16558292862056,32.95959397745112,26.91065030648364,10.924272486772486,35.761772486772486,28.977167277167275,6.6798941798941796,42.13484534645249,59.94200244200244,43.20003885003885,56.57449494949495,4.465486633249791,11.46792328042328,4.6752622377622375,49.0360231271996,17.862935829602495,159.49797595366203,32.06803751803752,14.714870777370777,78.93574656337815,3.125,19.70544733044733,12.931845238095237,93.48229329150382,29.37797619047619,123.3121632996633,12.443479269459662,22.113758430722715,691.1313187225708,244.37918493284388,1708.034855752323,1794.250061793126,185.94905494103702,397.85214738964737,2229.287590153441,75.13369677826199,1341.525885247125,12.699900793650793,1056.7802728628546,495.41220941057753,347.2039732875729,740.0679482716763,453.01887477763034,195.32554439785622,184.53247271734114,417.7791263769647,667.9284372711857,1554.617318078262,1000.0552805083146,107.4144422585212,134.55910471919245,5924.706007359581,6.691501322751322,4.8125,16.042108294930873,3.9183201058201056,6.156249999999999,5.955898268398268,18.692582866479924,11.251455026455027,24.277867965367964,50.72082606546892,15.73128908128908,67.57975069074509,9.282763532763532,3.1,9.211309523809524,6.218567251461987,5.517676767676767,14.0376443001443,22.791396103896105,2.625,16.43555068226121,6.707539682539682,0.0,19.04026914443581,67.62314269724983,48.22210798460798,27.368654493654493,37.226614820364816,7.029629629629629,1.2234848484848484,17.208333333333332,2.2499999999999996,9.731481481481481,1.5034722222222223,6.804750033916701,5.439814814814815,11.723364598364599,11.558767951625093,4.033333333333333,5.916666666666666,157.30699170063204,1.972222222222222,7.795767195767196,3.4581349206349206,7.646825396825396,22.988370811287478,0.7609126984126984,33.25231481481482,76.64161255411256,34.20022847522848,14.192460317460316,7.657738095238095,0.0,8.395833333333334,2.5,3.3541666666666665,22.956349206349206,4.128306878306878,17.964451058201057,16.300595238095237,84.38196214059309,62.17466632214439,0.0,12.482193732193732,3.08531746031746,3.245701058201058,1.9907407407407407,2.94359410430839,7.443181818181818,20.810515873015873,15.707431457431456,3.817901234567901,2.3102678571428568,19.51565255731922,6.7559523809523805,0.0,0.7407407407407407,7.216896859754002,9.571428571428571,15.779394216894216,9.219246031746032,1.0416666666666665,2.7182539682539684,4.93070818070818,22.624819624819622,68.23177182223235
11.189684934833108,26.200716181966182,3.4134863152720296,41.319073711782046,23.11952465559262,14.430449825146795,187.84290141981967,635.7519236611314,253.96215888539766,13.021346565278174,1515.3973854561982,53.99924148095701,511.54801745680135,266.220925894402,2769.994665189632,25.86448200368655,5.149891407611996,70.83804846595463,115.9640065630716,208.1947787091712,195.84202311152802,194.1544660136793,826.7632105570582,15.109180039537183,1207.2512923787922,445.7784913223084,805.8666038949264,474.69452520632626,1366.8482913138955,79.27580760289094,1.7142857142857142,24.739100783442606,13.209206665014745,3.0854477312810644,8.578323412698412,453.3148183973313,138.7986464923965,361.49220719412915,247.86291386857548,92.50508755647644,1637.4657733311892,301.6751890046299,86.14115910883211,108.86412526838868,17.628456601495817,17.408062627973695,26.222342692786928,6.674973036488959,19.409033195831555,8.473708236208235,10.505411255411255,0.5470588235294117,120.91250631941165,116.8736130035005,24.662653069515816,272.90108032235963,5.511435786435786,11.886310838797664,47.94167082917083,24.27467105631978,10.633906343876582,34.70523968838161,59.133102280805176,24.368060837031784,36.23193473193473,19.078382948621044,13.88971766537556,25.10512566137566,72.72281866747952,737.9972352168041,412.68060457684857,107.81963806520372,126.18158617657508,3.1862674362674364,55.09422945881279,84.0705660995272,152.13984274232874,41.44568985732378,155.43687323729262,206.18834118700153,10.040521978021978,685.4250328075858,10.608436044710555,136.4628068816705,111.03975472405779,331.1368206593697,46.166176647426646,105.382551094534,45.71258496893769,51.78894767156962,1187.4240054276518,157.16119569064045,4479.087296992684,2242.681140889543,796.7999201086872,1056.580839364271,5194.812526923149,156.07515087337993,1124.313723732506,25.328413929927905,3939.385712368577,379.26934887770017,1085.2982084052628,1647.1570487624458,680.9818723645054,1282.0230488143388,374.9688311045327,463.9941382321597,722.7667820342546,2341.3738305154916,1198.5614116000563,236.19721722455898,7995.188331099066,13231.06064034509,156.6450060509123,23.665579900263694,369.06663650387316,9.528110294098665,5.590871610234355,110.87712363208686,21.47387566137566,3.6190476190476186,17.05630711880712,81.41805104617605,11.300939120792062,23.562675846691953,50.37685447602888,2.2227222303441816,81.8962640276143,46.21415399268786,1.301010101010101,47.2104305903648,23.450835366079268,8.503306878306878,54.294081747086864,10.849689607777842,40.395973796114774,89.72789658693941,13.149663517310575,50.39558900695264,45.48380424461083,37.97528265230075,80.67279648642872,6.4777176527176525,10.78195735364853,39.32614457919748,46.0568597004019,21.481361640881765,26.64329430540839,18.34165464165464,19.79168933491689,23.16294437820059,75.3428327595607,7.387275017961472,242.3855222991886,18.690275435461082,3.9791666666666665,4.775132275132275,46.70352475961781,31.016338018843253,8.519353588798033,18.421724687349688,64.7971880530317,134.19993389797077,60.40258707776313,22.75710551314543,1.588208768355827,11.979036395703062,0.6666666666666666,6.701649430816097,16.95412353347136,14.143581726915059,82.36457914774536,19.401545214045214,8.517780499923358,35.10877467148475,258.33403882323626,7.323271445234473,20.159405875952515,4.038040373977874,8.513625263625263,0.0,14.731769374416432,52.264274116804735,1.6959984459984458,61.067481215400775,28.924850254423852,65.92447961742639,48.430142668779034,10.256621272246273,1.115873015873016,3.266871091871092,1.4357864357864358,24.844729152761712,1.8392857142857142,5.190271148604482,4.816666666666666,17.784240632279847,7.167443667443667,121.63169186751632
352.6879706352464,138.96371088920108,107.27363870397609,60.96170788958021,2454.6412786009887,680.2432909723342,490.23259171622817,9562.655461563187,712.1744742409256,17.083473584709974,3141.409011760776,59.99220935427632,751.451807133223,11.741886709818674,9197.231311577729,53.848656792265004,98.09419391180211,78.05660295916347,40.264151756227115,377.7643446151888,923.1154456360216,13.97699912551319,1816.529658560885,58.97353133259573,1259.0243627802458,483.1273213872471,1104.0338852242223,3580.642182871282,1035.9923329112314,71.58141079394176,20.50007719141113,38.456328443192156,99.95795635627516,11.580878672983935,322.80507456889444,383.4047948902277,990.7099939663549,503.79067697262917,743.9684195670916,313.9790026255959,1114.8918038609092,157.04042262352152,76.6290084115325,165.82955564349362,13.240200954016743,166.31438936754205,558.9154095700019,66.95192095801043,1087.259837897759,10.381860349546107,98.75274997242106,39.88008658008658,114.05877430767083,336.19104963793797,32.93757214386729,297.9717985883266,27.8907722179781,45.7864969073103,56.52336849310533,203.09455879789365,152.43224703296193,19.919407894736842,31.86731593799425,81.82553862764236,160.5433661690873,289.78671067466087,38.47755581155082,24.77984929058971,156.4154446189739,219.68993805732862,355.55099420504155,72.10541580533463,113.19437764306564,24.620642105760073,8.525006366182836,44.42282929499764,1787.295726047626,45.89999849582426,2030.9466676315617,28.433688127914927,69.13296918249888,1055.5556526508456,19.443431536589063,64.3614596990807,29.197114259001737,562.0916858091741,312.60690058220376,295.33333122600175,91.77264055850716,70.06343940014933,2623.791393373464,170.56395028706143,8939.14355630751,2182.73749223299,2808.211809367111,1748.4163113960562,6031.268053700379,3087.705449859691,5775.9321773986085,92.38354438771105,6858.829123864263,1534.4969085985801,3365.6620055371905,3273.6031292247926,1525.7413357167875,1203.9744630431885,676.7386160362647,1417.657263928341,1552.4049576760567,7011.455053865912,772.5472956133448,1173.0338825621677,273.5495287216099,18700.193265450016,190.50467423777536,40.699881137381134,104.70153830654624,113.2746434851698,47.304820029990175,29.46129063431695,73.27332532663415,16.154090122840124,22.92584706959707,144.10559377347258,93.0223990705218,7.6913178022863615,133.6498120382574,1642.6562168788596,5.357632182632182,75.57654510667903,1464.9269279508223,73.06259409862896,12.99265195588725,25.5294918496138,314.53301747089057,209.30292281394264,53.97289434703227,25.009362043185572,15.242341298635917,89.1292220894824,513.2108459661206,28.64019767625537,79.93798698572006,64.1023018693021,8.028693528693529,18.460507815770974,13.904307079414838,15.858938827858973,11.973129668176107,490.5924763296934,36.741268287422336,15.864778925702247,61.85533851860984,3.957239058078441,30.013333657083656,151.70540365787897,55.19647337920364,46.015046820701315,14.505895318383976,6.050494787075669,14.09221285537075,0.0,58.129039315497415,45.42813929443831,180.36168041350547,10.045060467854587,13.238125138344436,6.111111111111111,451.3044781064595,81.16862204623762,256.89210933659973,9.504254234540078,61.86006024181405,57.104282075548305,101.20918109668109,6.38646004378763,1034.248082756962,6.96204543371941,28.76657798521972,153.9612897708873,50.60229601972703,24.678582688476908,4.335858585858586,15.61182657212069,6.130668223385482,30.86239084989085,39.13426547909307,0.6944444444444444,43.034843451755215,67.53325158039333,5.795169742538164,16.6705748199663,0.7777777777777778,79.25456498799981,3.392857142857143,20.410031858307722,6.736066017316017,1.6830357142857142,0.9027777777777778,14.425856088356088
68.80504396407851,64.00152254753966,40.30682591218305,108.67871440534256,2352.0230752368316,89.56998480765401,178.47536378812165,2406.7471323736254,539.4532800727219,12.661525974025974,4526.138878905278,69.57683982683983,1380.769898212135,21.607035876370787,8034.365301007696,152.36877204585537,25.91899113427782,118.62012987012987,6.788690476190475,153.70260599132916,512.7447326253217,79.98263144456219,1035.4026567074839,4.732733430362741,1949.5539888686185,317.7209560082553,206.6335701844249,1707.5259107517363,1982.1997879936357,205.63624620512667,8.017107892107893,39.92662074302439,44.95922813569872,21.118506493506494,62.86724277900748,303.1075480199885,29.95637757040801,144.1779592705719,309.0893280427136,10.792431139122316,817.9571412535191,96.103782611986,25.51540959040959,20.898854617604616,7.7933673469387745,42.00058129312331,312.86380929599113,87.51773877312715,1026.9219914607982,5.847222222222222,58.717450305685595,3.4821428571428568,46.25297923251792,83.97620148419075,30.729617604617605,81.98519739536611,2.0518207282913163,40.635912698412696,52.30419372294372,107.42433268843872,128.61704784382334,27.44902289996275,52.89994658119658,4.59793299639394,3.982905982905983,129.6964759111098,21.40428974620151,37.64884207271425,107.32767675535204,137.3125421489088,746.1848451383214,40.475,52.31541295549916,19.06533853573327,0.6875,163.72148472816198,2056.8767710922366,18.11111111111111,1544.9586716913486,17.802083333333332,1.8587962962962963,370.143637463365,75.65452847805788,78.9087581743735,31.03247882531983,292.1654846601054,102.23909248697724,100.48510501843835,24.217995784172253,195.3569292474783,3166.7048730350057,160.62345697975624,3567.629637249799,784.6630902471586,3711.832269864682,841.3728834498291,4606.043656498785,1919.0291549181636,3014.947385111282,118.6042851963579,5613.725097767238,655.8126630242687,2776.06952627656,1967.8074176988835,932.2954539354755,1827.2213333399552,298.4828270331328,829.6312038165704,2748.1302378269966,3203.3972784894786,478.5193912910696,817.5660237669616,143.82238295037908,16486.421723045907,35.65382710323186,15.487238663793963,37.5460566024489,59.34699465586093,4.375083967756381,33.103383251448726,3.286772486772487,25.740937738731855,2.0572916666666665,7.321969696969697,89.06453170871274,7.173144257703081,5.833333333333333,859.8848159275444,9.027777777777779,118.13351808027836,183.84484996342417,33.92247875581209,3.6111111111111107,12.609126984126984,129.9956321495187,6.333333333333333,15.944870503060157,8.344130834151843,0.0,23.080717893217894,8.532936507936506,0.625,62.84400815854793,104.77122678018576,0.7111111111111111,30.410789156172836,698.3187137521488,39.904766651477175,3.5317460317460316,252.1004745254745,45.964538239538236,72.81480355203188,8.014554429840574,17.647155493085727,9.40151515151515,112.4554849329009,26.976202412783294,23.6459229390681,28.240708909826555,0.8333333333333333,0.6031746031746031,2.0,29.38913378011783,0.0,4.302469135802469,1.8777056277056277,9.539042198484923,0.0,41.330382253911665,0.0,1.654351395730706,23.04802489177489,0.8333333333333333,0.0,0.0,11.944444444444443,75.53438384923348,0.0,9.001082251082252,28.381519769912625,28.98397636720005,16.160808767951625,0.0,0.0,19.869252635094565,0.861111111111111,0.0,1.6666666666666665,0.0,25.91086725094078,99.54028406234288,0.0,0.0,0.5555555555555556,0.0,13.558770437999762,0.0,0.0,0.0,0.0
51.51996367374773,45.66164363414363,55.87497944521938,260.9576451510705,1172.4382156710142,627.7269232865438,1139.9550867386986,5740.586462757311,1584.2774915820673,774.3738752765578,9616.80101810615,3189.60235226147,4312.5797197829725,1166.7466389723782,30320.4496668308,161.6947799977353,28.13392802731038,1514.8471350597392,1629.6535210127213,4575.802130412123,1190.5775760126605,2849.352662834715,4203.151003291495,442.3732821068766,7589.598894096928,2389.388664456403,9112.861882840165,8796.599466457925,10845.028006462853,741.2696820994715,74.39277256308506,80.89538246631209,29.799400748158057,169.23431406556406,101.001405752862,2742.053401249782,967.9731724252255,6880.1807937703,2277.200033037849,722.9651406394629,3086.6921137614213,650.199231509233,790.9058993984098,1068.127961291404,56.535517964587434,65.04713676787071,61.55970207315907,48.92279934261358,161.90243499035336,226.40607994653672,185.8559372864867,308.99387337879983,1270.5748637832596,1286.9694523874969,144.52893456507806,2540.971449964653,98.74069078190195,931.3089821431341,427.83990745223866,664.7874913197629,125.44599478224839,1015.3528493239039,630.0383099627662,141.5051546621856,471.24650097572163,100.89687312959371,1274.5371457795895,593.8081448884348,190.83362154769182,641.9537439769449,723.3827669866312,352.70277640003667,517.3051519354651,24.50831811377477,318.77688734621853,131.24468235706013,594.1366390736586,375.8115106076031,771.3889320650214,492.61937922721177,163.09539367351073,782.1383200736684,82.8344758500873,500.01502941252494,698.4530482036572,1789.4451671818972,1105.8793789739718,927.5264060364179,330.21135741304613,952.3428375383312,8330.190252804605,3070.0219409064484,23876.948012507873,46323.203785502126,7167.21550401129,4535.225125719752,32222.215942486044,1201.186413114338,10536.103291277968,176.0641025223028,25543.675003467153,4181.5809456348015,8255.497513982802,12052.319090885441,10824.855026717805,4457.2118930834795,3608.5396303188245,5273.119520175443,3804.764350260817,24854.12500846443,5651.077486717026,2009.2284913980723,29276.99930233042,141828.197580569,595.0840891647448,387.2397249719577,1417.9813266819451,52.24742860844548,37.77844828231733,98.67657787370099,1027.8838428112585,88.05300579097485,451.99143755824156,516.1873793975601,264.5798678536267,548.3390860385862,278.52109033419663,72.68582382370197,617.4737104700245,174.38132497613066,59.28159727405417,138.32103530188894,314.0533628069763,4.946581196581197,266.1835261590836,152.2398439853797,237.00363311797133,717.6111562881945,421.13524174382945,238.21216715783652,815.8627737622131,547.4020853266288,290.5355050211836,58.27264279994165,77.85970195991747,191.21655917365518,908.809077881262,55.756237594105244,206.38788369204295,93.97610669183945,251.3612400782604,226.0119566602244,134.83465727264146,75.55468520745099,11988.652024093664,63.91985187242695,33.72317907402703,40.0696078761596,70.35224718458292,658.6082406360426,27.250032194639473,274.13654025242624,309.22117657812316,549.7492832531861,303.39660962322745,264.129680667916,21.251369657711567,38.707174464061715,42.20922506612162,216.34556500552824,539.284494386518,80.30257671638562,642.912560548809,707.7076504570687,414.60743131751536,470.07117703536017,327.61045693527024,228.24565929834432,100.1162132898683,48.907094005531505,34.4076556352598,11.163050507693365,187.48940592166218,712.7950568969743,31.857326799017976,494.89257246389263,177.65414656830097,1992.1647889357819,279.00047550942156,58.38339313168801,132.14648434354316,159.38138926979843,185.41011201761202,416.3752618201205,68.48355328450265,15.61608838692172,35.193685807656394,166.48016290173152,180.074013264273,4924.183934477734
43.64285714285714,28.347763347763347,41.10353535353536,234.74291956550022,488.6659552321317,301.0151247626738,209.61473983532807,2360.9483497982537,671.9564254417223,67.9795586833258,3563.256698283987,495.8866004356589,814.8580177853657,211.7799598062756,6882.050553118643,24.849664224664224,22.66865079365079,230.33363785337468,131.1481346161653,574.6799180996162,409.99837199837197,500.5818393703035,1443.3005529866048,29.057350057350057,2100.6859414853084,696.2502452083095,1762.09926681019,3905.447317953412,1926.950797768794,228.7174899309144,24.282738095238095,38.89606227106227,22.61080586080586,57.685539606592236,90.52579946329946,1305.2624569877603,222.95335362092328,1157.7474111005265,483.8898855320424,189.39326599845532,3116.4240353051755,748.4711399224557,197.2411749470573,253.84641747141745,37.78113553113553,34.99451447245565,144.14134476634476,62.34812940327646,100.21434583934584,16.176846100759143,30.416000666000667,27.00036075036075,193.15802395059362,405.8261910948679,73.4957264957265,270.4898220107779,20.380522255522255,46.4781746031746,159.9979326229326,188.54290925124258,69.14241759846783,185.88435087350223,185.1974326450133,72.45291745291745,79.85629892982834,67.0688431938432,48.37990196078431,124.51592851592851,130.16115657554013,521.1855868181838,725.8897905816966,104.63270178895179,307.46592432976405,15.706349206349206,51.98021885521885,171.2360646599777,257.81543456543454,100.80871212121212,929.4005598446388,131.87211726182315,56.27312599681021,1209.7784778907069,15.34126984126984,174.19911565207218,131.53091759206046,730.8732922645594,348.3957290139698,329.49405512520264,101.38116993873572,260.1288305013795,2262.141988199542,383.65438300384227,9339.41453071183,4485.0618767929855,1341.701456413479,1427.0890896809758,5861.427467456979,946.3106490184467,2203.92272512671,147.54610435860437,7086.669650647119,829.4338511056994,1859.1252885847741,2607.041396021854,1797.8143282967887,3424.713279326415,645.8775461016999,1608.75327096791,1178.4210233883673,5351.777460649641,1318.521651880398,493.7803823539012,6696.400390051886,26791.710990499363,430.79948670467246,115.53841991341992,382.6597742994059,60.998702686202684,35.7281746031746,207.22988774304562,112.92857142857142,34.00595238095238,27.930056055056056,123.46105691693927,52.70833333333333,107.78445165945166,38.08558802308802,229.0340739507406,151.52819402819404,49.77096273291925,70.59481074481074,213.0659201909202,106.05728041022158,37.50822829131653,178.84672272172273,24.746031746031743,74.09259259259258,170.58225108225108,86.63059163059162,170.59983072483072,153.21725496725497,104.84788250964722,154.53117986368633,30.123015873015873,5.909090909090909,75.81303048635172,176.88182012750977,27.031203364536697,54.30977351428171,50.398989898989896,18.88203463203463,189.69896093270705,226.81023811643115,70.03979392926762,864.9434749782972,175.3690927128427,27.572960790702727,9.252765752765752,31.254079254079254,21.696811473127262,18.42910792910793,40.94660894660895,40.29754183015052,117.8402788731736,67.23293210057916,20.86111111111111,35.01612933849776,17.833333333333332,6.25,3.0555555555555554,34.98412698412698,45.05357142857142,127.85898823398823,99.01304397357029,49.83382140735082,156.63482350982352,545.9151822022918,24.363095238095237,19.69973544973545,14.487484737484737,25.404761904761905,16.648148148148145,50.488747363747365,54.61219336219336,21.24621212121212,42.93571048834207,31.01015651015651,107.78622376959973,56.14788866104655,22.006639194139193,49.11111111111111,26.049783549783548,19.74206349206349,52.4244307966438,2.5,6.7351190476190474,4.0476190476190474,9.281135531135531,25.126082251082252,257.0036332714904
3.4865900383141764,0.8333333333333333,15.883295276152419,4.432076145438215,202.79216110254342,167.28299136760674,166.80947272649684,516.1934766625292,40.49862929940137,3.209800523018914,555.9346364367776,64.09940299883908,148.39127469421888,40.72722437736805,2021.2023571122838,11.760344274712091,1.0535714285714284,67.43010849949297,840.2054162782056,100.72318374059103,47.880513377639815,236.52341039283203,176.19015866754896,15.027305159789055,219.55260129620643,161.6177459264819,570.3037019527601,1206.4484506309725,401.9898142847152,15.017457804666222,0.6150793650793651,8.545574457159823,4.579517704517704,1.2692307692307692,9.125545272096996,84.34732982369961,34.3713772923543,1143.3824217174213,63.06858669311474,156.45258676508675,76.01100427217334,19.051483065885925,75.01310202310778,30.431650246305416,3.012234413096482,1.985325764061396,11.40111995284409,2.965036014405762,10.887152120488578,10.27460618085618,31.997642555401175,4.595238095238095,102.05237204562702,85.62140743270542,2.2182539682539684,93.47218666472385,3.1748009701240902,28.383401553137272,42.85978940416354,23.497807202907776,4.34901738473167,24.385333620627737,12.511379316951977,14.120376430721258,9.481464895257998,5.078514739229025,111.79080236051121,18.033470307895595,10.63014114450896,67.83862525927545,57.15792720914425,2.233960483960484,15.62730040373185,1.0416666666666665,15.441248885214401,3.1205813264002917,23.638029837747883,21.186468544227164,57.08795061911912,17.65781627554442,26.243412717550648,41.445124349841635,1.2142857142857142,9.75705329153605,2.8560751190061535,103.7035341066689,23.22694541203669,365.2658884474756,29.74457615607041,5.770133419208272,1014.0214950239523,107.81123105223601,1211.109961664429,3845.9081076141397,639.9307754972332,1224.121942062952,2450.952633377579,519.8703043208009,1803.6533068234771,8.226146869004012,2699.3877505200185,181.9526432680467,647.2350313298397,1116.3434300007111,329.20192143095255,430.3097629584339,57.271845060489625,389.0730424307197,326.54518591801497,4360.261750968384,609.2818466095702,104.88154128768025,451.95451284021783,10982.191344699198,36.69946394905344,5.2815657333537285,12.30716004183783,2.3985042735042734,10.921256212922879,1.5198811804415253,20.148947143391588,2.4557897871792393,13.574092574092573,10.770858770858771,4.010285531837256,7.386616193480428,24.980558974431524,11.526984530261968,44.52501617156789,2.594788031316091,1.0501470645148805,10.302199264124551,30.00576677589924,2.2374847374847375,12.509177763488108,0.6415343915343915,20.567139209996352,35.1286189640969,1.3719667943805876,14.988564596323217,347.5548189138993,2.605004498507442,8.466750020570169,0.7739961188237051,7.595785440613026,3.052324006346995,19.588600375738057,1.1666666666666665,3.878061224489796,10.90503557744937,26.76098733641837,4.250948930296756,2.491789819376026,1.906062886666335,284.67560206575246,1.1033290896095773,0.0,10.054734537493157,0.9195515813162872,18.107425542539843,14.656433343737419,9.961219336219337,12.662318527514605,39.43096718096718,1.2954144620811288,0.8673469387755102,0.0,0.6086309523809523,12.999227783710543,2.654613095238095,24.30570818070818,2.234993614303959,5.535788923719958,50.61859627940864,26.15678897821755,66.44317725393259,31.678723096826545,15.491885429385428,3.4262293155971317,0.0,2.697968697968698,2.1587301587301586,29.058642928609967,6.006263243061046,0.0,28.727782865282865,5.855143016834279,61.043521811076886,5.184947768281101,32.501847450123314,1.0476190476190477,8.234427768910528,8.306878306878307,3.9850655880067642,0.6477591036414566,2.2222222222222223,0.0,6.542929292929293,96.88703734537067,97.94111946386417
15.411190855927698,13.918730158730158,12.593406593406593,109.42816324340296,39.46962357817621,19.98741697799917,361.6976001826687,920.9595105072502,162.38085589131822,71.16036414565826,1500.8361224252662,90.20190792077233,657.4814670977171,206.19214896214896,2432.318600078408,6.934523809523809,7.675264550264551,213.1373038073038,51.814584027084024,259.16276404250965,461.98163480038477,438.49143777518776,495.1711230057821,5.712096332785988,1211.0868378061566,573.5842363423614,1014.5282328340502,1959.4199976081416,1598.4397669020807,329.3368591462655,1.4186507936507935,48.00085978835979,0.9047619047619047,114.65286935286935,3.5224519632414366,589.8522452987694,22.13425925925926,329.0926958979655,341.4299926924927,47.31527777777778,819.9518646656489,41.07630241611935,93.50997867872867,60.72835858585859,8.819444444444445,57.90595099345099,6.388888888888889,10.231746031746033,3.427579365079365,14.722755889468218,89.45000499500499,20.888125763125764,776.3148889101095,138.02685869685868,2.4965277777777777,701.1480508326097,16.786165223665222,63.14419191919192,197.98019156769158,33.056628094128094,16.57201479076479,187.90874089133132,174.0226304728724,51.786739417989416,20.20436507936508,7.062626262626262,77.92202380952381,234.84516233766232,22.978472222222223,73.92027417027417,30.97926957301957,17.18888888888889,116.11435185185185,2.503968253968254,26.897354497354495,25.7235754985755,164.63848594402387,22.04733460983461,96.34561743748387,200.40110870610872,54.80246743996744,159.63003724216958,299.16898148148147,90.4466575091575,124.85126602849205,713.1395197395198,111.41212651727358,156.60595885595885,16.798076923076923,144.31685425685424,1276.108352245834,446.8960954810297,1697.2092204956562,3849.5183346290723,1585.993799123016,1373.1042818646495,2738.8121078137992,45.48023088023088,3191.887148559247,25.756064841591158,2741.0313977136393,367.09315860065857,2049.5998086565537,1576.7918284072298,1925.2390633862901,366.8420521070924,510.17571412620174,663.8134169071669,1321.588100323739,3086.5208191258403,839.9664813155254,1006.1677910712295,502.2583782025551,13037.726252717517,90.79085609379727,76.14047619047619,104.2677958415111,11.871825396825397,1.1759259259259258,1.8333333333333335,35.89923369375424,16.11706349206349,17.184757236227824,43.43492508953035,68.46828463203462,46.765496540496535,233.0013719124013,0.0,26.19097915972916,18.08065476190476,5.066239316239316,28.8502886002886,19.243619670090258,0.5555555555555556,7.218253968253968,10.646825396825395,20.63691537220949,56.92545553574965,53.20722455648926,8.087862137862137,48.889789377289375,32.7758658008658,54.7844246031746,24.6875,14.519586894586894,20.730573593073593,13.0,7.4017857142857135,15.165875986758339,9.0,16.191558441558442,35.20181878306878,3.8285383597883595,7.338935574229692,463.36339472174996,5.469696969696969,9.30925925925926,0.992063492063492,0.5555555555555556,18.539550264550265,1.8253968253968251,31.16828529657477,20.523959836459834,47.01264213502858,33.51785714285714,23.967777777777776,6.602513227513227,6.946428571428571,0.0,6.5625,21.03491055513114,6.808245828245828,21.82323232323232,62.18250152625152,46.0361050986051,73.96567449998514,4.472222222222222,26.268217893217894,65.46666666666667,95.82400793650794,24.77281746031746,12.448412698412698,27.916666666666664,27.44100729517396,25.515873015873016,23.138010508010506,12.984126984126984,116.9045147319141,57.9994708994709,8.395833333333334,8.386904761904761,6.666666666666666,14.427777777777777,9.772827866577867,2.121212121212121,2.556394993894994,4.083333333333333,2.361111111111111,46.43681621408894,120.70548421961092
25.914030328674894,3.970238095238095,18.652030509173365,37.89476602302689,122.39584435961247,39.177502421820606,791.3238474712219,734.3000891202719,358.2616894884129,21.5986050986051,1699.2235243109162,69.15888031077189,771.7696544197009,80.96930698269983,3372.299241936469,83.05254183034613,22.921518383795398,136.28241045123048,230.89172899600538,144.9687760224525,491.1964325142399,150.43453310162732,739.6214604204096,8.999943310657596,1888.6485785603716,519.6101712402722,939.954850065924,1514.588408471688,799.9789770800435,184.80540470073032,13.23488375050875,21.196251450269305,29.22663139329806,16.26984126984127,27.767739541603177,664.9941889243629,139.53717986482343,638.8511204012461,92.11946892658314,120.44999773996622,561.2885918957805,114.27201847859743,113.54066640400833,263.10533276595305,41.42766955266955,12.966822739550011,20.087537410375756,9.616416010848784,119.08163907517671,24.63304156161299,8.63592796092796,1.0523809523809524,418.6746104747409,107.44491811699604,10.593489843489843,141.41741004841813,7.427683427683427,21.157928491261824,105.790180045082,58.944684944684944,23.785186296740918,94.8660294643628,54.088875013224154,20.807856803690136,144.3303665341493,17.881456638599495,22.499225014403585,42.98455084429783,11.898672438672438,269.24171128172287,333.3001856380238,164.36267676824951,486.9126366765971,5.6775863025863025,248.18071932252923,34.89121125543565,180.45937302465663,879.1928026440813,219.50752073899648,708.9677543720968,116.29616436195383,432.9882281982668,30.859337884337886,104.38380407260438,38.56744907094286,509.83275589249615,18.250301484230054,753.8396170090955,124.60458445227353,319.4956523473674,1931.3072720915875,79.19828778410354,4660.203407781866,2589.1075089949886,891.0493154382076,2966.818461976195,4559.219332052786,621.6229324859582,2694.3454633054025,101.55785698229988,3689.184076404415,1038.0569692816143,1999.715335373513,2096.709435233261,674.46810886751,1070.0359686504605,439.8227471507543,808.2037712731598,1304.011279334209,3629.770118556001,1345.5783540692069,978.1656090557487,2648.9309935916904,12574.371217823329,652.5937939691431,51.39212320219751,183.30676088406778,23.973329580472438,6.443269428983714,28.454050579050577,17.933170533170532,1.25,13.119223446954539,275.1882938398031,29.074370856392754,10.11975275490313,176.8447354388531,5.461620225013082,132.66342685092684,46.40384801565025,211.77252731152566,65.81348991616848,31.65199615199615,15.74086099086099,38.23530404780404,39.72111076753934,119.9125848862221,205.02543703573116,16.411460067710067,96.63474331263197,201.4004456025011,79.76222934025353,90.35571660925696,21.396825396825395,3.101731601731602,40.54941859818942,15.690418679549113,2.4500152625152625,4.8033502958968795,13.21164021164021,100.59280282938485,12.220622976057758,108.19761227098184,11.118551587301587,172.74085034158622,35.37888474102938,6.9261294261294255,8.874907720145815,16.869510119510117,26.24376171487767,8.404433949888494,18.645487614237613,55.27780749440413,116.44101007839926,325.1664195689931,2.805784603403651,15.539804937126364,2.619047619047619,2.8703703703703702,0.0,76.08596681096681,11.53870093751046,309.95653281054996,47.502447552447556,9.196557410843125,62.38447544518973,154.68996611076443,26.598393803908507,51.20802854928108,10.418614718614718,26.613608613608616,3.1044432419432417,35.64467338217338,18.485546798880133,4.573554917304917,101.9249658175645,6.12272863690931,33.66367343908623,105.78016705516706,10.160588309397832,0.0,6.473809523809524,9.109577922077921,45.01698860773266,0.6785714285714286,9.184761666904524,0.6818181818181819,0.0,22.50621292287959,103.81289289043299
210.7749514499006,100.14598211637264,72.65082415266217,145.16239246321823,3202.6468583552387,768.327376184176,536.8795807351148,4470.441596374686,666.9331052194132,21.382310294061654,3737.834957147539,129.47670535126298,4267.639575951952,27.527038082492602,12304.450320548995,171.8635621309831,106.28442845004471,65.06430619796559,22.517076149970887,228.79500744541312,1236.3724552398937,57.5095962160277,1802.066150898886,25.087121004793417,2353.884393119463,1305.0784273561922,1378.6297458308395,7048.935455016358,2119.753479004184,291.9126971238596,22.53246084458603,96.11858474998277,58.30928933066281,2.5676406926406923,122.81398206066795,483.37336288817005,315.45888012669957,315.06414984100536,664.7605013435007,55.7883722099989,1476.9255683107133,581.4836218636723,54.21939603340465,101.56755763393694,6.238102175602176,118.17804378017627,791.8407331830115,94.39676293543255,1400.442888824818,15.876718858626752,295.3054187721391,19.059559884559885,237.1467455755506,203.01310252321798,35.984992784992784,456.5028949620828,7.416666666666667,28.529822450276995,150.94223054767312,155.82673771706212,249.68030043417414,30.890153233010373,127.63450530333337,40.637781009250745,13.470488768396008,281.9874869941292,38.02692177716198,136.23124095632238,337.4054115659233,852.2044472565292,842.0775321446414,31.191189222033376,105.89292133473167,30.626908532080947,3.6494199238764455,63.83732635826953,1548.8916834615384,43.61864332985022,2650.041351595194,51.235380833042456,16.391469162362974,1064.9604258574027,46.05653142386059,97.15265382597505,51.83073200956062,555.5123338514929,219.63889051407952,246.09055407171564,57.70391125519301,236.25222324523918,4004.9778687893204,237.53137522442844,14948.901606495636,1795.7754861788708,5657.212605234525,2103.536643221877,4942.743217238986,7727.528217935131,5323.44903317789,103.294191075911,17875.67535303532,1513.5345808509917,3414.381157071483,3387.611484393657,9158.91363658204,2808.5065228917865,1521.6915131173816,3928.0707634649057,5249.39381540127,8374.159852095876,888.6791842531351,941.6333414059886,276.96019448659945,37265.18396831805,127.60874306179757,46.38686463318816,134.60899055011095,55.76767908017908,63.07710416977658,32.624607755560135,28.036886724386726,61.41171791171791,22.177845463715027,161.0494525519804,157.22749966702844,14.842211109452489,95.1346355033855,3446.762695038083,1.547198172198172,92.6192451728166,341.8860737979723,57.121382470992486,3.930726884771002,13.261621315192743,296.98565067407964,35.205637608012566,30.58587086184636,23.21322196322196,3.689088738310308,130.79731671669057,98.20419840200684,15.484708695488047,93.24973547201537,149.50677179962895,5.157287157287157,56.79132842408218,90.2371373836891,26.640479629991123,13.908089829738817,530.6698065207424,6.396178534109568,62.16522119833469,46.24023546222632,28.335670954205437,76.31873340025514,132.56432839355634,138.96014316995354,46.57629213591857,24.10651329832364,2.0833333333333335,7.693121693121693,2.5,224.7322432846542,5.706295093795093,114.44033616927057,4.8847465886939565,52.005514705882355,1.8518518518518516,200.69607500369236,10.015157256536567,592.6999909702037,23.919371585093,56.03081297598142,36.07100753983871,3.525477994227994,560.3406198686371,164.34866361324748,2.2162574267837427,23.849713580908112,69.20864922114922,21.681057404596366,27.846836541958492,7.0,14.37180735930736,22.048270129956176,94.39466089466089,7.599458252475493,2.6157407407407405,6.086111111111111,140.0610543945628,34.62518037518038,4.913104360518154,2.530864197530864,54.17914575318326,6.041666666666666,68.54737232754474,2.0654761904761907,0.0,7.291666666666667,7.165824915824915
10.833333333333332,2.583333333333333,15.421296296296296,39.26637559970893,729.6435919019252,569.6418049543049,55.211996336996336,1011.0187158520491,82.22552678802678,33.18819953194953,1975.6417452697215,53.85403639570306,561.7483148024814,25.453638101664417,703.0447934554552,5.886752136752137,2.9166666666666665,355.4578823953824,124.52132263161674,129.2438928355595,222.89458304041636,130.48939806108922,348.80609512948223,12.966184836874492,216.00567457234123,192.80802731219399,570.9821576843635,1057.26370654128,826.0889335431002,42.21762265512265,0.7638888888888888,20.214285714285715,7.666666666666666,3.020833333333333,7.053030303030303,152.70085067262485,33.11111111111111,1194.5246739623012,216.62223424723425,72.13053613053613,127.02114089614089,109.54523809523809,91.40443023112256,156.77968906093906,11.467948717948717,5.553571428571428,8.53596866096866,2.361111111111111,9.5,33.26554232804233,9.5,20.30448717948718,53.15665584415584,70.78783369408369,0.9324009324009325,153.26397368064033,43.423611111111114,375.28983867088704,17.401143790849673,321.38075967242634,13.916997354497354,43.75801132418779,38.78959697709698,68.06107164440498,32.11471861471861,11.599839430721783,429.6164622414622,10.707431457431458,10.6315386002886,51.565386002886,59.08047739297739,58.565268065268064,14.740918803418804,13.175925925925926,10.081730769230768,3.020833333333333,89.92482493140388,25.210431369705564,82.32313519813519,25.411706349206348,12.083333333333332,49.72140822140822,25.78472222222222,39.65079365079365,22.912037037037038,147.30937308878484,528.1388715451216,68.14738502238502,9.225108225108224,68.57175925925925,687.7261904761905,135.41426536426536,1192.950254524171,1907.057435476583,400.25482903254925,442.25124875124874,1777.3258818506395,244.93073053120898,1159.1074279563527,4.972222222222222,1425.538548884466,389.3533230054969,507.71000569522073,541.1967876178402,757.6310007525823,586.9550230610381,102.09379046879047,673.7852024805954,1554.9146324158967,3090.9393908045404,616.2033887781871,147.89938458514308,227.1455192995763,6860.021810498874,75.41238605082691,147.00108225108224,17.483585858585858,9.739583333333332,8.972973785473785,7.259259259259259,11.317620650953984,8.693121693121693,18.916666666666664,16.875,9.389069264069263,38.374014874014875,33.78661616161616,6.666666666666666,864.4724827641494,0.0,0.0,4.6726190476190474,9.125,1.1111111111111112,14.228114478114477,2.5,18.557900432900432,27.504013347763347,34.613425925925924,28.770033207533206,35.31646825396825,20.591810966810968,53.388888888888886,13.083333333333332,8.86111111111111,40.772306397306394,324.93455988455986,7.106481481481481,7.857142857142857,11.597222222222221,99.6578568856158,5.476190476190476,1.0096153846153846,53.33291245791246,138.87388537388537,6.458333333333333,5.729166666666666,4.416666666666666,2.547161172161172,7.113095238095238,0.0,10.092592592592592,5.0,16.874174436674437,21.159493284493283,7.939814814814815,0.8600427350427351,6.277777777777778,33.72222222222222,123.91534391534391,4.652777777777778,9.61111111111111,26.878517316017316,18.234126984126984,134.23720238095237,36.969997594997594,13.077651515151516,1.976190476190476,9.791666666666666,6.333333333333333,2.5,5.476190476190476,60.638947163947165,6.402548209366391,9.055555555555555,25.583333333333332,6.997176434676435,4.229166666666666,5.208333333333333,22.91602147852148,42.207070707070706,17.852092352092352,17.77777777777778,4.5102813852813854,2.833333333333333,0.0,5.443833943833944,0.641025641025641,32.21617965367965,113.36147556147556
39.01581256434198,75.50204579657624,107.42481850937733,245.15784218504805,2082.75351815108,674.4180237395999,352.81800041461804,3524.55981973071,712.2806590165203,471.7345837650004,8246.275241124496,417.3363524746858,1376.3976897716673,181.36737415229624,6999.171575144877,86.21170075990337,67.53538800705468,648.0421337150503,328.2139627488422,1418.448632918519,374.44883400152855,764.0429819535499,1221.6045252984793,92.50228174603174,2065.015418441269,750.9627063284433,1397.1405906097839,2040.3218857981108,3204.044487888104,312.77247523423296,35.949600671659496,129.0751012273071,93.32802486094153,171.43448565323564,103.32582288354347,1050.8504282951217,282.7581668144658,1659.036861625195,957.3387552417439,570.1495371371159,1482.377200148323,328.75747282722415,372.1229857267493,235.11252944440443,110.00844327307742,148.10398414053225,268.61608639721385,125.44320919357683,345.09305345931375,59.05883435995481,172.26236834334873,125.94433853183853,566.5338747561472,208.33423751707363,45.8286413749649,247.67455456097022,30.77932098765432,1816.4133551799075,320.0495983032339,970.071482689328,126.34859678795544,204.24360381443714,349.677610740165,242.7381477945983,87.33590568382235,289.0314404852185,397.6776142684476,174.5750110967723,272.93340940730644,1033.7112316997216,618.1904860445244,280.3175665323541,203.6496324921745,116.48469633579927,134.26438863319723,159.70251029154215,489.2889549714917,463.445172248234,1222.2078799880571,131.50115964917435,190.29959462274937,683.0535213252138,302.4284169196669,433.5740668248103,144.5737201200734,711.7286426668827,1464.6776832186601,328.33590283295325,296.4088372163707,249.5719182091381,3531.2957075893,403.368582827135,5188.990681203211,2723.0318934515253,3782.0263578603867,1815.0761804575152,8106.9727490550995,1171.1091446082296,6696.096066781839,151.0821237625772,8258.524875325498,1096.973362333542,2031.5320474819366,4252.182871242742,3916.257293206687,2201.2381142633853,641.8373999233241,2053.784756229085,2397.8380295324687,7087.279778763086,1229.227776140683,623.0169378099708,1769.3753090230236,20262.26702077711,356.04228174682635,157.6903114118392,188.01341235924568,187.12373918370767,38.12784938826605,102.6269375183795,135.03427238070094,29.57438271604938,84.71837301587301,188.14884794658605,56.065596927323114,193.18301519986042,64.4144730114268,320.80989475012046,236.48587795948907,57.70575551264277,93.98473778400249,81.4447501336717,27.474371693121693,77.75343352181588,204.972064704462,46.22060185185185,126.19761199054929,156.03197078747323,174.91607704513427,239.85267188058853,123.08652194211017,54.009445995051735,237.24874536367182,24.178489257655922,84.66617063492063,176.56596286943508,4089.461574720229,54.59588631986507,37.15490630012689,353.6598563372638,60.29328528517619,249.19628708450486,274.4904007833316,173.73136470918334,66.45023448773449,37.75203399541635,49.86673820178722,56.86325837742504,90.9509577732902,89.5019356261023,43.29480525693761,40.573830409356724,119.87674875505758,38.743274767171826,27.690391737891737,25.7390873015873,50.59759149029982,53.23475172975173,103.41095892811579,200.45078018494684,62.67746913580247,63.53068488791528,67.40709175084174,98.3846345103698,126.02717488176448,35.26160052910053,251.08862136378906,203.4423721340388,58.769290253138294,75.94055294896309,26.62608467920968,51.52808181677229,132.9994212962963,28.442791005291006,49.5482675848117,18.981813186813188,49.31724833808167,25.256349206349206,8.852319453422394,77.54011603043466,395.89273211022436,19.22986728879586,106.05534340659341,10.177945665445666,12.558862433862434,19.868233618233617,106.93346560846561,37.10912698412698,14.036044973544973,57.518577796472535
54.34621188542757,93.93188333608501,14.109977324263038,213.15007259702637,6.672335600907029,9.515873015873016,78.92448734544323,220.97032960425818,210.2684168947299,7.659391534391534,1604.9051314951,9.052579365079366,345.01753650684964,34.57150125007268,538.7851943827541,21.084776334776336,22.286073578615596,57.75012190190761,23.043650793650794,816.4427683758041,169.32520751113188,84.27302360338075,1103.8553054443628,9.166666666666666,1649.7467745423478,1422.268566433484,2350.3427501050924,319.97002082332136,1848.9975869118034,82.53339618675753,0.7936507936507936,12.82360048396463,31.727721012647482,37.296612331801406,43.10348722822462,1416.0476964037457,97.95732004923181,62.04587657712658,1563.7013001119303,426.62308241737514,2566.2866276136674,490.9510569382676,253.90753971557544,405.0286524607253,59.388416477702194,54.35875650765357,9.603174603174603,30.592171717171716,10.128968253968255,9.011718197379963,24.160065793994367,2.6666666666666665,1005.8850419978239,328.12499877249525,30.13575708061002,97.44231909935691,5.069444444444445,5.023148148148148,211.51508052716036,195.95387119494262,28.334603285758746,166.87473832125443,60.06243280140339,16.23987211843802,25.833333333333332,17.65028789293495,5.957067170302464,203.65704721088125,29.38071188071188,2619.5289261489365,2490.3718804461423,36.72931697931698,194.20646945646945,13.055555555555555,376.87612162191994,283.0373253225144,942.0137084897414,26.490386525712612,307.14327814459114,27.231570512820515,10.483985260770975,1937.1973048802531,20.484597918421446,146.43453837828838,269.5833299325946,187.91351414303094,14.207070707070708,513.4300185206173,38.39313641854765,42.48127369634722,319.6471211542115,36.462007782911144,12337.584322255843,332.09627031335714,1738.0773968095396,3215.0241144792135,4948.97241864895,108.14770264166272,981.4938937249336,162.38412224835542,664.7410414923545,381.7932502099519,663.8505346791043,3257.699481957201,194.18951740564134,1131.4897986545045,596.6659864541517,450.0217533134384,833.8886619255317,4448.564357951505,1774.3387314730817,666.9607284995066,3298.1549573918837,11390.738749842916,371.3349775807759,16.716269841269842,50.30483405483405,39.152752515147476,28.261208290620054,735.252979394296,39.57099531731885,35.88987817349162,72.34862591112591,45.97637085137085,20.34984133513545,23.12413662046015,19.14478930655401,1.0363247863247864,16.84065934065934,69.64143801459979,1.0416666666666665,183.0821814189286,3.571428571428571,26.12320483749055,906.585214482711,1.4464285714285714,60.23198723934018,69.58267947330447,40.46920374598946,63.05723909934344,15.855338264659602,289.4808349242077,137.89693417188164,11.504296162909608,60.299192320025654,58.9815840866261,22.843614718614717,44.2747486620911,9.985119047619047,2.89021164021164,5.171957671957672,76.4664896533594,202.85736518772234,47.88127809603373,13.45540027605245,7.948412698412699,7.8124805477746655,14.815769742240331,233.66623897306303,2.358630952380952,25.324992791729485,49.487463924963926,6.7291215728715725,8.899440836940837,292.1977351352351,113.38989532293104,47.17575085589792,35.70422632922633,0.0,12.278769841269842,13.358585858585858,69.67265795206971,34.88140331890332,13.820954106280194,11.67824074074074,29.914682539682538,616.9291818223015,45.596170033670035,113.42464643199938,11.142015834111422,5.732323232323233,8.492919817499649,0.0,167.28447230679373,45.61400883197102,2.2916666666666665,55.49001924001924,6.155015197568389,40.029761904761905,40.66984941801118,0.0,0.0,1.7724867724867723,80.54501154094116,1.4732142857142856,18.803853317421243,1.1111111111111112,2.576058201058201,9.443611282896997,5.954365079365079
