1141.7189627179423,116.18770546252689,361.57118867243867,418.54717497469363,210.05867397320756,287.4998166852298,657.4104043855305,226.42673152035934,531.8037822131572,547.5145482890125,772.584137571501,128.15296286425018,49.060460901729556,343.27711488266925,609.288356843166,279.24052845781296,1032.0468863272622,75.19246031746032,415.97877216698646,224.49421974850546,274.14246088839576,438.7546564556679,313.96910954785955,441.4942062831348,511.61866597688027,110.17384216584847,354.9966382260779,279.24361076753934,966.8169428556222,1873.4518102551037,601.0529236107807,174.58229568248225,337.79780887782755,154.33833603896102,40.93273809523809,44.64512471655328,524.3257453855668,114.49773809523809,582.7345520352663,346.44827599483847,372.8519167010238,15.757876984126984,56.520905483405485,228.47910311910312,34.799095349095346,30.38174603174603,48.598214285714285,44.4977818147461,1076.354539095697,29.94185606060606,99.94289442039442,145.6934763905562,27.760027472527472,34.73793650793651,12.030753968253968,161.51769684019683,18.987373737373737,24.195238095238096,28.893831168831166,9.746200396825397,21.53718820861678,50.913411753590324,121.07179799056664,3.609090909090909,178.1499975949976,29.10154761904762,110.12006562881562,128.77315476190475,124.74755462791177,41.26941137566138,214.91936611008038,4.936111111111111,4.305555555555555,7.326256613756614,15.49547619047619,6.553174603174603,209.73488378024092,1.9794207317073171,140.71115457294027,11.044642857142856,23.318993506493506,11.50215934858792,20.007023809523808,10.47797619047619,2.381666666666667,45.048483684774006,275.31286916786917,36.766666666666666,97.82155612244897,14.415555555555555,26.715575396825397,119.31990763865764,35.32525510204081,25.274772727272726,130.9195202020202,141.52358214536787,91.44679041532186,194.98097222222222,105.25932745825602,200.17253205128205,5.833333333333333,214.8973750455893,19.13095238095238,9.016666666666667,15.689520202020201,25.450177798392083,221.80563681027965,40.162103174603175,7.291666666666667,25.233759791795507,169.0930361373405,233.62482295482295,29.152261904761904,2.173611111111111,3.190909090909091,31.165437802937802,5.819444444444445,18.995833333333334,8.172501803751803,22.947738095238094,3.333333333333333,1.99,30.675595238095237,15.588095238095239,18.13767857142857,17.26718820861678,23.199669312169313,6.742346938775509,19.081941391941392,4.753138528138528,1.4930555555555556,49.156462948815886,208.05915293040292,23.371031746031747,20.586411736411737,314.52479875283444,32.35674036281179,2.2,74.00873015873016,42.9781746031746,23.207539682539682,4.583333333333333,1.4119047619047618,51.49583333333333,8.998015873015873,12.014657287157286,5.756102231102231,1.55,1.0047619047619047,9.13125,9.617063492063492,1.3988095238095237,43.45939720332577,0.9642857142857143,9.557372191300763,20.2515873015873,15.00595238095238,48.21332621082621,53.021230158730155,32.14365079365079,41.638690476190476,11.983730158730157,4.173611111111111,0.0,12.380079365079364,3.386904761904762,162.91091063698207,6.231977513227513,60.43154761904762,1.1056547619047619,0.8142857142857143,10.303273809523809,2.030952380952381,0.0,0.0,4.15,2.7380952380952377,1.6875,1.25,30.325595238095236,5.416666666666667,35.830059523809524,24.8219246031746,0.0,0.0,21.875,29.740891053391053,2.8172619047619047,4.053571428571429,12.785290404040405,0.5678571428571428,6.492063492063492,1.0525,20.512023809523807,6.027097505668934,10.555555555555555,9.752896825396824,4.03125,1.5674603174603172,52.454325396825396
812.3452649077649,108.57638888888889,95.36805555555556,278.4836711711712,26.13888888888889,67.7468037890832,65.59623015873015,166.78472222222223,122.11904761904762,327.06133633633635,105.25,283.57118725868725,112.05753968253968,321.5173611111111,24.23611111111111,90.00450450450451,171.27879665379666,178.35963642213642,55.201388888888886,39.95833333333333,309.0987237237237,418.30113937466876,80.5,68.0,352.9503968253968,10.125,29.541666666666664,33.95833333333333,28.412725225225223,257.4841403903904,88.46602852852853,168.49166666666667,62.013888888888886,31.645833333333332,17.291666666666668,11.11111111111111,38.98611111111111,117.68253968253968,114.60714285714286,37.320945945945944,59.875,51.82539682539682,3.125,9.270833333333332,19.166666666666664,17.59722222222222,21.857142857142858,121.4375,20.25,19.916666666666664,29.600694444444443,25.27777777777778,53.22708333333333,7.333333333333333,88.50347222222221,43.270833333333336,80.02222222222223,0.0,9.666666666666666,25.76539039039039,31.833333333333332,22.916666666666664,14.027777777777777,23.680555555555554,21.11111111111111,8.333333333333332,13.583333333333332,6.458333333333333,63.70238095238095,12.5,12.333333333333332,6.25,184.61111111111111,2.5,29.059523809523807,5.0,10.541666666666666,7.166666666666666,20.980555555555554,13.027777777777779,9.166666666666666,6.666666666666666,9.083333333333334,4.375,0.625,1.25,34.625,23.77927927927928,26.194444444444443,15.833333333333332,30.59722222222222,16.680555555555554,4.583333333333333,1.9791666666666665,15.591269841269842,5.833333333333333,4.791666666666666,27.52777777777778,7.666666666666666,20.757936507936506,5.666666666666666,3.958333333333333,62.785714285714285,6.708333333333333,13.633333333333333,16.25,23.4375,13.972222222222221,8.645833333333332,8.75,9.166666666666666,8.833333333333334,4.875,5.75,6.666666666666666,5.0,3.333333333333333,4.166666666666666,27.208333333333332,8.75,4.375,2.5,8.506944444444445,3.75,9.166666666666666,8.625,26.723723723723722,13.69047619047619,5.291666666666667,21.25,19.458333333333332,7.0625,3.9166666666666665,5.416666666666666,7.375,1.0,0.75,0.0,9.583333333333334,5.416666666666666,9.895833333333332,12.041666666666666,0.0,6.5,0.0,4.375,1.875,0.3645833333333333,0.8333333333333333,8.862612612612613,4.583333333333333,0.0,3.333333333333333,0.0,4.166666666666666,2.5,4.583333333333333,7.9226190476190474,0.0,10.0,5.416666666666666,0.0,0.0,0.0,2.7083333333333335,7.5,3.0555555555555554,0.0,1.25,0.0,0.625,2.5,0.0,0.0,3.75,1.25,5.833333333333333,0.0,0.75,0.0,0.0,0.0,5.0,0.0,0.8333333333333333,1.25,0.0,0.0,3.75,0.5,1.25,0.0,1.25,0.8333333333333333,1.25,0.0,0.0,1.25,2.0,0.0
2012.904317525853,207.1929816798514,192.64822816072817,311.6718410334326,108.13886124240601,242.20786130336825,204.56646874950445,141.82264593020162,314.8023944115242,268.0047420062301,304.17413836163837,162.5974163947578,393.0070959949743,515.5193930928406,200.53156924493132,250.4370294245421,377.9593931809627,205.87439296814296,246.29811088188188,157.49282727854157,511.86508107030687,549.3289572006489,250.57978248603249,177.93908505515648,431.53814303862265,134.20194686266115,23.527354829078966,80.0106930767645,476.3033480267955,1146.0098972304618,230.53931336520623,254.6010775359754,127.95294025004846,35.450015262515265,24.957188644688642,49.79408884766028,99.8687899402185,94.2267766955267,76.49102633477634,134.49707841761412,56.79320927088784,18.13998950396009,21.655122655122653,95.42766955266954,21.8462475024975,69.37152777777777,267.7383671898769,66.67193967668038,378.1310214123434,65.56161454286455,62.874642514348395,69.69916492237921,8.208409645909645,2.8827838827838828,8.75,86.65994294448241,75.83566908237961,1.5972222222222223,3.8272907647907646,21.106646825396826,34.667008983080414,124.97643248656351,100.33984501195322,10.862062937062937,66.68154761904762,2.46031746031746,38.202497665732956,63.34860625485626,25.599569081711937,2.2023809523809526,40.1840490858348,5.306051587301587,7.909356725146199,30.84875541125541,3.5506854256854257,89.6113513864515,47.26524123635468,11.943881321930101,13.678713151927438,2.5892857142857144,11.169823232323232,2.13265306122449,19.382530663780663,19.5690386002886,3.058712121212121,25.41499763677183,38.30402236652237,35.98778305028305,19.73371568907283,5.977678571428571,14.505952380952381,68.2252886002886,34.31287102621689,40.8313492063492,25.66360028860029,52.019563274027554,18.402229921819472,35.781302031302026,8.361549165120593,28.323412698412696,27.734154734154732,147.2001887001887,34.448502886002885,10.9375,3.172138047138047,20.88793547722119,98.26147959183673,22.451253607503606,7.109126984126984,9.481292517006803,25.206554195626687,73.50946275946275,2.306547619047619,0.9593531468531469,2.3214285714285716,6.64341418385536,25.88098244348244,2.8125,16.547619047619047,5.629464285714286,5.437823614294203,4.311011904761904,14.774801587301587,3.5446428571428568,2.8522727272727275,12.964002267573695,6.171950598421186,0.2040816326530612,3.3571428571428568,0.0,0.7291666666666666,38.236041736041734,38.36643217893218,5.629442195231668,15.138167388167387,57.140172327672325,2.5138068385248835,5.166666666666666,8.458333333333332,4.670634920634921,31.558531746031747,1.1231060606060606,0.0,0.5952380952380951,11.959325396825397,6.080357142857142,9.946518759018758,13.107767232767232,6.023809523809524,1.0277777777777777,10.29374098124098,0.8571428571428571,2.986667102738531,3.5218253968253967,7.618131031581492,0.5,5.560657596371882,3.2837301587301586,12.313457375957375,7.779761904761904,8.771657509157508,12.60218253968254,14.618975795446383,7.253246753246753,2.875,3.5863095238095237,3.3432539682539684,4.5,48.654621998371994,0.3970588235294118,19.75960012210012,1.064664502164502,7.845238095238095,0.0,3.7777777777777777,0.41666666666666663,4.998015873015873,0.0,0.0,4.309523809523809,0.5,1.0,12.96031746031746,3.333333333333333,2.609126984126984,17.320283882783883,16.518127705627705,46.32774725274725,4.300595238095237,2.931547619047619,6.0,17.4643759018759,1.4583333333333333,0.0,3.970238095238095,9.019841269841269,1.4772727272727273,0.0,2.970238095238095,15.068938006438007
546.3578581871345,100.68472222222222,147.11875,235.84848484848484,14.979166666666666,63.141865079365076,18.595833333333335,58.676785714285714,67.51458333333333,281.9300595238095,69.94444444444444,114.29166666666667,25.701388888888886,215.91438492063492,26.775694444444444,142.17222222222222,180.08353174603175,25.356646825396826,65.53690476190476,23.12847222222222,56.827083333333334,160.859126984127,26.520833333333332,126.36944444444444,190.3986111111111,16.229166666666664,19.006944444444443,62.81289682539683,39.86954365079365,121.15714285714286,109.97638888888889,41.26190476190476,49.80555555555556,6.75,59.45337301587301,5.733333333333333,10.368055555555555,31.291666666666664,37.03415404040404,3.4000000000000004,21.26190476190476,12.07638888888889,88.30902777777777,11.333333333333334,12.083333333333332,9.924999999999999,8.868055555555555,32.375,38.37083333333333,3.3402777777777777,6.006944444444445,47.912562656641605,94.26699561403508,12.1875,72.09722222222221,13.316666666666666,35.763888888888886,11.749999999999998,5.559027777777778,36.9375,12.020833333333332,26.208333333333332,1.7708333333333333,32.760416666666664,1.4583333333333335,4.94047619047619,2.583333333333333,2.6666666666666665,7.166666666666667,9.229166666666666,3.958333333333333,0.6458333333333333,21.072916666666668,28.354166666666664,4.604166666666666,0.3125,4.822916666666666,0.6666666666666666,17.583333333333332,8.1875,4.6875,9.581349206349206,2.4166666666666665,104.79444444444444,22.78154761904762,3.833333333333333,17.36111111111111,0.9722222222222222,6.95,12.73611111111111,3.875,2.208333333333333,7.625,3.625,3.625,2.1875,2.083333333333333,12.666666666666666,5.677083333333334,6.708333333333333,2.5,3.6160714285714284,30.0,11.23263888888889,12.5,3.4375,1.4583333333333333,0.9375,1.5416666666666665,5.020833333333333,0.0,17.614583333333332,21.364583333333332,1.1458333333333333,0.25,0.0,0.0,0.9375,1.0,2.2916666666666665,12.791666666666666,23.226608187134502,70.02430555555556,5.1875,3.5,6.263888888888888,1.6666666666666665,0.8125,4.9375,247.84407894736842,25.6875,8.4375,0.75,0.0,4.395833333333333,4.8125,0.7916666666666666,0.8333333333333333,2.3194444444444446,0.5833333333333333,12.629166666666666,14.660416666666666,5.944444444444445,1.0416666666666665,16.96527777777778,16.625,1.7291666666666665,0.3125,1.25,0.0,0.0,2.5,2.083333333333333,1.25,4.791666666666666,0.625,5.520833333333333,2.083333333333333,3.333333333333333,0.0,0.0,2.5,0.5625,2.708333333333333,0.9895833333333333,4.25,0.0,0.41666666666666663,1.25,4.166666666666667,0.0,0.0,3.125,7.083333333333333,7.646825396825396,0.0,19.493055555555554,2.0625,27.558333333333334,0.625,3.9791666666666665,1.71875,0.0,16.25,14.145833333333332,1.0416666666666665,2.2777777777777777,0.0,0.4166666666666667,2.9791666666666665,0.6666666666666666,3.958333333333333,1.75,0.625,0.0,0.0,0.0,14.041666666666666,0.2777777777777778,0.0
110.82064040190974,3.4318181818181817,3.2403846153846154,9.462797619047619,4.444444444444445,11.098299576240752,6.7559523809523805,10.825885225885227,4.5,17.435515873015873,5.000763125763125,5.889005602240896,3.6385233918128654,14.364370748299319,1.3479885057471264,2.841024340770791,4.317460317460317,3.1944444444444446,13.333333333333334,2.5,91.06810897435896,16.04375,2.9166666666666665,4.0625,37.33902208902209,1.6666666666666665,4.129310344827586,5.945741758241758,11.69326923076923,8.560325091575091,6.738782051282051,0.2272727272727273,1.7410714285714284,0.6675824175824177,8.877747252747252,0.75,2.25,3.9556623931623935,4.5,5.119047619047619,3.4472539015606243,0.0,0.5,0.75,3.1486013986013988,0.0,5.369047619047619,0.0,5.535714285714286,0.0,7.813865546218487,1.6517857142857142,2.8695054945054945,0.0,1.8660714285714284,0.0,3.601190476190476,2.708333333333333,2.25,0.0,0.625,0.0,0.0,0.0,0.24872448979591835,0.0,1.3235294117647058,0.0,0.0,0.3991596638655462,0.8035714285714285,0.0,0.0,0.0,0.0,0.0,0.0,0.40178571428571425,0.0,0.25,0.0,2.5,0.0,0.25,0.5681818181818182,0.25,0.0,2.272727272727273,0.0,0.20089285714285712,0.0,1.8494897959183672,0.5555555555555556,0.0,0.0,0.0,1.6666666666666665,0.0,0.20833333333333331,0.41666666666666663,0.0,4.3,0.0,0.0,1.0,0.0,0.0,0.41666666666666663,0.0,0.0,0.0,0.0,0.0,0.0,0.0,0.0,8.226495726495726,0.0,0.0,0.0,1.3235294117647058,0.0,0.0,0.0,0.0,0.0,0.0,0.28846153846153844,0.0,2.4107142857142856,0.0,0.0,0.0,0.0,0.0,0.0,0.0,1.125,0.0,0.0,0.0,0.0,0.0,0.0,0.0,0.0,0.0,0.0,0.7638888888888888,0.0,0.25,2.86875,0.0,0.0,0.0,0.375,0.0,0.0,0.0,0.0,0.0,0.0,0.0,0.0,0.0,0.0,0.0,0.0,0.0,0.5734265734265734,0.0,0.0,0.0,1.25,0.20833333333333331,0.2777777777777778,0.0,2.1428571428571423,0.2777777777777778,0.0,0.0,0.0,0.0,0.0,0.0,0.0,0.0,2.5,0.0,0.0,0.0,0.0,0.0,0.0,0.0,0.0,0.0,0.0,0.0,0.0
550.7299171626397,85.12003968253968,125.48970705220705,91.80584272002181,61.878763649286036,247.0705559601521,96.00143298059965,151.72141053391053,108.10341047841048,134.82429453262787,54.33775946275946,259.24100294987585,79.80013083930994,267.53283167022505,122.80879401569057,100.12383981805888,174.82705026455025,113.10515873015872,149.68755305152362,47.113756613756614,337.2446373071373,592.1263945518657,99.4805996472663,79.71949578199578,220.88260582010582,10.583333333333332,58.740603904397005,139.1809371184371,100.3624574016365,299.8222128578311,158.26451673326673,105.69445800142762,51.56901010818921,2.26007326007326,42.09867216117216,28.5334145021645,44.24404761904762,84.4455266955267,27.930555555555554,86.78312183459242,156.18203843308885,1.6274928774928774,31.501984126984127,5.190476190476191,18.160409035409035,0.625,103.62291153835271,0.8333333333333333,75.07059651817715,56.43849206349206,108.04265873015872,54.988756613756614,6.022893772893773,7.881944444444445,37.370039682539684,64.97023809523809,22.77245670995671,28.93215811965812,16.734126984126984,0.0,77.31926406926407,33.91468253968254,37.9755907960199,15.833333333333332,10.622874149659863,10.532828282828284,8.537581699346404,0.2777777777777778,10.666666666666666,7.74468954248366,15.528679653679653,2.0476190476190474,10.493055555555555,2.206349206349206,11.222222222222221,3.5256410256410255,36.201479076479075,26.091908091908092,5.138888888888888,6.0,0.4613095238095237,4.969336219336219,10.166666666666666,0.625,3.8819444444444446,0.7027649769585254,17.31953463203463,13.842803030303031,15.180555555555555,9.832341269841269,20.90674603174603,28.782879818594104,8.944444444444445,10.734036796536797,1.75,61.158114761055934,8.78990464344942,27.112103174603174,19.942189754689753,29.830128205128204,6.666666666666666,53.83823121323121,1.4406565656565657,27.767857142857142,8.828042328042327,23.90277777777778,18.375679059502588,20.942099567099568,5.0,6.317550505050505,1.1318407960199004,8.125,3.476190476190476,11.069444444444445,5.160714285714286,22.12797619047619,12.59920634920635,9.705627705627705,1.8055555555555556,1.9791666666666665,2.7320261437908497,0.625,6.111111111111111,3.5416666666666665,0.41666666666666663,0.0,8.317279942279942,9.942918192918192,0.8333333333333333,3.1428571428571423,8.121475746475747,0.0,20.10708041958042,2.333333333333333,15.0,8.895833333333334,22.697420634920633,43.675595238095234,15.13888888888889,11.901289682539682,8.94047619047619,23.22008547008547,1.3333333333333333,8.854166666666666,2.5,4.230248917748917,1.5625,0.0,4.322916666666666,10.216269841269842,0.9196428571428571,12.098214285714285,2.0238095238095237,1.75,0.0,3.208333333333333,0.625,0.0,3.9310897435897436,0.625,7.385760073260073,0.3125,0.9166666666666666,2.0,2.5694444444444446,0.8333333333333333,1.1111111111111112,5.607142857142857,2.5,0.3076923076923077,1.2916666666666665,1.2599206349206349,1.4583333333333333,81.57142857142857,0.20833333333333331,0.5555555555555556,0.0,48.50694444444444,7.638888888888889,2.1785714285714284,0.2777777777777778,0.0,11.848214285714285,0.0,1.9563492063492063,0.0,7.750686813186813,3.5,0.3571428571428571,0.0,9.294642857142856,4.968253968253968,0.0,0.625,0.0,3.2720588235294117,0.5555555555555556,0.0,1.0714285714285712,0.0
212.23499592297966,52.106384220354805,18.372607376283845,101.46479786553316,24.86846405228758,33.04728349673203,24.704481792717086,60.955555555555556,62.909216464363524,102.9345821661998,9.473039215686274,61.33455882352941,11.977591036414566,162.24112978524744,29.409593837535013,90.28059056956116,70.70261437908496,24.753501400560225,72.0125466853408,29.173961251167132,116.3485644257703,156.48217203548086,45.458333333333336,39.80643090569561,117.04651027077497,13.333333333333332,18.05065359477124,39.93939659197012,13.394607843137255,162.21148908281262,22.855392156862745,57.05257936507936,23.61519607843137,7.5,4.791666666666667,3.125,28.958333333333332,21.52485994397759,28.958333333333332,16.700757575757574,5.625,8.525641025641026,2.5,5.948529411764706,3.333333333333333,3.625,13.056547619047619,7.361111111111111,23.730392156862745,0.0,11.197537348272641,16.227167182662537,33.178884711779446,4.791666666666667,35.951388888888886,12.027777777777777,17.202380952380953,18.16421568627451,5.76797385620915,19.270833333333332,14.508578431372548,17.357142857142858,8.75,37.32142857142857,8.708333333333332,6.323529411764706,0.0,2.5,12.8125,1.4583333333333333,0.29411764705882354,4.730392156862745,19.0625,20.833333333333332,16.90972222222222,3.7916666666666665,9.166666666666666,1.25,4.355392156862745,7.0,1.4583333333333333,6.125,1.6666666666666665,8.125,0.0,0.0,4.166666666666666,2.9166666666666665,3.958333333333333,7.791666666666666,2.083333333333333,5.0,0.0,9.5,6.666666666666667,3.333333333333333,1.6666666666666665,9.970238095238095,4.166666666666666,6.458333333333333,0.625,14.976190476190474,29.375,2.0833333333333335,0.0,0.2777777777777778,7.25,4.125,1.8888888888888888,5.398809523809524,5.416666666666666,6.958333333333333,1.0416666666666665,2.083333333333333,6.875,3.2434640522875813,1.1458333333333333,0.3125,1.25,0.8333333333333333,0.0,0.8771929824561403,0.0,3.653617216117216,2.8472222222222223,1.25,4.240196078431373,5.0,3.333333333333333,14.19078947368421,6.25,6.249999999999999,3.0925925925925926,0.2777777777777778,0.0,1.125,2.5,7.5,0.0,0.5,2.5,12.142857142857142,1.25,0.0,0.0,0.20833333333333331,0.0,0.0,0.0,1.25,0.8333333333333333,1.56875,0.8333333333333333,0.8333333333333333,4.791666666666666,1.6666666666666665,0.0,2.083333333333333,0.0,5.0,2.5,0.0,1.25,2.5,0.0,5.0,3.9166666666666665,0.0,0.0,7.083333333333333,0.0,0.20833333333333331,2.5,1.2916666666666665,0.8333333333333333,0.0,0.0,1.25,0.0,3.125,0.0,3.75,0.0,0.0,0.0,0.0,0.2777777777777778,0.0,0.0,0.0,0.0,0.5,0.0,0.8888888888888888,0.0,0.0,0.0,5.208333333333333,1.2152777777777777,0.0
125.63882469654529,6.747058823529412,8.634313725490195,29.22192513368984,1.7156862745098038,29.639297385620914,0.3735294117647059,3.1,4.914425770308123,26.91176470588235,12.098039215686274,84.14822595704949,10.614495798319327,39.285574229691875,0.8718954248366013,82.1109477124183,14.205392156862745,10.9109477124183,10.671078431372548,0.22058823529411764,61.79231442577031,56.978758169934636,2.75,9.16813725490196,35.665756302521004,0.75,9.897875816993464,14.965686274509803,6.007703081232493,48.89485294117647,17.87205882352941,9.333333333333334,6.670751633986928,0.3571428571428571,4.916666666666666,0.0,3.5416666666666665,3.2034313725490198,4.262878787878788,4.94375,3.270833333333333,4.333333333333333,2.4166666666666665,4.240196078431373,2.5,5.895833333333333,0.75,3.5,3.4280112044817925,1.4583333333333333,0.9068627450980391,8.645588235294117,18.642857142857142,0.8333333333333333,29.166666666666664,4.475,4.625,3.935049019607843,0.9901960784313725,1.5238095238095237,1.6782212885154062,2.5,0.0,2.458333333333333,0.0,0.0,0.0,1.7857142857142856,0.625,0.25,1.9607843137254901,0.2303921568627451,0.0,6.125,0.5833333333333333,0.3571428571428571,0.0,3.125,0.7720588235294118,0.0,1.6666666666666665,0.875,0.0,4.358333333333333,2.5875,0.41666666666666663,0.0,0.0,0.0,0.0,0.41666666666666663,0.0,0.0,0.0,0.5,0.0,0.0,0.0,8.333333333333334,0.0,0.0,2.5,3.1041666666666665,3.5833333333333335,0.0,0.0,0.0,0.0,0.0,0.0,0.0,0.5,0.5,6.208333333333333,4.375,0.0,0.0,0.0,0.0,0.0,2.5416666666666665,7.416666666666666,3.625,0.0,0.0,0.75,0.0,0.0,0.0,42.05833333333333,10.083333333333332,1.625,0.0,0.0,0.5,0.5,0.0,13.648809523809524,0.0,0.0,3.0166666666666666,0.0,1.4166666666666667,0.0,0.9166666666666666,0.625,0.0,0.3125,0.0,0.0,0.0,6.0,0.0,0.0,0.0,0.0,0.0,0.0,0.0,0.0,0.0,0.0,0.0,0.0,0.0,0.0,0.0,0.0,0.0,0.5,0.0,0.0,0.0,10.488095238095237,0.0,0.0,0.25,0.0,2.5151960784313725,0.0,0.5,0.0,0.0,0.0,0.0,0.0,0.5,0.0,0.0,0.25,0.0,2.75,0.0,0.0,0.0,0.0,0.0,6.25,0.0,0.0
503.2169898873527,76.72916666666666,84.6845238095238,29.735119047619044,48.13690476190476,1.0714285714285714,119.61706349206348,92.50892857142857,34.81547619047619,72.41071428571428,69.00297619047619,78.52380952380952,3.2291666666666665,303.8093711843712,0.8124999999999999,106.39294733044733,60.67857142857142,33.150793650793645,45.53968253968254,43.410714285714285,338.3991702741702,140.34310134310132,23.08035714285714,173.64880952380952,122.49999999999999,2.4999999999999996,35.300595238095234,0.31249999999999994,1.607142857142857,343.8981054787506,63.24999999999999,49.03205128205128,12.277777777777777,21.116071428571427,1.7499999999999998,44.357142857142854,0.0,98.0188492063492,0.0,41.841269841269835,0.0,29.336309523809522,10.374999999999998,0.0,0.8333333333333333,77.87003968253967,10.841117216117215,24.95238095238095,0.0,1.0714285714285714,0.0,1.2499999999999998,0.0,0.0,3.541666666666666,37.40178571428571,29.13690476190476,0.3571428571428571,0.0,59.041666666666664,0.0,0.6249999999999999,0.0,0.0,0.0,0.0,142.4003427128427,27.692841880341877,0.0,0.0,0.0,9.320436507936506,0.8333333333333333,17.654761904761905,0.0,0.0,37.49801587301587,0.0,0.0,11.999999999999998,0.0,0.0,0.41666666666666663,8.277777777777777,7.187499999999999,9.230990783410137,0.0,0.0,0.41666666666666663,0.0,0.0,14.226190476190474,0.0,44.44940476190476,0.0,0.0,0.0,0.0,0.0,0.0,31.681547619047617,0.0,0.5,28.937499999999996,0.31249999999999994,3.7797619047619047,36.125,52.666666666666664,5.398809523809523,0.0,0.0,0.0,14.999999999999998,0.0,0.0,1.2499999999999998,5.654761904761904,0.41666666666666663,0.0,0.5,7.94642857142857,2.8571428571428568,9.375,0.0,0.0,5.333333333333333,0.0,0.0,0.0,0.0,0.0,0.0,0.0,0.0,4.586309523809524,0.0,0.0,4.166666666666666,0.0,0.0,0.0,0.0,1.125,0.0,82.22916666666666,0.41666666666666663,14.833333333333332,34.5,0.8333333333333333,0.0,8.291666666666666,0.0,0.0,17.05425824175824,0.5,0.0,0.0,0.0,0.0,0.0,0.0,14.345238095238095,11.148809523809522,6.121031746031746,0.0,0.0,0.0,0.0,1.857142857142857,0.0,3.1249999999999996,11.386904761904761,0.0,0.0,4.0,7.031784188034187,0.5,0.0,0.0,0.0,2.4999999999999996,0.0,0.0,18.0,4.999999999999999,3.4999999999999996,8.857142857142856,0.0,0.0,0.0,0.0,20.680555555555554,0.0,0.0,2.125,13.291666666666666,30.979166666666664,0.0,0.0,5.058531746031746
455.85406867480896,247.3969262705082,64.15914130803836,222.37346447511612,50.02654853777784,31.776953094670702,60.366376095892896,272.8433759867583,71.77746675593313,112.77848639455782,119.97123932906496,144.01830348489463,14.816330636732305,198.61391633767934,43.49131598001309,239.99117721519923,304.26856310706097,133.60548461808966,199.0393115579565,112.99086942469295,156.28554186826244,312.9354385071532,11.01453081232493,69.38074707155589,440.62954113463564,22.45063858876884,155.89175832036054,22.470720106224306,87.89692347993018,551.5480344410491,97.72920115015702,192.91895264098403,56.95952958297747,0.44934640522875813,7.268707482993197,11.722603814252974,95.16786032594855,14.136467086834733,17.705707282913163,46.616254193985284,52.68866465583902,0.6440826330532212,5.448511904761904,14.072656107897703,2.5248891223155927,22.395958383353342,2.575221755368814,0.0,16.556622649059623,3.553221288515406,11.909547152194211,46.550641089769236,11.876992463652126,3.6274801587301586,19.417223707664885,34.316201480592234,5.9904761904761905,82.08338107970461,0.41666666666666663,3.721813725490196,20.744047619047617,131.37707166199812,17.94704959098067,5.34375,17.50267607042817,18.63702981192477,28.537087789661317,4.526785714285714,9.77923669467787,21.21875,6.7120098039215685,0.0,0.30092592592592593,0.6527777777777778,11.608134920634921,2.5416666666666665,20.319502801120446,1.443452380952381,25.246673669467786,17.49831599306389,19.47828297985861,10.47706582633053,7.255026328713303,0.0,0.3826530612244897,3.9023401027077496,16.960596738695475,1.3794642857142856,9.194415266106443,5.833333333333333,2.657563025210084,3.5511204481792715,18.07833133253301,46.09991496598639,22.095238095238095,5.7559523809523805,33.2281678614458,17.199193780076133,15.140114379084967,5.711734693877551,4.1187641723356005,53.836098541980896,7.713861302096595,0.6176470588235294,11.706022408963586,6.711309523809523,16.856801053754836,3.5486819727891152,9.375,1.3095238095238093,16.335880123193554,24.166691676670666,1.6666666666666665,3.452380952380952,0.7828282828282829,6.681747699079632,2.5595238095238093,0.0,9.246148459383752,0.20833333333333331,0.0,0.0,11.0,17.480998168498168,3.943014705882353,0.29411764705882354,7.904761904761904,0.5,1.3505102040816328,2.8380102040816326,10.363010355657414,0.3571428571428571,7.320728291316526,4.795021645021645,5.558189942643724,26.635185134659924,2.711784713885554,15.863970588235293,10.603747938569366,27.491946778711483,3.0,11.40143557422969,3.075,8.00297619047619,0.0,7.501488095238095,0.0,0.0,13.809523809523808,3.614583333333333,2.4999999999999996,73.10434173669468,5.93009817563389,4.7895408163265305,0.0,20.29861111111111,0.6071428571428571,2.5623249299719886,6.993697478991597,12.908876050420167,2.653186274509804,10.184523809523808,0.0,0.0,0.5,0.2647058823529412,0.6838235294117647,2.344047619047619,0.0,0.0,0.0,0.6249999999999999,1.8839285714285714,15.466736694677872,0.0,18.85037348272642,0.0,3.4313725490196076,0.0,5.634103641456583,0.0,3.2553688141923436,6.363095238095238,0.0,2.5,0.0,0.7344028520499108,0.0,2.3749999999999996,0.0,0.0,0.0,0.5,1.0671768707482991,0.0,0.0,2.4950396825396823,6.450842837134854,0.0,0.0
488.5252976190476,29.73611111111111,84.38144841269842,198.05902777777777,5.104166666666667,34.62797619047619,41.65892857142857,35.83730158730159,38.11309523809524,106.11592970521542,41.27210884353742,111.62103174603175,27.118055555555554,209.1955357142857,12.992063492063492,97.54662698412699,132.31071428571428,60.291666666666664,180.82440476190476,21.44097222222222,180.58177437641723,260.28472222222223,17.3015873015873,97.06944444444444,212.14625850340136,7.048611111111111,6.180555555555555,5.887896825396825,122.91765873015872,52.90625,60.3125,39.64087301587301,13.040674603174603,9.00297619047619,11.76388888888889,15.416666666666666,13.2390873015873,110.13333333333333,13.333333333333332,6.1726190476190474,41.03174603174603,2.8402777777777777,10.680555555555555,13.0,4.819444444444445,0.5,0.0,17.974537037037038,16.425595238095237,1.25,14.020833333333334,31.833333333333332,33.625,1.875,24.506944444444443,0.0,43.67916666666667,0.7291666666666666,2.96875,8.18452380952381,34.4375,4.0476190476190474,1.6666666666666665,18.145833333333332,0.0,0.6696428571428571,3.9285714285714284,0.8333333333333333,8.333333333333334,2.395833333333333,1.4583333333333333,0.625,19.84375,9.375,1.25,0.625,4.2559523809523805,0.3333333333333333,4.166666666666666,6.458333333333333,2.1875,2.1507936507936507,0.0,33.635912698412696,1.4107142857142856,0.625,6.567460317460317,0.6944444444444444,0.0,4.166666666666666,8.261904761904761,0.8333333333333333,2.9166666666666665,0.3125,0.625,0.3571428571428571,0.0,2.8125,0.0,1.1458333333333333,0.0,1.6666666666666665,0.0,2.8715277777777777,8.333333333333334,2.5,9.583333333333334,0.0,1.4583333333333333,1.8749999999999998,0.0,0.8854166666666666,2.5,0.8333333333333333,0.6666666666666666,2.5,0.0,0.0,5.0,0.0,2.6666666666666665,13.152777777777777,9.42361111111111,1.25,0.5555555555555556,1.986111111111111,2.5,0.3125,0.0,244.19494047619048,1.25,4.017857142857142,0.0,1.25,2.395833333333333,0.0,0.0,0.0,1.25,3.095238095238095,1.3958333333333333,6.5625,1.5972222222222223,1.4880952380952381,2.708333333333333,0.0,2.8125,0.0,0.0,0.0,0.0,0.6666666666666666,0.0,0.0,1.4583333333333333,0.0,0.0,0.0,1.6666666666666665,1.25,0.0,1.6071428571428572,0.0,1.25,0.0,1.9166666666666665,0.0,1.6666666666666665,0.0,0.0,0.0,0.0,1.6666666666666665,3.75,5.0,0.0,3.194444444444444,3.0,5.6875,0.0,1.1458333333333333,3.75,1.25,5.416666666666667,0.3125,0.0,0.0,0.0,0.0,0.0,0.3333333333333333,0.0,0.625,0.0,0.0,0.0,0.0,18.541666666666668,0.0,0.0
50.39404387376841,11.8125,39.533354377104374,10.637075041459369,0.34048507462686567,2.2521973466003318,6.25,2.3541666666666665,4.916666666666666,5.441468253968253,11.38888888888889,3.7116500829187395,1.2953091684434965,13.609297263681592,0.632183908045977,21.42780172413793,10.0,11.181834795321636,22.395833333333332,1.25,18.074404761904763,23.91662436118726,3.333333333333333,4.6875,30.64896214896215,2.708333333333333,3.8536535303776684,27.551136363636363,5.223880597014926,34.302083333333336,12.6875,28.948839983754695,2.807213930348259,0.625,3.0853174603174605,1.3690476190476188,20.0,1.875,1.1111111111111112,0.0,0.4340277777777778,1.0,5.0,0.0,1.25,1.875,0.3125,4.305555555555555,0.0,26.63248556998557,2.7205882352941173,0.0,8.125,0.625,15.11111111111111,2.0,0.0,4.166666666666667,1.875,2.5,1.0416666666666665,0.0,7.307213930348258,0.8333333333333333,0.0,1.9444444444444444,0.0,0.0,0.0,2.5,0.8333333333333333,1.2857142857142856,1.7666666666666668,0.0,0.5,0.8333333333333333,0.0,0.0,1.369047619047619,0.0,0.0,0.9722222222222222,0.0,0.41666666666666663,0.8333333333333333,0.0,2.3055555555555554,0.0,0.0,0.41666666666666663,9.42022792022792,0.0,0.0,0.0,0.0,0.0,2.5559701492537314,0.0,0.0,0.0,0.0,0.0,0.625,0.0,0.0,0.0,0.0,0.0,2.5,0.0,0.22388059701492538,0.0,0.0,0.625,0.0,55.895502645502646,0.0,0.0,0.0,0.20833333333333331,0.0,1.4583333333333333,0.3125,0.0,0.0,0.0,0.0,0.0,1.25,2.125,0.0,0.0,0.0,0.0,0.0,0.0,0.0,0.5,0.0,0.0,0.0,5.0,0.0,0.41666666666666663,0.625,0.0,0.0,0.5,0.0,0.41666666666666663,0.0,1.251984126984127,2.7222222222222223,0.0,0.0,0.0,0.0,2.5,0.0,0.0,4.5740740740740735,0.625,0.0,0.0,0.0,0.0,0.0,0.0,0.0,0.0,1.0,0.0,0.0,0.0,0.20833333333333331,0.0,0.0,0.0,0.41666666666666663,0.0,0.0,0.8333333333333333,0.0,0.8333333333333333,0.0,0.0,0.0,0.0,0.0,0.0,0.0,0.0,0.3125,0.0,0.0,0.0,0.0,0.0,0.0,0.0
282.494201702753,34.59595959595959,113.77337361712361,79.86318277310924,20.763888888888886,72.06392390289449,9.544584500466852,15.768849206349206,18.12962962962963,121.61051162889397,25.226686507936506,98.67751517273575,12.826648841354723,168.33991930105375,4.766666666666667,58.83814192343604,97.26580404889228,26.942708333333332,72.95486111111111,6.3125,105.47579365079365,56.00228758169934,15.430555555555555,8.82638888888889,116.27817505207211,1.6944444444444444,19.248015873015873,73.8471797810033,15.27876984126984,229.8956874416433,27.859885620915033,45.15625,6.546218487394958,8.455882352941176,2.871965452847806,3.5937499999999996,13.850081699346404,15.967436974789916,11.826388888888888,5.125,2.7636054421768708,12.5,5.0,6.208333333333333,0.0,2.3333333333333335,3.75,17.393790849673202,27.39670868347339,14.618326118326118,14.673027544351074,10.803179824561402,34.417477517322716,5.0,35.48875413801884,9.666666666666666,2.4124649859943976,39.23692810457516,5.0,9.854166666666666,22.625,0.0,0.7152777777777778,7.595238095238095,4.721938775510204,2.4166666666666665,0.25,2.5,0.2777777777777778,14.504551820728292,2.886904761904762,2.0,1.3731481481481482,2.625,3.322420634920635,0.75,1.4583333333333333,2.068452380952381,0.0,0.8333333333333333,2.9166666666666665,3.2777777777777777,0.0,10.0,1.0,0.0,13.61111111111111,0.8333333333333333,2.5,15.554446778711483,4.71011396011396,0.8971088435374149,0.8333333333333333,11.5,0.0,6.666666666666666,1.8055555555555554,10.791666666666666,1.5347222222222223,0.0,1.25,18.645833333333332,0.0,0.0,1.0416666666666667,0.0,0.20833333333333331,0.625,0.625,16.186274509803923,2.9166666666666665,0.7142857142857142,0.8333333333333333,3.088235294117647,2.3055555555555554,31.942849361967006,0.0,0.9375,0.0,2.4497549019607843,0.0,10.180921052631579,0.0,4.857142857142858,2.604166666666667,0.625,3.25,0.8333333333333333,2.9166666666666665,1.588345864661654,26.479166666666664,0.0,1.6481481481481481,0.8333333333333333,1.875,1.75,4.354166666666666,7.996794871794871,0.0,0.0,0.5,28.085084033613445,3.3333333333333335,4.791666666666666,0.0,0.0,0.0,0.0,5.148809523809524,1.25,0.0,12.549089635854342,1.7182539682539681,0.0,0.8333333333333333,0.8333333333333333,0.8333333333333333,0.8333333333333334,3.833333333333333,0.0,4.578703703703703,0.41666666666666663,0.0,0.0,0.0,0.0,1.0049019607843137,0.0,1.3125,2.9166666666666665,1.0,0.41666666666666663,0.0,38.99894957983193,0.0,0.0,0.0,0.0,0.8333333333333333,0.625,0.0,2.083333333333333,1.1764705882352942,4.375,0.0,0.5168845315904139,0.0,0.0,0.0,0.0,0.0,3.5416666666666665,0.0,1.7777777777777777,3.6904761904761902,0.0,0.0,0.0,3.3125,3.625
720.6251858727131,239.11348813262677,120.90381574852162,423.17395425762896,132.83787959278504,225.46567082893762,204.50928630543126,144.31245998736193,277.5287096362114,296.314410222666,387.48605875683603,159.7253873771731,52.55575971958325,346.39311571093083,315.76316150075496,535.3835365143543,649.4696222578646,197.15190431901095,447.75257822573474,158.9458087881617,266.2554914112109,506.5588457400904,56.771579909741675,258.2432518285092,335.54094761695217,41.14329839830669,370.1495138755026,205.38908880218753,316.91577188956387,880.7656795359476,217.27177326486148,331.5790396714241,182.17093967384935,32.65386671335201,37.78367346938775,55.95228601541626,210.4028525804261,65.62365042229013,179.07431956115778,137.87199225523543,189.3220067193544,20.651957088390912,92.99593593135259,160.48483285738538,37.31222572362278,70.32307241078249,55.8627915181224,28.869495020230314,171.8939401591526,19.739192343604106,19.4134156162465,83.65681164132319,45.038258081010184,27.28686507936508,54.64432092281357,67.35268915899692,17.912954260651627,226.32251029199557,11.829563492063492,16.77123366013072,44.02906746031746,106.8941611493082,43.064684272698976,10.368181818181817,85.42505035347472,112.23480706171357,70.54994238604533,21.645992063492063,79.40124883286647,18.72959656084656,68.65958939889087,7.80760582010582,18.096230158730158,21.238888888888887,23.713353174603174,15.465123456790124,72.44681355875683,11.707740514905149,62.957944548189644,45.01449329731892,33.2813617871391,35.5063842203548,67.82668384020275,37.508134920634916,1.2416326530612245,33.45260986114876,71.12123566093103,32.12238756613757,45.28241064944496,21.862222222222222,11.663742997198879,39.69021942110177,29.756460917700412,21.18393424036281,32.48288930976431,52.583636363636366,56.64226257169534,102.05485877684407,34.93754901960784,99.22449987402368,7.028061224489795,57.14644607843137,29.993100207254617,10.795658263305322,20.777240896358542,42.544642857142854,55.088376350540216,21.56203231292517,27.02496693121693,7.638888888888888,51.03960317460317,108.33224117424747,26.10220238095238,9.995535714285714,4.038888888888889,24.017036536836954,8.329365079365079,4.852380952380952,9.037762605042017,6.227195767195767,0.8333333333333333,1.8745833333333333,38.251488095238095,20.13419481752815,20.688097572362278,12.11311391223156,31.941865079365076,12.69047619047619,10.191632653061225,15.22540970933828,2.3733660130718954,18.889166666666668,122.3218899782135,20.812301587301587,29.10592264683651,144.85508337678505,11.442668289538037,15.402415966386554,23.957056534735106,23.373249299719888,52.03138227513227,11.27748599439776,7.974404761904761,22.539219576719578,27.6032848324515,27.163869047619045,1.2915849673202615,0.7763888888888889,9.473412698412698,19.04732142857143,1.25,18.90143557422969,19.588068310657597,6.9812925170068025,11.979166666666666,6.793055555555555,10.443287037037036,12.419477124183006,15.730462184873948,40.151692343604104,28.359302054154995,27.560416666666665,11.261904761904761,2.2916666666666665,2.825277777777778,5.13874299719888,16.28005135387488,21.197619047619046,1.5277777777777777,1.0416666666666665,1.5304487179487178,4.752777777777777,4.014682539682539,16.03444989106754,0.0,9.207288748832866,1.9791666666666665,8.375350140056021,2.1875,24.493499066293182,0.8333333333333333,20.51783380018674,11.43204365079365,3.9821428571428568,0.0,1.7372685185185186,6.533223516679399,0.2777777777777778,9.61111111111111,3.3583333333333334,5.610714285714286,2.100694444444444,4.01,4.195600907029478,8.008333333333333,2.1205357142857144,16.911785714285713,6.272634053621448,11.852843915343916,3.88
112.86621796819165,62.30357142857142,16.682057525807526,80.18844696969697,10.565092893217892,18.273809523809522,29.554112554112553,45.62456409331409,18.03422619047619,83.92347236097235,25.020585317460316,13.913512413512413,29.730459355459356,78.35031288156289,3.674107142857143,47.570531898656895,82.93959137709138,31.807291666666664,23.370535714285715,61.16746447996448,63.3912037037037,70.39523266085766,41.433118964368965,47.912247474747474,89.24859804547305,4.645833333333333,2.520833333333333,10.25,40.36896494708994,62.87847222222222,60.18678799270904,18.310515873015873,23.547619047619047,3.038690476190476,8.1875,9.291666666666666,12.160065628815628,65.13932942057941,64.9625496031746,11.830357142857142,7.70734126984127,4.0853174603174605,0.35096153846153844,1.0416666666666665,4.885416666666667,37.33661477411477,8.598048941798941,13.90625,6.001488095238095,17.56547619047619,12.753573972323972,7.104166666666666,1.0416666666666665,2.75,0.46875,16.110119047619047,3.4226190476190474,0.625,1.9166666666666665,2.6041666666666665,0.8333333333333333,10.260416666666666,2.739583333333333,6.553571428571429,0.3125,8.976190476190476,1.9072420634920635,13.228670634920634,0.5072115384615384,6.875,0.0,6.887040043290043,2.4166666666666665,9.726934523809524,7.4752886002886,0.7291666666666666,8.395566239316238,4.793154761904762,2.0277777777777777,4.375,0.3333333333333333,0.20833333333333331,14.026289682539682,8.312094155844155,1.9345238095238093,4.955357142857142,0.41666666666666663,4.866071428571429,27.408399470899468,0.5803571428571428,0.0,8.761904761904761,3.793154761904762,0.4583333333333333,0.5654761904761905,22.728498931623932,2.5,4.583333333333333,1.6666666666666665,5.5,6.260416666666666,0.0,14.734444953194952,2.2083333333333335,4.799450549450549,0.5902777777777778,10.674603174603174,10.25,1.7708333333333333,1.3958333333333333,2.3125,3.318452380952381,2.0649038461538463,0.0,0.41666666666666663,2.4261363636363638,10.21329365079365,0.41666666666666663,0.0,2.5625,0.5691964285714286,9.252480158730158,1.3189102564102564,7.25,0.0,9.390625,0.0,1.84375,2.1527777777777777,0.0,1.875,4.888888888888889,4.409722222222222,2.3229166666666665,0.0,0.0,0.3125,0.0,0.20833333333333331,1.25,4.419642857142857,0.78125,0.0,0.625,2.833333333333333,0.0,1.4523809523809523,0.7986111111111112,0.0,0.3333333333333333,1.1805555555555556,0.0,0.0,1.748015873015873,4.722222222222222,0.0,1.9318181818181819,0.0,1.1507936507936507,2.0833333333333335,1.09375,0.0,0.9375,6.722718253968254,0.0,0.3125,0.875,0.49107142857142855,1.3601190476190474,0.0,12.459821428571429,0.0,3.601851851851852,0.0,4.248511904761904,0.75,0.8939393939393939,0.0,0.0,0.0,0.8333333333333333,0.0,0.0,0.20833333333333331,1.25,0.42857142857142855,0.0,3.4745718462823723,3.2765151515151514,1.7777777777777777,0.0,0.0,0.0,0.0,0.2272727272727273,4.479166666666667,0.625,0.0,0.625,0.3571428571428571
164.45585773991976,26.74652777777778,29.53075396825397,16.436755952380953,7.078373015873016,5.96078431372549,19.503121878121878,32.37698412698413,54.10481572521046,19.86600378787879,20.089556277056275,30.17649191086691,32.8515873015873,28.756148182957393,5.089285714285714,49.72038378288378,40.482142857142854,69.50297619047619,24.077397486772487,16.658887987012985,31.4375,50.02546065046065,43.43816137566137,21.102182539682538,48.5713141025641,3.833333333333333,5.5625,14.976190476190474,36.29689754689755,61.24068775427471,20.25674603174603,22.10741341991342,24.350694444444443,2.8571428571428568,3.75,1.6666666666666665,29.45427489177489,13.555555555555555,11.472537878787879,8.458333333333334,11.0625,2.5,12.005208333333332,5.0,3.59375,0.576923076923077,63.9945620147826,5.476190476190476,21.50061603942652,4.504599567099567,17.59424603174603,11.604020979020978,11.8125,0.9821428571428571,0.0,11.838458319930844,0.0,0.20833333333333331,0.0,2.4166666666666665,1.346153846153846,1.4806547619047619,7.969246031746032,0.0,4.166666666666666,1.2946428571428572,2.6818181818181817,2.321428571428571,4.738839285714286,2.4999999999999996,0.0,0.41666666666666663,0.9375,1.0171957671957672,3.1746031746031744,2.517857142857143,6.333333333333333,8.125,1.9047619047619047,0.0,0.0,0.0,12.96540959040959,5.53125,0.3125,2.2222222222222223,13.794642857142858,0.9027777777777777,5.5,0.8333333333333333,0.625,1.5694444444444444,0.5952380952380951,2.5,9.290178571428571,3.702380952380952,0.625,0.9166666666666666,2.083333333333333,17.229166666666668,2.4375,9.291666666666666,0.0,9.222222222222221,0.0,5.357142857142857,0.0,0.0,0.0,0.0,0.9375,0.0,0.0,0.3571428571428571,1.25,1.1458333333333333,1.4772727272727273,0.0,1.7819940476190474,0.0,0.0,0.0,0.0,0.0,1.25,0.0,0.0,0.0,0.9090909090909092,0.0,0.0,0.41666666666666663,2.5,0.0,1.5,6.185897435897436,1.5625,0.0,1.8333333333333333,0.0,2.5,0.0,0.0,0.0,0.0,0.8333333333333333,1.0476190476190474,0.8125,0.0,0.41666666666666663,0.0,0.0,0.0,0.0,0.7337454212454212,0.0,0.0,1.6666666666666665,0.3571428571428571,0.0,5.0,1.875,2.5,0.30000000000000004,0.703125,0.0,0.8333333333333333,0.0,5.179398148148148,0.0,0.0,2.784090909090909,0.0,0.0,0.0,0.25,0.0,0.0,0.0,0.25,0.0,1.25,0.0,0.3571428571428571,0.0,0.0,1.3598484848484849,6.309523809523809,0.0,0.0,5.0,0.0,0.0,0.41666666666666663,2.083333333333333,2.9017857142857144,1.8125,0.0,0.0,0.3125
315.0001015324545,71.93097041847042,66.88423382173382,81.56682900432901,45.263888888888886,191.62399128649128,101.19037698412698,41.375541125541126,59.020833333333336,135.86895743145743,64.43010114885115,52.75611471861472,68.93226911976912,245.8492192331478,6.583333333333333,71.61948051948052,119.08169492544492,58.43189033189033,89.07174422799423,57.6125,217.22573884448883,181.35203823953825,19.20138888888889,46.69761904761905,235.25820013320012,41.03125,219.34136904761905,143.9411421911422,24.603785103785103,197.63711982461982,47.198412698412696,107.8375,6.722132034632034,15.980082417582418,18.565247252747252,8.236607142857142,18.56845238095238,20.416666666666668,76.41825396825396,36.41798941798942,21.097930839002267,4.895833333333333,10.654761904761905,44.70595238095238,50.799358974358974,17.345238095238095,33.71212121212121,7.0,63.81547619047619,11.830357142857142,35.29303221288515,131.74713203463205,80.48717324342324,6.283333333333333,25.294859307359307,17.699404761904763,28.32999639249639,33.482142857142854,7.141423160173161,12.395833333333334,41.03084415584416,4.680555555555555,36.52840909090909,22.944155844155844,3.2487244897959187,14.322916666666666,16.832440476190477,1.25,3.0,14.027777777777779,1.6369047619047619,1.25,1.1416666666666666,1.835227272727273,13.07638888888889,1.9791666666666665,18.78125,5.66765873015873,1.5416666666666667,0.41666666666666663,3.604166666666667,5.840773809523809,0.3125,5.833333333333334,0.7348484848484849,5.0,5.428571428571429,0.625,2.5,21.7428841991342,3.5,2.6828231292517004,0.625,6.895833333333333,1.25,9.291666666666666,1.9500000000000002,5.366071428571428,16.979166666666668,4.0625,5.0,28.854166666666668,1.2310606060606062,1.4583333333333333,43.34126984126984,52.70238095238095,3.0113636363636362,0.0,17.125,11.395833333333334,1.25,1.875,7.828192640692641,7.270833333333333,10.785714285714285,5.089285714285714,1.7666666666666666,8.898809523809524,6.898809523809524,2.5,1.25,3.125,0.0,16.942261904761907,1.7708333333333333,0.7142857142857142,4.238095238095238,5.955128205128205,0.3125,3.8690476190476186,20.973214285714285,0.0,1.9791666666666665,10.208333333333334,0.0,0.0,22.4375,69.92639652014653,0.0,1.7291666666666667,2.0,81.52777777777777,1.5833333333333333,0.41666666666666663,6.25,8.811011904761905,5.25,0.0,9.42013888888889,5.393939393939394,2.1904761904761902,8.397402597402596,0.0,0.0,0.0,2.0833333333333335,0.0,0.0,0.41666666666666663,0.41666666666666663,0.20833333333333331,4.916666666666667,2.5,2.5,1.875,0.0,0.0,6.946428571428571,0.0,8.346153846153847,0.41666666666666663,0.0,0.0,25.31547619047619,0.0,0.0,0.0,7.354166666666667,3.8541666666666665,0.7714285714285715,0.2777777777777778,0.0,6.895833333333334,5.0,0.2777777777777778,0.41666666666666663,0.0,0.0,7.0,0.0,6.818181818181818,1.5863095238095237,0.0,1.5555555555555556,3.3333333333333335,0.0,0.0,0.0,11.904761904761905,0.0
747.2992782340209,48.86461251167133,51.03553921568627,173.36125700280112,19.0714683600713,99.93668300653594,5.959150326797386,101.47916666666667,68.67847416744476,53.75266981792717,14.530112044817928,111.2094421101774,29.131127450980394,149.1185807656396,17.120098039215687,119.64174836601308,23.523794934640524,17.342086834733895,90.95506535947712,17.892156862745097,262.52459733893556,181.82598039215685,22.5,81.56372549019608,91.2796743697479,1.25,97.46813725490196,45.40651260504202,30.494266456582633,103.94046160130719,24.852941176470587,31.62797619047619,24.19015522875817,0.29411764705882354,0.0,1.71875,6.224571078431373,33.2328431372549,1.6666666666666665,24.359375,9.114583333333332,0.0,0.0,3.436274509803922,0.0,0.0,0.0,0.5228758169934641,10.300245098039216,3.75,14.142156862745097,3.808823529411765,0.32563025210084034,1.25,52.0735294117647,10.708333333333334,2.111344537815126,17.03186274509804,3.6029411764705883,2.5,43.96200980392157,1.1458333333333333,3.2291666666666665,5.0,4.083333333333333,8.602941176470589,8.895833333333334,0.0,3.28125,1.924019607843137,8.682598039215685,2.2058823529411766,0.0,0.0,0.0,0.0,1.5,2.5,2.8308823529411766,2.9166666666666665,11.822916666666666,1.4583333333333335,1.25,0.0,0.0,0.0,1.0416666666666665,2.5625,1.125,8.406862745098039,3.411458333333333,0.0,1.40625,0.8333333333333334,1.4583333333333333,0.0,0.0,1.2797619047619047,0.0,0.41666666666666663,0.0,6.666666666666666,3.3333333333333335,0.0,0.0,0.0,2.5,1.5624999999999998,0.0,0.9803921568627451,0.0,0.0,0.0,1.7034313725490193,0.0,1.3860294117647058,0.0,2.5,1.6666666666666667,1.2794117647058822,0.0,0.8333333333333333,0.0,0.0,0.0,0.0,2.3529411764705883,0.0,1.25,11.083333333333332,8.333333333333334,0.0,0.0,0.0,0.0,1.25,0.0,1.25,0.5514705882352942,0.8333333333333334,0.0,2.6470588235294117,0.0,1.25,0.0,0.0,0.0,2.5,0.0,1.328125,0.0,0.3513071895424837,0.0,0.0,0.0,0.8333333333333334,1.9318181818181819,0.7812499999999999,0.0,0.0,0.0,0.0,0.0,0.0,0.0,0.0,0.0,0.0,0.0,0.0,0.0,0.0,0.0,4.208333333333333,0.0,0.0,0.0,2.0,1.1029411764705883,2.5,0.0,0.0,4.779411764705882,0.0,0.0,0.0,0.0,0.0,0.0,0.0,0.0,0.0,0.0,0.0,0.0,0.0,0.0,7.5,0.0,0.0
3440.16714696259,351.0639882141054,163.19741045991046,396.45796245693305,85.25279241591741,154.21676573426572,148.46198662448663,505.7272270674515,331.26610513024985,418.0515176027676,170.5051864108114,376.7372627372627,1249.8398549136048,738.1688943224,32.76491960420532,407.11096923909423,670.9258343183478,391.86485736485736,344.8383326646929,269.19338391992994,789.9965215617001,791.1863607102249,202.04296176046176,267.85169765419766,499.76004784567283,55.23571428571428,54.68526789348218,55.76676587301587,160.5501018761592,589.7925401808466,217.71474924928873,140.91864043364043,166.74234515484514,93.57760642135642,61.54960317460317,70.25316098583956,156.6794742063492,328.4410291097791,144.23472603785103,170.20650351302137,29.63938492063492,134.46642556789615,30.970753205128204,33.604166666666664,20.03472222222222,179.17032287157286,562.8813322230601,173.72481684981685,69.24392029539088,212.42362336737335,125.68183869701727,72.16668747918747,62.14745115995116,2.15,72.76868386243386,252.86676475310404,198.50440063104537,5.208333333333333,3.6873917748917746,74.34209656084656,28.02037407037407,131.8687728937729,28.566901848151847,42.47534271284271,43.06558641975308,10.696428571428571,65.63795488708304,107.43501984126983,72.81905767843267,4.754166666666666,20.66488095238095,76.93224483849484,179.3883597883598,137.21752194564695,21.80647246272246,65.2760989010989,52.79463730713731,8.84375,33.33794261294261,54.06979256854257,4.239583333333333,5.208333333333333,96.80804181929182,50.16030844155844,18.76790404040404,53.199750384024576,23.818993506493506,54.39268707482993,50.21126814543481,4.0051948051948045,7.172569444444444,120.0960200910201,27.215637075342958,40.70009920634921,13.930837912087911,135.28483656885442,9.155393217893216,47.137072649572644,4.7436868686868685,27.241468253968254,49.365620490620486,6.624007936507937,175.87314833314832,138.16636904761904,63.0315934065934,50.8640873015873,76.35185966810967,52.296190476190475,161.1852994227994,3.444444444444444,38.74109397546897,37.33002136752137,27.510033716283715,2.0,6.0,3.0833333333333335,85.6946225071225,3.645833333333333,5.008680555555555,11.46875,11.471974206349207,49.00775613275613,53.843711843711844,11.345248917748917,8.84375,73.22594246031746,18.079594017094017,1.9479166666666665,5.0625,16.465367965367964,13.5,40.92718253968254,7.747023809523809,4.030837713873428,19.463383838383837,4.0625,6.758745421245421,0.25297619047619047,12.487499999999999,22.459615384615383,64.11904761904762,2.7604166666666665,3.601785714285714,0.0,101.51289682539682,1.7083333333333333,17.363095238095237,16.01068376068376,15.342757936507935,1.6614583333333333,85.8045634920635,0.625,3.3779761904761902,52.29365079365079,20.43860075110075,3.169642857142857,2.9890744176458464,4.037857142857143,3.440972222222222,11.180059523809524,6.488392857142857,54.65882034632035,35.26581057831058,52.97190656565656,1.9709821428571428,4.491402116402116,5.458333333333333,8.157158119658119,6.71875,9.90625,48.45851648351648,12.00441919191919,22.20091871091871,0.0,14.958829365079364,16.379662698412698,29.156530969030968,1.7499999999999998,0.0,0.0,2.504960317460317,10.61190476190476,10.409920634920635,19.479166666666664,47.68055555555555,59.04202741702741,17.0625,262.68662280701756,7.285082972582972,5.1302655677655675,5.476190476190476,14.656593406593405,0.6025297619047618,1.75,17.65683621933622,34.75248015873016,17.855158730158728,4.62797619047619,3.0654761904761902,26.67956349206349
124.28742784992785,15.032738095238095,12.25,64.1875,1.25,21.210497835497836,2.5,67.6547619047619,30.416666666666664,14.833333333333332,16.339285714285715,11.458333333333332,21.09292328042328,24.270833333333332,2.7777777777777777,7.5,44.351190476190474,25.916666666666668,21.273809523809526,10.625,15.604587542087542,20.208333333333332,6.333333333333333,8.746031746031745,35.40327380952381,0.41666666666666663,3.333333333333333,5.979166666666666,2.857142857142857,31.51388888888889,6.25,6.815476190476191,7.9017857142857135,1.25,59.166666666666664,2.5,6.607142857142858,0.0,8.833333333333332,12.65625,2.5,0.9166666666666666,0.0,1.25,25.876488095238095,1.875,17.708333333333332,11.25,7.678571428571429,8.125,0.0,2.9166666666666665,7.25,0.3125,3.75,2.5,22.095238095238095,3.0,0.0,2.083333333333333,0.0,13.458333333333332,4.375,0.0,0.625,0.0,0.0,0.0,0.0,0.0,2.5,5.982142857142857,6.083333333333333,58.976190476190474,3.333333333333333,5.625,0.0,0.41666666666666663,2.5,0.0,1.875,0.0,29.583333333333332,0.0,0.0,0.5,0.0,0.41666666666666663,6.160714285714285,0.0,7.5,0.0,7.625,1.0,0.0,2.2222222222222223,7.5,6.1875,12.083333333333332,2.9166666666666665,1.2202380952380951,0.0,0.0,0.0,0.0,0.0,0.0,1.0,5.0,0.0,2.5,0.0,0.0,1.25,0.0,0.0,2.5,2.5,0.8125,0.0,2.5,0.0,3.75,0.5,0.0,2.5,5.0,0.0,0.0,0.625,2.083333333333333,1.25,0.0,0.0,0.0,0.0,0.0,0.0,0.0,0.0,0.0,1.25,4.166666666666666,0.9375,0.0,4.583333333333333,0.0,0.0,0.0,5.0,0.0,0.0,0.0,0.0,2.6666666666666665,0.0,0.0,0.0,0.0,0.0,0.0,0.0,0.41666666666666663,0.0,0.625,0.0,0.0,2.5,0.0,0.8333333333333333,0.0,0.0,0.8333333333333333,2.5,1.25,3.333333333333333,2.5,0.0,0.0,0.0,0.0,0.0,0.0,0.0,0.0,0.0,0.0,1.1805555555555556,0.0,0.20833333333333331,0.0,0.0,0.3125,0.0,0.0,0.0,0.0,0.0,0.0,0.0
527.4271680074312,80.03138528138528,21.23867644700978,79.81138768638769,5.826465201465202,106.39760955418849,17.374639249639248,25.396329365079364,19.118055555555554,31.495701058201057,33.51875901875902,19.95770202020202,112.41336463244357,128.43165141388826,15.691558441558442,55.47754124689193,62.92562992562993,30.859217171717173,17.40155714168872,13.134411884411884,99.93711171869066,169.0515873015873,16.020833333333332,21.376112313612314,190.26042395928232,7.8835227272727275,3.696428571428571,1.3825757575757576,8.61111111111111,105.88848304473304,6.623015873015873,21.9781746031746,15.413537851037852,5.912698412698412,2.5,25.376373626373628,6.095959595959596,16.43452380952381,2.9027777777777777,6.190476190476191,6.3842592592592595,3.54499666999667,0.4886039886039886,0.6923076923076923,0.9456145706145705,10.955357142857142,31.428991147741147,11.491702741702742,7.5,6.673280423280422,1.1111111111111112,2.75,3.548789173789174,0.41666666666666663,40.45833333333333,2.638888888888889,59.49753993569783,1.25,0.8012820512820513,27.366402116402117,27.89671717171717,0.7387218045112781,14.5,4.236111111111111,0.5555555555555556,0.41666666666666663,1.25,4.154491341991342,0.41666666666666663,0.0,2.5,0.0,3.206349206349206,4.660501632870054,3.2738095238095237,0.0,12.75,0.0,0.0,1.875,0.0,0.0,4.849206349206349,2.7232142857142856,0.5113636363636364,1.3333333333333333,0.0,0.0,0.0,0.0,0.0,0.0,2.5555555555555554,0.0,0.20833333333333331,1.0648148148148149,0.0,0.0,0.0,0.0,0.2272727272727273,0.0,5.34375,28.87614468864469,15.804473304473305,4.730769230769231,0.0,0.0,13.055555555555555,1.25,0.6818181818181819,1.5,0.0,0.0,0.47619047619047616,0.0,0.2777777777777778,0.0,2.1111111111111107,0.0,1.9166666666666667,0.0,0.32407407407407407,0.0,1.25,0.0,0.0,0.0,0.0,1.75,0.0,0.0,0.6349206349206349,1.7777777777777777,0.0,2.2222222222222223,0.0,0.0,0.3888888888888889,0.0,0.0,0.0,0.8333333333333333,0.0,6.5476190476190474,0.0,0.0,0.0,0.0,0.0,0.3588516746411483,0.0,0.0,0.8035714285714286,0.7738095238095237,0.0,0.7777777777777778,0.0,0.0,0.8333333333333333,0.0,1.7857142857142856,3.1904761904761902,0.444078947368421,0.0,0.0,0.0,0.0,0.0,0.0,0.0,0.0,1.75,3.125,1.6203703703703705,0.0,0.0,0.25,0.0,0.0,0.0,0.0,0.0,1.5833333333333333,5.087081128747796,2.5,0.0,0.7142857142857142,1.7251984126984126,0.0,0.0,0.0,0.0,0.0,0.0,2.5,0.0,0.0,0.0,0.2777777777777778
729.0933436020936,376.8266883116883,22.53611111111111,168.885,33.63467948717948,75.16730158730158,118.6639880952381,361.80605142664353,104.28910533910533,448.73432387057386,184.78407814407814,461.2180860805861,194.78399877899878,213.38230713730712,2.645833333333333,289.9707112332112,272.0661322461322,600.6798305860806,147.39810545244367,79.89954365079365,164.36525992775992,384.85613095238097,147.21154761904762,209.0967932067932,208.20060828060826,21.151190476190475,59.01890114787174,9.101190476190476,105.86586538461538,104.75320512820512,45.66984126984127,91.36893772893772,74.5320054945055,0.41666666666666663,0.20833333333333331,69.54877289377289,85.34230644355644,135.9062728937729,55.81611721611721,250.49290704665705,4.111111111111111,12.40279304029304,3.5480769230769234,2.5,2.5,123.96716117216117,51.15064102564102,17.168040293040292,14.464285714285714,120.85177045177045,111.15841727716727,115.88791208791208,19.00929487179487,3.7249999999999996,0.0,74.91032051282052,21.53876678876679,0.4166666666666667,8.4,3.9970238095238093,1.2202380952380951,151.84498761042877,7.800595238095238,8.708333333333334,32.160714285714285,6.331439393939394,40.53967032967033,47.348214285714285,55.66712454212454,5.641666666666667,6.6,6.5,0.4,41.33452380952381,12.311011904761905,6.833333333333333,25.87811355311355,0.3125,16.805906593406593,12.678809523809523,0.625,0.0,76.02380341880341,2.1517857142857144,2.626666666666667,3.096428571428571,11.297619047619047,33.512499999999996,46.28421245421245,0.8,8.169444444444444,69.81738247863248,51.339512432012434,25.004761904761907,8.555769230769231,15.17326923076923,0.9375,23.852014652014653,0.41666666666666663,1.2000000000000002,2.7777777777777777,0.625,131.97877289377288,4.016666666666667,2.8653846153846154,3.333333333333333,99.55930555555555,14.4925,18.216666666666665,0.9166666666666666,11.140151515151516,9.021565934065935,15.542216117216118,2.1666666666666665,9.25297619047619,1.25,16.833333333333332,0.625,0.625,0.8333333333333333,2.5625,1.2738095238095237,7.153846153846153,2.5933333333333333,0.7083333333333333,25.183531746031747,42.630723443223445,0.7142857142857142,0.625,0.0,3.333333333333333,21.40714285714286,0.0,0.25,6.757575757575758,0.0,2.8275641025641023,0.8333333333333334,12.5125,12.468956043956045,11.583333333333332,0.0,0.9428571428571428,0.0,14.708333333333332,0.0,40.61904761904762,0.8333333333333333,0.3125,0.0,3.958333333333333,0.3571428571428571,3.333333333333333,2.142857142857143,4.002525252525253,0.0,1.0119047619047619,2.087142857142857,1.0,0.8333333333333334,0.6625,0.0,2.861111111111111,3.4833333333333334,1.3125,0.0,0.0,16.085897435897436,3.0833333333333335,0.6666666666666666,8.141666666666666,4.843253968253968,4.307619047619047,0.0,1.5624999999999998,7.6119047619047615,1.25,0.0,0.0,0.0,0.0,6.3999999999999995,13.888690476190476,0.0,1.1458333333333335,0.8333333333333334,0.0,3.7646825396825396,0.8333333333333333,4.113782051282051,0.0,2.0,1.2166666666666668,0.0,1.7212301587301586,4.680555555555555,0.3571428571428571,0.0,0.9166666666666666,0.3571428571428571
85.8447740655402,49.902210884353735,9.310515873015873,37.05654761904762,27.703869047619047,2.294642857142857,18.9265873015873,19.629960317460316,24.954166666666666,13.706845238095237,69.95947455322455,26.031045751633986,8.789252645502645,60.54259877027734,23.360756802721088,47.54117063492063,67.82142857142857,9.43209670231729,43.852167277167275,32.30299908424908,34.27157952827596,33.100836663336665,13.059523809523808,63.59416971916971,26.66844787157287,6.607142857142857,51.55839002267573,12.595238095238095,17.317801741908884,54.24267153097798,11.880150405150404,12.86111111111111,61.79166666666666,3.9062499999999996,8.125,19.26658163265306,28.452380952380953,22.063988095238095,5.270833333333333,34.859835600907026,13.971153846153845,9.837962962962962,4.451923076923077,8.395833333333332,1.8055555555555556,3.0669642857142856,27.57529133448251,7.847222222222221,29.468125960061442,2.7222222222222223,30.71896258503401,0.0,0.0,0.5,1.25,37.638837353123066,3.522727272727273,0.0,0.2272727272727273,0.0,4.340277777777778,16.97481684981685,6.166666666666666,0.9375,8.134920634920634,0.4166666666666667,28.599773242630384,10.098214285714285,6.875,0.0,9.02876984126984,1.4583333333333333,0.2777777777777778,2.989583333333333,0.0,4.7519841269841265,7.958333333333333,6.333333333333333,4.138888888888888,0.25,1.1706349206349207,1.25,8.916666666666666,0.0,0.0,0.6334805427547363,17.083874458874458,7.7227891156462585,12.026785714285714,0.0,0.625,3.9285714285714284,47.114010989010985,1.6190476190476188,2.886904761904762,15.355725623582765,4.890422077922078,10.032738095238095,4.1504329004329,15.473214285714285,6.666666666666666,7.633928571428571,3.75,7.291666666666666,3.75,1.9230769230769231,17.520833333333332,3.020833333333333,8.571428571428571,0.41666666666666663,0.8333333333333333,5.416666666666666,5.089285714285714,0.0,0.5,1.5277777777777777,1.25,1.25,0.0,0.0,0.0,0.0,19.214285714285715,1.736111111111111,0.7291666666666666,3.44760101010101,1.4561965811965811,0.8333333333333333,2.5,0.0,0.0,6.825396825396825,25.21924603174603,3.747526283240569,2.9766414141414144,5.833333333333333,6.254960317460317,2.642857142857143,7.083333333333333,1.7994505494505493,0.0,0.0,0.0,0.0,1.25,1.8273809523809523,2.652972027972028,2.5,1.0,0.0,2.5,0.0,1.6666666666666665,5.803571428571428,0.0,0.3125,0.37414965986394555,1.3888888888888888,0.5729166666666666,1.5550595238095237,0.0,2.4305555555555554,2.65625,2.8,1.6741071428571428,0.3125,2.4166666666666665,0.0,15.904987373737374,0.0,0.0,0.2777777777777778,0.0,0.0,0.0,0.0,0.0,0.0,0.0,0.0,0.0,0.5357142857142856,0.0,0.0,0.0,1.25,2.1136363636363638,9.725198412698413,0.5,2.6944444444444446,2.6071428571428568,0.0,0.0,0.0,5.303030303030303,1.1086309523809523,1.2499999999999998,1.25,0.0,0.0
413.2970539318798,56.490340909090904,63.57539682539682,116.24059446634072,24.072139303482587,92.61709815371196,15.492713844797178,43.166396103896105,21.44047619047619,47.63478535353535,37.527146464646464,95.6591440793866,31.68354639458678,70.03607907432534,10.5625,38.494967532467534,73.96288780663781,107.162899477973,33.35699254449254,19.072354497354496,140.09691558441557,211.21924034388365,7.024360670194003,13.804365079365079,156.13939995189995,25.00347222222222,18.51875,54.511949855699854,14.361836650082918,137.65097137339785,66.49305555555556,66.15487443733711,20.788221029592297,2.2916666666666665,16.29861111111111,10.73611111111111,17.069444444444443,32.55902777777778,11.661111111111111,4.3753306878306875,23.202380952380953,2.3912037037037037,0.23809523809523808,30.37390873015873,0.5952380952380952,0.75,5.37773569023569,1.6666666666666665,16.462797619047617,1.2222222222222223,19.576686507936508,22.2194234006734,3.253814935064935,2.793055555555555,18.653769841269842,13.6875,7.773944805194805,13.673115079365079,6.206475468975468,17.395833333333332,96.35213744588744,1.284722222222222,12.476419983416251,23.778517316017318,1.4618055555555556,11.70486111111111,8.68938492063492,3.5416666666666665,21.770833333333332,5.069444444444444,0.0,0.0,0.0,0.0,4.131944444444445,6.111111111111111,4.614583333333333,45.28670634920635,2.8645833333333335,0.6666666666666666,6.979166666666666,8.276289682539682,2.2916666666666665,0.0,0.0,0.0,15.132936507936508,10.891203703703704,2.363095238095238,26.849242424242423,5.156249999999999,5.194444444444445,8.784722222222221,0.0,3.5825892857142856,6.708333333333333,6.479000829187396,14.131944444444445,3.020833333333333,1.6041666666666667,2.2916666666666665,4.659722222222222,1.4678030303030303,0.0,0.6944444444444444,3.7777777777777777,24.6540404040404,0.8333333333333334,0.0,11.875,3.952114427860696,3.315972222222222,0.4166666666666667,8.451388888888888,0.0,0.0,0.0,3.0555555555555554,14.035714285714285,9.166666666666666,1.173611111111111,0.625,0.0,2.5607142857142855,1.909722222222222,0.0,3.0937499999999996,1.1041666666666667,0.0,1.1130952380952381,34.726686507936506,2.2916666666666665,5.625,2.5972222222222223,4.583333333333333,2.2916666666666665,3.239583333333333,4.228594322344322,3.4374999999999996,2.052083333333333,0.0,19.913194444444443,1.6111111111111112,3.5902777777777777,0.0,4.035714285714286,5.538194444444444,0.5729166666666666,11.127480158730158,6.701388888888888,0.0,2.0733225108225106,4.010416666666666,0.4166666666666667,0.0,1.527777777777778,0.0,0.0,0.0,0.0,0.20833333333333331,0.0,0.0,0.0,1.1979166666666665,8.25,3.895833333333333,8.862103174603174,0.0,0.0,0.41666666666666663,0.0,0.0,33.924165499533146,0.0,0.0,0.0,5.309523809523809,1.5208333333333333,0.9259920634920635,0.2777777777777778,0.0,9.166666666666666,0.0,0.2777777777777778,0.0,0.0,0.0,0.0,0.0,7.104166666666666,0.0,0.0,0.763888888888889,0.0,0.0,0.0,0.0,0.0,0.0
1506.5420875420875,260.3525132275132,151.81757054673722,899.9799182299182,43.40530303030303,362.76408730158727,46.07539682539682,264.7337962962963,66.96825396825396,446.85591029341026,133.5,130.84986772486772,188.3174603174603,443.89219576719574,8.3125,187.1954365079365,166.71561171561171,325.55357142857144,175.45767195767195,130.8293650793651,173.71527777777777,390.15525793650795,249.6441798941799,421.3346560846561,910.2824074074074,8.625,49.23082010582011,4.867424242424242,11.833333333333332,426.0704365079365,329.4394841269841,258.4586339586339,74.04166666666667,49.30555555555556,14.333333333333334,10.416666666666666,76.03935185185185,203.37103174603175,24.09722222222222,78.3478835978836,32.33796296296296,27.833333333333332,4.894179894179894,3.75,32.58796296296296,15.458333333333332,31.669642857142858,39.52020202020202,11.625,113.61111111111111,141.30390211640213,46.51785714285714,306.4328703703704,3.833333333333333,271.58597883597884,28.907738095238095,325.8675595238095,4.166666666666666,8.333333333333334,175.5737433862434,13.125,30.990079365079364,9.0625,68.79166666666667,32.816358024691354,4.166666666666667,27.229166666666664,15.625,3.888888888888889,3.2916666666666665,1.875,15.930555555555555,293.21342592592595,144.31679894179894,24.14351851851852,85.98719336219337,5.916666666666667,5.0,38.388888888888886,1.25,1.25,2.583333333333333,7.666666666666666,14.747023809523808,15.354166666666666,15.583333333333332,30.055555555555554,0.0,5.934413580246913,4.583333333333333,1.875,5.416666666666666,4.475198412698412,4.886363636363637,0.625,61.85945767195767,0.625,9.444444444444445,5.694444444444445,8.92361111111111,9.745535714285714,14.444444444444445,27.850694444444443,14.375,5.638888888888888,7.916666666666666,25.336309523809526,8.5,320.97222222222223,4.375,12.25,1.4583333333333333,8.75,0.0,2.5,2.5,4.875,3.75,1.875,2.083333333333333,1.6666666666666665,1.875,18.26223544973545,1.75,5.625,5.833333333333333,9.0625,2.75,2.5,15.833333333333332,10.833333333333332,3.958333333333333,0.8333333333333333,1.8263888888888888,7.361111111111111,2.083333333333333,2.083333333333333,0.0,22.52777777777778,2.2916666666666665,18.75,3.75,0.5,1.1111111111111112,3.1111111111111107,0.0,19.458333333333332,6.5,3.4027777777777777,2.8125,5.347222222222222,0.0,0.625,6.909722222222222,0.0,0.0,44.01190476190476,6.041666666666666,0.625,18.72222222222222,0.0,9.027777777777777,2.583333333333333,2.708333333333333,0.0,1.574074074074074,0.625,4.666666666666666,3.75,2.583333333333333,18.76388888888889,3.125,5.0,3.333333333333333,204.3528439153439,0.8333333333333333,2.5,3.958333333333333,0.0,0.625,5.861111111111111,2.375,0.0,48.69444444444444,476.9238315696649,7.791666666666666,3.75,2.5,19.958333333333332,1.3333333333333333,5.808531746031746,2.5,0.8333333333333333,0.0,1.875,1.25,1.25,1.25,0.0,1.25
4309.631791310846,596.1018433500051,406.81976540616245,2047.339209041196,242.28134726112665,828.8949923096982,393.1454306722689,969.1075755217912,615.7952868436937,1713.387185262849,559.652843637455,1135.9089714714714,671.0907950301332,2002.84492491441,105.38966697790227,892.3910678448055,1450.829177284937,1546.5482267862783,519.4958792523131,341.3414366815102,1517.7770897772211,1929.3107986033845,514.3164996767938,646.5103758918096,1886.3257139033178,107.4657768809278,121.63147106615244,240.87467230481934,304.8994250768148,1743.2349109085803,716.6632881250334,782.4319819594505,366.7772185262994,179.7859039449113,134.21924603174602,123.5197440087146,262.09951802010625,386.61435759910023,311.1794176003735,187.32350318471643,330.29275112822904,73.3730140026096,110.35058421516754,72.1655287114846,119.21873694116341,143.56481660846157,392.7223014118235,448.25132275132273,122.0328839869281,86.43665382819795,132.4737832633053,237.3923290149393,499.16325474634294,79.4141865079365,402.0670177793339,234.69527602707748,525.562754862097,41.45731209150327,62.379464285714285,357.1917903985919,204.09623015873015,212.18064309056956,111.46021047307812,238.70138888888889,86.75735294117646,72.7885202692188,83.8219133807369,100.59722222222221,160.1596930438842,47.42361111111111,75.85924856053532,75.567791005291,954.9088624338624,236.24454365079364,131.3488005050505,70.82098765432099,64.87725506869414,53.76835317460317,107.9122270204378,82.45395658263305,29.27065826330532,45.98031257957729,104.64746732026144,106.57738095238095,15.04861111111111,17.890435340802988,147.7943316215375,67.81099849849849,198.8750590050835,91.67311507936508,86.45419000933707,122.18951330532212,58.16326851253322,51.938988095238095,49.666335978835974,55.53422619047619,60.942110177404295,176.58228291316527,37.30330882352941,142.93194614027948,161.58630952380952,51.60559640522876,311.74956807217836,68.11169467787114,74.63102240896359,49.59126984126984,98.3719654528478,33.48809523809524,154.71718674843675,33.419642857142854,57.642857142857146,79.35398381574852,51.467261904761905,41.01736111111111,14.104166666666666,41.378410328777974,96.9375,5.381944444444445,47.23176353874883,18.324074074074073,12.4375,52.49156746031746,138.015873015873,15.2545872337539,21.097776610644257,95.10215336134453,88.03669294294295,18.319444444444443,23.73611111111111,352.93105158730157,66.90111461251166,107.66170634920634,22.494008714596948,21.5,66.67976066689302,17.971774821039528,14.86401921879863,7.4056372549019605,58.77777777777778,29.699784080298787,207.67675264550263,85.61274509803921,24.689484126984127,44.80224867724868,34.17449294532628,22.711309523809522,48.056985294117645,19.072420634920633,22.911210317460316,18.616554054054053,13.92361111111111,3.9644607843137254,17.46453373015873,14.324404761904761,111.0,21.14781746031746,11.626157407407407,22.191789215686274,7.888538748832866,47.997169701213814,17.876400560224088,77.7891865079365,37.26190476190476,24.375,14.190972222222221,26.295955882352942,21.666958450046685,23.892857142857142,22.714285714285715,48.117559523809526,20.05902777777778,14.895833333333334,24.180555555555554,14.75724595393713,27.498015873015873,3.228845704948646,29.0625,5.060836834733894,12.6875,17.50811157796452,32.708333333333336,5.8843370681605975,31.452876984126984,55.13392857142857,47.24305555555556,16.213789682539684,34.18534080298786,4.399122807017544,62.888888888888886,8.867559523809524,23.1875,20.711805555555557,44.42329545454545,11.755952380952381,0.0,22.708333333333332,2.4107142857142856,7.334558823529411,7.5092592592592595,3.1845238095238093
329.93046255992687,27.590833934583934,153.86151695526695,156.00103715728716,28.61359126984127,22.998015873015873,273.844246031746,102.52097505668934,159.42338564213563,135.7389455782313,275.37709578781005,122.70517676767676,0.5208333333333333,281.250481000481,529.5192671085529,23.05872715247715,640.8066184807257,3.2291666666666665,42.00843253968254,29.765810578310578,5.28125,23.28406084656085,106.1762566137566,96.87575387575387,404.49021514200086,62.12218915343915,154.996706996707,27.94675925925926,99.49165764790764,683.653338229231,54.61574074074074,71.01415945165945,139.20882936507937,73.36715367965368,23.570436507936506,2.5,162.4338474025974,13.189484126984127,248.16253587682158,165.11467352092353,220.4029195011338,10.578869047619047,5.373376623376623,177.71179861804862,3.75,1.9097222222222223,21.848484848484848,135.50032424585996,116.23223304473305,1.3660714285714286,6.724537037037037,15.381944444444445,3.1666666666666665,5.920634920634921,0.3571428571428571,15.64616402116402,0.2840909090909091,2.0833333333333335,0.8333333333333333,7.138888888888889,0.0,121.06415343915344,60.698412698412696,1.25,15.77662037037037,5.436507936507937,3.577876984126984,20.200892857142858,66.32638888888889,23.369543650793652,21.126984126984127,1.4186507936507935,1.0416666666666665,5.25,0.4464285714285714,6.180555555555555,40.230083573833575,0.0,21.468584656084655,8.943181818181818,9.821428571428571,6.198412698412699,2.0416666666666665,3.0208333333333335,1.1904761904761905,9.862103174603174,46.07458513708514,7.916666666666667,7.316468253968253,3.5416666666666665,0.0,19.654191872941873,0.0,0.20833333333333331,51.71329365079365,36.66333435083435,17.36843992647564,23.29861111111111,6.988095238095238,16.530257936507937,2.625,63.2875566893424,0.0,6.166666666666667,0.4892676767676768,2.225378787878788,1.6980820105820105,11.61111111111111,0.0,5.881628787878788,73.3670634920635,2.0833333333333335,0.9375,1.746031746031746,1.7045454545454546,3.334235209235209,0.2272727272727273,2.375,3.581845238095238,5.654761904761904,2.5932539682539684,0.0,1.5625,6.576569264069264,6.228670634920635,12.196428571428571,1.1064814814814814,1.25,13.233134920634921,0.0,0.0,4.925595238095238,28.169146825396826,5.857142857142857,4.375,95.08297902494331,13.57638888888889,0.0,18.128968253968253,17.070436507936506,2.513888888888889,0.0,0.0,5.0,13.225198412698413,6.859577922077922,0.5247252747252747,1.5,1.25,0.0,8.055555555555555,0.0,1.5261243386243386,0.75,17.94345238095238,0.20833333333333331,1.4285714285714284,6.857473544973545,5.759920634920635,4.354166666666667,5.677579365079365,0.0,0.0,0.0,6.1398809523809526,0.41666666666666663,58.215831787260356,5.133101851851852,83.69345238095238,38.24007936507937,0.625,59.73164682539682,2.5,0.0,0.0,1.4583333333333333,11.645833333333334,0.0,0.41666666666666663,2.450396825396825,1.7272727272727273,0.0,29.4890873015873,2.1875,0.0,0.0,53.1126443001443,0.5208333333333334,0.0,6.428571428571429,0.0,0.0,1.25,4.843253968253968,8.055839002267573,13.581709956709958,20.076073232323232,0.0,0.0,12.777777777777779
