4617.259727314224,107.04525394055324,560.4437999978128,1902.3716222714843,12710.219171168,1136.965415746995,7143.4859443641235,344.8216370087643,15402.29759973095,191.75692893850788,4242.903529201742,538.0640089161958,27985.22073289394,2688.5658080985845,1207.1870815763725,216.6683130600926,172.4519319821901,15087.400877728705,243.97362268561386,11921.096213049823,1966.4670402889612,2748.684696211027,10911.056463512612,6160.332703400238,1398.982432568533,15458.295288140045,11626.177977149051,9188.065015263035,8666.759964256273,282.29547660750393,671.2542269392874,3120.576107170303,674.7172679977148,6190.3145218291,43965.056418129876,2487.1843951621054,9992.342672803217,12518.924578217355,25058.67069907505,7149.66060944356,13818.702464151507,32431.686328902513,5271.5508555123715,11554.036585283946,4537.094114175371,241.74465839560378,538.1282487659691,425.9123114731518,454.2433797132829,53.45729225023342,1726.218033321048,930.2492593053854,4529.745299450281,1464.753617291309,1252.256781789814,104.19089004677606,1021.2773801941353,36.58008658008658,384.64604454641216,536.9856050080987,759.5005101697229,522.3392472155917,390.58560131648227,707.3929402909964,824.66219206422,11645.506320413051,19064.257408727408,797.3997855258585,3120.8076272346816,799.7717879016408,3226.7442275799413,7349.621776251649,2643.2246460616807,2824.7021772311164,4076.3233695386266,621.9916451467922,98.10352306734659,236.6390737847882,543.9139521413331,8522.062463199196,2331.374798703658,33332.42169875798,63.44595616024187,1648.8528045821479,485.10241264430823,300.5180307733091,2130.582624786273,576.2699136942508,1183.3071028457064,3297.5944948239076,772.9953467797375,809.9594836665341,1264.2801228576684,41.37880464306935,582.1694476342868,203.13638306138304,2229.3187927495455,703.8295120329374,1519.071826292677,763.2583084191883,7777.101629899218,90265.44498670542,6938.885385868213,2691.751392204609,4472.382416151214,5800.842573986572,4077.107681375706,70240.60822005763,24943.480727482674,5697.726294514846,13847.833389634334,25458.225915324867,13442.712922875302,2223.0482791992317,19644.442378801057,19131.45855561282,3790.194143416483,1153.5220584258943,14295.103553518964,792.2444861867494,136.7454818057759,457.075714270812,193.2980086165431,199.39120846473787,22.44598799986731,1766.007135664322,1755.1087332043446,477.30506502497514,172.94451327763315,42.38573636654399,41.96765201029907,31.102186266892147,85.44397733114839,6010.021853426752,224.14483558666996,120.68457331978603,2586.7586798021002,224.28187999158973,463.85195402264003,4546.538649020525,171.7115740060593,38.448896123034054,207.53618965743578,702.8057804793896,308.357648017975,658.4982819157188,108.30718701588266,431.93592118154254,1546.112340846861,8267.078071297425,160.59782695206923,88.14098518020931,588.5966990334731,491.4900702355534,319.3320675390388,327.18671360798896,6514.114040797001,3213.420102115407,774.5922743242743,403.3074622566442,708.5826386960147,80.10631248711077,54.69891770023349,72.30135382830285,7587.701735738523,448.67702899648384,45.31878306878307,3.8419913419913416,324.86976896980156,70.16224489795918,14.865497076023392,12.405494505494506,289.28586596584597,169.56885946655683,633.6235519315568,71.702779551049,634.5812388159948,119.5430820502249,246.27110372606694,9.536507936507936,97.26185278276444,1227.5706348861877,165.00706089545375,13.15603354978355,53.64765495941966,862.2325580296732,117.05664926147547,64.66819194450774,811.045553012835,37.40022349936143,328.37532796723974,165.32927788241466,136.64374012003321,18.35760073260073,41.593610093610096,19.366666666666664,185.52132127132126,64.60722443265547,40.49196490643859,9.203871292106585
299.9577441077441,302.86926397856627,1959.15835634384,190.62195767195766,1277.1176297143165,286.52671123504456,362.236664353697,153.43803418803418,4579.068830635192,55.93518518518518,1601.8792289971227,122.82490079365078,5742.028464240067,446.9708208208208,1492.0858003927772,123.34786324786324,75.38939393939394,1714.528116386669,29.77777777777778,1101.8848334509626,1398.3390865197364,1434.4582292368582,725.3233455055744,280.1123480623481,92.13888888888889,1144.5093125383448,590.1253811278812,2807.299555592456,1504.8817408501232,35.99404761904762,26.233333333333334,118.79370441870442,317.97181522181523,201.26234700707593,413.3412169442792,286.3348595848596,1507.8838569761488,1406.4546017894702,6557.255405014683,845.6406540899188,1260.6680249881863,2645.53288261847,2781.904701925831,1878.867720979468,729.3583146244437,132.11363636363637,73.33333333333333,61.55864197530864,41.59126984126984,36.80448717948718,497.978003003003,81.87742812742813,155.57910052910051,109.6510582010582,28.331349206349206,22.916666666666664,156.30150775150776,2554.3391682266683,12.5,98.69047619047619,117.64366151866152,44.5,38.55128205128205,160.90542635658915,247.39538794538794,931.396747921264,374.0021062271062,442.62029172029173,204.63780663780662,188.16666666666666,198.65396825396826,405.79940431553337,139.54814814814816,310.4288152610442,462.1357679107679,305.80963105963104,46.702843612843616,251.53210951740363,161.27822822822822,327.2510138385138,1222.2633523917916,268.00335775335776,72.0,464.53094837261506,49.33333333333333,221.15079365079364,496.05238095238093,90.625,482.60441704243095,223.56966966966968,114.0,151.875481000481,10.506006006006006,16.666666666666668,39.03224057390724,126.91666666666667,303.9465894465894,62.660714285714285,61.625,65.04700854700855,470.4690382688078,14845.025392628686,755.1205717405717,201.65010893246188,31.666666666666664,4109.091168260384,2069.4530111992867,3751.8320278554147,1712.9748365873365,624.3718767092289,1243.8017671833163,4576.523239488953,1112.4377526377525,603.2761466553133,6101.248304072192,5136.887989644589,108.34410124410124,270.8751984126984,1797.69343596394,479.4941235236934,216.46825396825395,129.6105912390796,15.287878787878787,25.10658808158808,38.25,122.77301587301586,230.14463554463555,126.43373015873016,35.8,11.202222222222222,11.0,27.333333333333332,5.666666666666666,13.277777777777777,4.5,48.891666666666666,265.19538022218745,124.91752005461683,30.866666666666667,78.96785714285714,58.817117117117114,31.17267267267267,41.37896825396825,113.30277777777778,61.583333333333336,72.0,535.9067884308397,33.611111111111114,64.75925925925925,84.38888888888889,187.2744835361771,5.0,13.333333333333332,48.24074074074074,181.67777777777778,57.638888888888886,291.96654016654014,310.66468253968253,159.39484126984127,51.666666666666664,135.27777777777777,63.390151515151516,94.78999999999999,21.291666666666668,130.9063063063063,28.621794871794872,28.902390293519325,4.5,198.09733277475212,33.99166666666667,3.333333333333333,29.61111111111111,5.51948051948052,46.90224358974359,28.075396825396826,10.266666666666666,134.71428571428572,25.86190476190476,56.305870386515544,30.476190476190474,30.08080808080808,51.70542635658914,91.62792792792793,0.0,1.6666666666666665,22.92948717948718,11.213423423423423,35.56666666666667,79.19047619047619,2.8733333333333335,3.5,1.7692307692307692,39.68333333333333,60.40056434793277,128.45238095238093,26.638278388278387,2.2222222222222223,26.04045284780579,22.5,96.28933933933934
485.5200503037521,206.33957693878247,420.6736641206329,1188.0692014815966,4914.047647933185,526.7759922531411,1367.6036571447694,162.18711753108138,5674.963131548989,744.7507896664746,1602.2170214702192,223.39310619081593,17140.95132503445,1075.9576892570813,936.9888084446868,489.73993675310953,320.4341128683921,4353.836183517739,99.39301734444004,2830.1100080945944,529.1963502216422,2040.7736500159267,1873.4770404835592,709.1550759347114,158.8305726935607,3453.134187634299,1328.9190128403377,2888.5832178945902,3553.5833203562374,46.900559820296664,61.12027338361532,428.02372475761575,307.4183457020429,1212.9583227828678,7741.800991370775,450.2145597626589,1044.3940055878725,2887.074983887153,16179.170837656293,1799.177313061632,5133.9507254284845,6666.634274248905,3353.9911857621587,4203.199033206919,864.810843149127,42.08365140150854,129.6166212562735,34.2766656662665,75.97267889509708,32.923215020273844,1247.9965446301446,85.90761205870233,634.9253321706987,270.68995145604976,303.24698250002507,38.780510464418505,757.8254990987973,70.51359450034636,44.24768518518518,80.54234037778124,120.81097765342231,279.2006652767522,34.66849705014272,101.44419324963765,336.1992118929934,855.0291413149544,1918.1808780574568,181.85121078725174,459.8245910384139,362.1633082991281,158.4456770548311,470.7501690657149,1379.552254046216,185.2734575724051,385.8931496844155,153.40278261102011,62.594291562778956,80.34724217538661,80.69015230412289,1721.7309806467922,302.2888181422664,3870.1304498830586,98.41194953117221,236.71244524787616,72.03712439481058,46.96167065687371,415.557967998537,145.60509681569556,229.14425208107536,547.0499039964694,65.80461685515957,114.81078701982494,305.8367584484688,40.58385166420881,166.46667202291775,33.32274212715389,380.1798135958678,76.70647489483696,714.7520924025209,251.40736384197083,1179.8228535798726,58439.555887076654,1643.3888710316464,378.1148495188983,323.36780037002075,2892.68832648986,10394.410065744967,21889.228418990926,5327.759996625128,8434.643802637775,2730.306856676643,13996.870984676765,4102.0792514559125,1883.181091175014,12715.595165157743,6395.1760300718315,306.79873168698634,709.6484130454746,5297.873210588883,103.46694746563706,137.55855246640022,140.47652132784535,259.78496173530846,143.3538818026563,18.43861452761047,110.24456032516505,197.4950218767368,428.4481230499806,153.84103002668857,1277.0181562520302,71.18524750535346,32.530269774304465,201.9283837325932,518.1985945455125,141.89268423876726,237.6583171215154,272.2973394418789,25.69010673234811,33.43954728221969,429.2691669455537,18.65231554937437,34.03289749841474,226.30729297464703,209.70298141605582,411.46021787523335,42.381122962005314,71.74894528602968,28.64168239168239,296.4140692831952,692.542965194187,70.79041043608875,266.7517234635461,250.91661985780436,383.2596258150556,464.22065110497977,108.0840301175389,670.0878866982786,282.54557721031347,91.61012963097967,53.68436284647585,108.81889845184745,292.01019906610713,137.85727212196844,318.95776765367236,1968.8580577995842,349.160109676242,29.468660016454134,12.844696969696969,165.28636724523423,263.99096048219633,222.25276308631243,19.311494061494063,165.00017037983326,36.692157525275476,67.15255441923532,341.21531430036,127.73054459417398,33.04475586919565,45.25478279030911,9.818986024868378,96.49496719948039,56.35504525430996,15.689161012598513,81.54530952625849,11.797141078653684,30.652874068287602,43.237525103450686,214.3719892680419,46.93086643600987,110.27938989490713,60.849098994687225,132.84321568726793,79.4884486372316,16.140709617180207,3.909090909090909,8.892691622103387,166.32566831285217,2.4849480021893817,61.6076081712941,42.114235764235765
15.659970238095237,786.1384269733534,1957.994518130211,119.31271457300869,1974.7414123982926,601.0029133448251,154.539010989011,211.3428610333022,2371.1508916429175,1631.8373933120256,270.260989010989,50.478710699023196,2166.5297045162224,133.97368233618232,903.8476103188177,201.2324794175123,408.11648482236717,606.1357080011492,15.833333333333332,1155.4295656100435,173.54707335065567,947.8259271978022,481.4710714530567,38.05288461538461,93.15945512820512,264.76141444339976,162.17095543345542,775.9573297882893,618.3874894781145,38.58095238095238,6.4375,19.833333333333332,537.0377986664752,49.20065247252747,435.173096001221,124.45337301587301,514.4009780252427,975.0576061737826,2933.88372920389,319.96461852191015,845.9035349469825,2466.5057420907265,340.62897034882326,289.70355200919226,103.17433261183261,60.07118055555556,120.80034722222221,23.13510101010101,128.75,267.4066175446787,245.62461843711844,4.125,41.08015873015873,808.2100277914809,21.166666666666668,2.0,58.837196545284776,162.67496392496392,3.8095238095238093,61.46314102564102,62.670222832722835,51.88492063492063,147.06842818428183,106.48313492063492,219.52644814335991,177.9965612568435,231.54379324379323,43.93511904761905,14.20595238095238,12.26388888888889,46.40277777777778,280.9507402319902,118.1192014004514,4.903846153846153,66.56988782051282,22.68215811965812,57.35185185185185,121.22081043956044,25.92013888888889,413.9047176056657,2527.8701208677353,610.6163474017383,127.06984126984126,55.043131868131866,6.840773809523809,47.40625,46.482142857142854,5.729166666666667,483.80856826118924,44.794444444444444,36.6845238095238,7.345238095238095,9.805555555555555,141.57091756282932,439.6085071654924,25.791666666666664,8.222222222222221,151.57930672268907,31.57318722943723,796.9193757631258,969.9458491206362,9249.610605589762,117.01071844821844,23.944444444444443,8.350961538461538,1712.5638532236228,480.71435217438506,1639.503051167815,1199.4915037372757,117.5172704386414,1132.1752076262119,3490.7478881438624,175.90219271469272,269.28072478991595,1930.8373689967439,3502.787016048496,26.34375,145.19232804232803,2124.2934575740596,28.06712962962963,38.11574074074074,220.37529374560623,23.194444444444443,311.00207037830876,27.13030372405372,8.23611111111111,147.8746857717446,97.33566468253967,22.32936507936508,1.2000000000000002,64.48958333333333,65.58928571428571,8.0,35.36081349206349,54.24444444444444,2.970238095238095,16.18888888888889,11.29861111111111,10.61111111111111,99.46754701880752,16.907341269841268,514.3665627362055,7.742521367521367,21.81190476190476,13.75,21.666666666666664,4936.5862730051185,17.22222222222222,75.77403846153847,164.28805255202315,240.56605207068915,79.30173611111111,27.916666666666664,2.5731646825396823,55.51709401709402,62.90979853479853,142.3066563066563,22.64156746031746,7.135416666666667,5.738705738705739,171.87944348679642,72.25,232.0657042226779,6.071428571428571,50.687937675070025,0.0,232.2640347805789,1.6666666666666665,18.43888888888889,4.444444444444445,1.5,138.5448717948718,0.5505952380952381,12.333333333333332,27.65277777777778,0.0,3.333333333333333,1.3888888888888888,26.68966333845366,2.6446886446886446,24.444444444444443,13.75,36.74603174603175,47.73412698412698,37.4280753968254,5.430555555555555,40.177083333333336,13.676190476190476,21.5,25.0,2.1296296296296293,41.942708333333336,31.920673076923077,946.2571668455956,3.055555555555556,395.8621794871795,6.078125,41.47649572649573,157.05295838420838,104.24373433583959
88.16632768322849,174.4989281231517,1414.3489704535657,483.6069747722471,4847.09888927307,688.1868993154173,326.72326876510584,85.11226183146889,1515.0335995778307,25.00646824439928,580.6885478602486,18.89292908495962,11957.279699403563,519.5979430143948,254.38578835843657,67.82553081838796,35.21082294184027,870.5115434865498,16.61092451609693,2208.0099520243966,93.22696834476506,528.5101174227963,552.4837854249687,72.12136352209882,114.43396709746978,955.0299877245758,336.74038353121057,1577.2905643803085,2467.426615275322,31.800430544035756,60.47048423386632,91.54281675612879,33.9764639537459,168.46678082104478,1800.0437305821345,199.87408686376472,434.88610411021324,1392.8811299515412,7967.179118342008,735.273866650961,2781.043685909836,3609.3836302024356,1268.800081356957,1063.2069629294526,448.4300559327556,46.1715093621571,25.890218583890515,12.339424925450714,33.93766539928998,10.555555555555555,154.58979919324807,48.853895015659724,364.9740447199625,463.4471993286715,8.14084397986837,13.257076257076257,209.13221363539623,22.279104065868772,63.38535179189117,48.64536087259478,124.64062101658725,9.981060606060606,12.878406315906316,92.08850979927632,110.80899989366375,498.96574547519356,467.5450535768655,56.89432242634213,106.2774828133519,53.399750744838556,28.95696077031512,1222.6186524514549,222.3545415205025,7.825221524291397,165.50455462776168,48.50515476586905,54.04779049550855,168.12488856723957,46.55156096221168,1157.8797670071735,305.0446891321237,1271.1072179310672,25.49622750437968,174.33796170773857,26.265752897895755,57.606268149822654,222.61114380213556,64.29590766131014,136.53621848611328,13.998406685906685,61.195315276058174,55.02442649352965,15.477022554739946,23.761092105840003,445.4672728193944,23.509597747187158,71.17989135047958,88.76237151885547,94.6037543544416,120.94079336541304,2091.4437638098025,14682.488483532923,426.44328340793857,130.7691953644348,74.10968263628362,1652.273007436385,1400.0058633681028,5645.442842819067,2865.8919585682766,527.2600140868212,965.8952696294668,5194.673737425165,731.323974713326,1443.7453120105743,3509.435586138203,5425.5866940648775,220.09240224000285,123.21336055017463,1864.899302537295,41.47248275255794,26.73551914853826,138.09902931827907,61.13086260221792,19.999409946778368,4.384074259074259,184.44821154446322,24.05572483072483,209.0534489618855,6.6417317675938365,27.797913709339785,128.55221368675203,20.84551396316102,48.215818903318905,16.37007437007437,29.131536810697696,46.24299865175861,51.92481796338993,43.37543641014336,44.01827061827062,13.435992934268796,21.264276437070556,251.63154904459637,94.0374738473478,94.8275003725646,56.141937061906106,26.36096905929351,22.387440033484655,26.035039470333587,112.46601711812025,137.40551056552312,173.02051581294103,319.3847903348302,9.981839318819233,1021.3527290095886,23.237207004013726,82.60327711879437,341.6115946958715,131.30859078379362,5.279146141215107,9.77423869234214,101.54297939332768,13.845302040954214,855.7138128708402,4.822112753147235,194.54723317771118,99.60048059505704,34.23524958774505,16.289682539682538,75.95504201680671,86.6802574059927,3.226190476190476,8.476190476190476,37.352237751217885,23.71017080921437,57.65207749766573,49.03952396502706,20.039971584153285,11.443722943722944,100.14497073274163,1.3025210084033612,3.1627612583494935,21.972692856313547,20.67182278505808,8.37432005630535,0.0,31.02282469136184,9.198203842940684,11.438620902906617,31.749438363079335,0.7142857142857142,3.158521303258145,1123.3874451326012,11.859554188501557,0.0,1.6363636363636365,7.531746031746032,0.8333333333333333,0.0,23.183287008510874,3.9696969696969697
260.6113272878017,505.8922264742927,2008.5490067323985,1431.2750788308958,10187.30358647403,1117.0704519266435,1615.1878917114475,205.5038330864182,4155.087422163087,129.30095136774705,3006.205406070026,139.29997291116766,16662.676924990454,2033.4095623418154,255.88726948678297,168.8086946660084,54.49168016384609,3799.5989326443196,30.689935064935064,3751.22181357775,193.08800078959098,957.3898149909977,1746.7536977096972,345.227273414652,367.41996144693513,3300.4676823624923,1018.5767679148636,3939.3855963304704,4000.8360790373345,56.750143599384,369.9170439419372,479.50129309892685,123.84787304199068,544.3217418687041,3781.63857114465,163.6460194367762,776.3878365697781,2917.4175871620314,15129.428823727134,2128.677581935993,5762.962703663306,6669.958689707648,2184.629096196415,3173.858125113888,1792.0159152262095,88.90738955273834,98.90289238195585,26.586333230520903,126.7496077772771,22.619747899159663,615.6384084172573,98.1948765649746,867.3580692796398,564.7340113905129,34.53802341846634,76.89957264957265,572.5418800860515,56.20425979249509,41.68482905982906,101.40301018593073,219.18767545031568,9.403550153550153,12.408230658230657,119.03320181042059,328.3114366719732,1580.0038120638296,1424.3692099359594,226.6279530828403,525.3535482293876,262.78442210250466,106.96720529907735,1562.7657573909464,426.69457199595064,32.08668889101144,443.3687901916086,106.51831734356797,19.24393090569561,747.9380624593921,272.6950193015902,1746.5606299330032,240.15284345284346,2771.896776210647,37.38718307835955,358.41348150504217,44.54103480293956,139.92410816257524,179.4541903943853,272.44844442579614,135.230674098461,30.685423967566823,210.2300441116031,256.74811465907123,127.66661321482749,63.074454179087084,607.9138131434221,31.99174591318554,350.3618027752247,78.2753844220931,574.6657707338976,241.47799436402377,3137.35070416823,33803.49302013966,1633.0600922153938,419.26861798516484,286.51712968733005,4627.410211124173,3891.8773687637804,13870.236859960083,6295.281578760529,2749.9997606299517,3532.5078898198362,9854.782896350991,2389.3403864274433,3701.893438550658,9875.161573039992,7932.597218731601,393.4268508185046,136.46516746906508,4516.355451982699,132.8960196924184,102.67332371545109,271.29900072019154,128.96947622049836,62.36394161394161,14.554181929181928,195.17972908332078,98.90560196796353,207.01609173154702,68.08208306289379,113.27866751240883,328.9080554926107,18.343819768760024,82.84677668011001,101.58042949114378,198.77000882445836,221.76964348297176,201.83958103856452,166.79904511648576,186.79341853291433,63.06592371473324,113.10704130464192,280.3505833695683,253.39871397276858,360.6267173574395,135.69461381411844,65.34811710231878,72.91330891330891,53.03995949584185,221.16590657256023,250.13096898378484,455.7410717672134,1180.6406362018797,30.422022149963325,809.5948557013489,85.02016145828362,47.16429270749999,878.4218640993392,691.8225313918149,13.207602582602583,47.88764052039914,96.72748936015742,94.85311126071996,1040.5623436129997,25.04408996800301,864.07956562079,943.0152791577106,45.395527279737806,5.7142857142857135,161.13603515998474,286.3932578673117,3.8677248677248675,20.173280423280424,152.95893300078495,92.05948251113209,82.23794489381015,97.08753220639979,172.76793060409227,16.120110883268776,103.54972550525956,4.352941176470588,28.581538408335796,58.52546342546342,109.76105802110543,18.636493143652586,2.2210884353741496,64.03885495636932,10.836792836792835,21.852968460111317,39.72057696229182,0.7142857142857142,26.087913978006856,593.1025802733749,43.36366703471967,4.988328664799253,0.9956709956709957,4.5064935064935066,6.45021645021645,5.02913752913753,30.40913335030982,0.8333333333333333
128.23320232623837,609.4428285681283,3091.0951900206187,170.4850340042523,2490.6514196025823,152.7015360675144,1192.4009356486863,56.644959628158354,4425.79853226612,356.85402169822476,2079.5260990863258,31.86802420679903,9000.497919100484,787.4136806297871,1400.2106396714696,58.345111237968375,1377.2645762733364,1831.9597266559476,22.29031074289695,2469.7373235916857,409.90059483874603,1688.224498547097,758.5057486450971,295.51317003899214,365.1877664675652,737.1741206352172,354.7227178996166,2284.6845939679383,3050.626298010446,241.37253835726102,141.57725522581975,133.30188798612443,229.87778303039457,117.3970940063499,954.2261159182922,180.30469764657605,841.5409494020836,1930.2748623728935,6180.411443242525,705.7480291642618,4188.499043646528,3123.676889494109,1729.0973044311845,2025.7048052242485,716.9903140599507,233.15613688889874,56.94024508294018,76.63706297795291,90.98162779667827,58.535732714138284,367.6742132073386,113.11154464443938,122.28930062970556,137.3028598205309,61.83928571428571,14.80047852474323,113.68429764930464,95.44371345029239,54.09528063915808,116.29356699187656,218.56490813810234,220.34292169818485,57.48325782404729,216.95349119517834,56.270699429196966,170.26124352841666,1152.680555996329,148.41012655818528,33.29699729971733,284.0541651171889,137.92405582922825,1404.126013773916,441.7929210859778,98.4838657394157,116.60387407418557,62.22925310475067,35.32824282011655,752.7646617715218,190.46360934587398,651.5842658208034,1649.216792646274,1175.0516233983449,25.19747023809524,87.48443630628294,66.39740087954374,112.49563237038949,178.39013252829042,15.481994312876665,902.2882751898806,69.20734330414781,764.1720189721124,55.63371740807086,16.11111111111111,23.118084296655724,1233.713645347218,29.18393374371142,48.52560663919824,19.867261904761904,10.577318443470894,334.2009075568513,3966.6024142503634,15139.18976007016,1734.4283964676808,48.83002582948804,64.41756385041322,3823.1177135423095,1287.0928471483624,5250.920522371089,1408.1278142553178,439.7597227559358,1444.1408783067716,5938.88573415939,956.1156869791055,1831.5397522897406,7005.27724958612,5547.519315541599,40.33581521186563,891.921790643106,5841.84306932713,70.07048695558487,183.052431369622,507.82466163879434,14.384590095181228,45.66858813700919,19.955555555555556,48.40005196656015,61.6188558960916,14.251913437439752,17.708696571627605,40.59441927576164,171.92079362610377,132.21745272271588,7.428571428571429,69.0706852019117,7.1504105090311985,10.748768472906404,65.62902209363094,126.38222531904474,87.68884097498649,72.20838248181349,113.95382585251006,344.67577918727295,22.810329842892866,46.83901898162333,19.36356209150327,9.950318542050967,693.4455064314898,72.71970576763809,36.33889331787271,322.9916453414534,505.0834715420695,502.7584466681621,64.44642857142857,36.57809831793822,55.03573498887538,36.4621118823705,71.89900992448261,111.1476302433199,30.256009996255006,18.1921227277965,102.10393438634773,20.399844720496894,1550.2570636988228,7.470580186097426,126.5103483483215,15.561970243912167,53.281387736582836,7.023809523809523,7.304761904761905,20.684981684981683,2.676190476190476,9.267857142857142,7.221339005821764,67.06404682931938,27.432227894745456,9.400694248991462,9.21885369117674,14.03558544629973,138.0195969349994,9.13219133807369,19.973872369460604,91.56759894134012,51.29247835497836,18.892857142857142,12.230272108843536,50.84927690558495,6.413220551378446,21.560374149659864,137.15688309022667,11.57036505161505,0.0,280.8253996342712,1.6111111111111112,60.752948547840184,2.554682159945318,85.34466366966366,3.333333333333333,99.12975394744599,10.38472160023884,2.4761904761904763
4.174603174603174,71.46724664224664,626.2837118724327,23.123626373626372,774.5505395924948,37.91269841269841,106.06863642893055,31.33888888888889,542.3669921610324,102.32415547415548,112.23013778160836,17.752770146520145,1052.1469195721622,72.37307717958979,181.24541107041105,44.36202686202686,56.744533244533244,400.21376353960386,5.416666666666666,151.25547442053744,50.77178469678469,46.55903540903541,122.19200227099387,21.0970695970696,59.927960927960925,19.186262539203714,57.493374291786985,279.0427417373274,380.83336840175076,10.876190476190475,39.99999999999999,9.523809523809522,132.11182336182335,36.0971829757544,206.59938104747198,5.873015873015873,51.22076164576164,338.7583460035141,1183.5040951045535,21.98183679066032,266.490173253828,452.6903458556747,188.81302161890397,231.327293738008,33.53318903318903,12.561507936507937,15.23611111111111,1.1111111111111112,21.289682539682538,48.37566137566137,27.115384615384613,2.583333333333333,20.73412698412698,41.91089743589743,1.6666666666666665,1.6870748299319727,15.987301587301587,7.913419913419913,19.95021645021645,10.325187969924812,14.048940601881778,15.166666666666666,16.182539682539684,9.898809523809524,27.00091575091575,48.69503689261754,89.19761571295184,2.2916666666666665,8.082539682539682,1.0555555555555556,7.936507936507937,99.15676917490643,10.122972265829409,6.387362637362637,13.978949938949938,3.6274509803921564,0.9586056644880174,33.84585261229998,4.70798319327731,115.6198864498566,217.13477994436641,157.67110497897949,3.3111111111111113,5.97069597069597,5.281746031746032,13.020467836257309,4.285714285714286,3.485060690943044,30.903562238239655,7.798412698412697,3.7584033613445373,13.594246031746032,9.237528344671201,14.245726495726496,158.2510246017599,1.7418546365914787,3.8710317460317456,2.2222222222222223,1.2916666666666667,27.20970695970696,359.56908466599134,2877.83046886882,151.5570054945055,31.07142857142857,20.65201465201465,962.0571205934508,185.20015464616304,904.349836159535,193.97698314757136,59.13054081521823,247.1992340548455,758.9497904637666,50.94312169312169,81.43172268907563,1017.867626017538,825.8132641998851,11.107026143790849,74.06990231990231,1187.984509750629,15.693121693121691,0.5,20.587952248368914,2.7777777777777777,8.831766381766382,5.273809523809524,1.8137254901960782,12.946293902176254,0.0,5.579365079365079,14.066666666666666,3.5555555555555554,3.333333333333333,2.0,8.481746031746031,24.511111111111113,0.0,10.27437641723356,0.7142857142857142,19.72222222222222,19.43025951121189,1.8627450980392155,54.99192565915255,0.0,17.227777777777778,10.476190476190476,0.0,680.5894277905663,3.7777777777777777,2.9914529914529915,58.51754641127706,96.34604127950902,75.36388888888888,1.1111111111111112,0.0,8.367445054945055,3.3333333333333335,20.9139775568347,12.499999999999998,2.261904761904762,1.336996336996337,6.621937321937322,0.0,137.7709601022759,0.8333333333333333,38.49134199134199,2.0,2.761904761904762,0.8333333333333333,0.0,0.0,0.0,0.7692307692307693,0.0,21.881944444444443,0.0,0.6666666666666666,0.0,0.0,5.915659668885475,0.63003663003663,1.25,22.9047619047619,38.74007936507937,0.0,3.7698412698412698,3.194444444444444,1.7857142857142856,0.0,0.0,3.3333333333333335,2.380952380952381,51.03988095238095,0.0,81.86747049247049,0.0,9.436965811965813,2.0,71.83119658119658,18.964509564509562,0.0
12.884803921568626,8.403361344537815,69.81387362637362,713.1595967394986,242.14880190615483,35.75644841269841,569.8219885576615,25.583333333333332,1572.0847412618245,260.0101715096813,1548.0203660355621,17.333333333333332,12679.073603321183,44.25108225108225,1804.7197542109307,459.47546897546897,312.8538408872355,2394.806433690341,743.3220027068065,2822.8229376560257,24.538359788359788,1926.5289862914863,284.345792461085,377.92684448358466,3.333333333333333,4832.136670869652,33.5,1612.9327997711314,2500.8364752775187,0.6666666666666666,2.0,11.875,847.8522592875534,2.833333333333333,35.035714285714285,1175.1941579662166,58.50863678804855,662.430077325543,3923.2377325185557,1069.881152707133,1828.0718850065502,1458.6844568767813,2139.744604535271,1337.656927466275,1200.034270581452,8.928571428571429,6.125,0.6666666666666667,3.5,27.023809523809522,23.50495183828517,13.743386243386242,744.9707726686893,52.470238095238095,192.97092488648465,408.3966635942126,53.57227032227032,7.317460317460317,81.64189514189513,1.4285714285714284,40.88095238095238,2.1875,3.619047619047619,5.0,16.871031746031743,2.0,25.996031746031743,5.095238095238095,410.08975068141734,339.59094516594513,8.75,354.9247234791352,22.166666666666664,3.0,5.15079365079365,4.999999999999999,868.7874132947661,4.583333333333333,17.889355742296917,36.817460317460316,45.370490620490614,53.02204585537918,10.163780663780663,26.658730158730158,4.25,131.94444444444443,14.68964947089947,9.688792688792688,1401.0768651839303,429.09264545779695,2.7777777777777777,331.91666666666663,77.59513782785841,82.30357142857143,13.587662337662337,2.0,14.472222222222221,74.67857142857142,1.1111111111111112,46.104166666666664,40.15949899773429,28651.053828289158,706.2644485144484,1674.4417925257385,0.9090909090909092,3758.3193129222473,635.1489575866135,18871.886131768882,3430.813955026455,322.38063725490196,2056.853243908782,6088.360281688117,439.39026251526246,68.45586113233172,7029.894797744543,3809.5700829568646,4.999999999999999,1755.0523456799192,1451.8564025119247,9.067460317460316,180.3161976911977,12.159090909090908,611.7188517501017,1590.2722442998177,9.999999999999998,0.0,0.0,10.746212121212121,49.546015712682376,123.08122864789532,0.0,0.0,1018.6836397534926,0.0,218.8813131313131,26.744047619047617,0.0,0.0,16.354166666666664,0.0,3.1111111111111107,3.1944444444444446,218.37729925303452,0.0,973.9234979345273,1.6666666666666665,0.0,0.0,41.3095238095238,0.0,0.0,142.19304388422034,92.03715058873257,141.41546470504804,0.0,51.37121212121212,0.0,0.0,0.0,0.0,0.0,76.37962962962962,65.74970291146761,629.4262621637621,0.0,17.35329485329485,513.6215375038904,28.728571428571428,106.58673849298849,92.87870299635004,16.955555555555556,7.984487734487734,81.49350649350649,0.0,0.0,13.42195767195767,0.0,294.67057133135563,0.0,89.30005411255411,25.786075036075033,0.0,0.0,437.93622064210297,33.410714285714285,1.1111111111111112,0.0,33.02777777777778,2.1875,0.0,93.40741542408209,0.0,0.5833333333333333,1.4285714285714284,324.1513472910532,0.0,13.333333333333332,3.958333333333333,854.1047216672216,57.835041061879295
303.46056540638585,719.7494816586922,1500.4039354535105,264.1475319121582,1011.0658471163835,69.4964010856868,673.9655908974898,18.675324675324674,8772.922744618452,25.647167160325054,625.7390376216297,84.2675660482162,6126.659871145376,271.97500278666246,36.400910922582746,35.62805576776165,15.313131313131313,1439.6381021062577,144.29063007446464,910.1275513731986,383.1364970097555,358.57828524960877,1103.7652275609287,377.6698411654846,148.43529516272923,884.4064262248604,1323.0658267531126,3713.7458110126586,5597.883172924885,110.75463425463425,65.01776441079846,123.6395176317777,22.19839852270193,516.4477331111476,2346.2089058126703,123.34572616925558,474.67516487356414,2095.2217790504333,10922.712957178961,1456.7488475007644,2831.16432716636,6429.5110984130115,4208.8817291177065,4736.470085944657,445.7014841995839,97.04523941768187,159.00021294181326,33.76953357100416,69.50682937704997,1.2070707070707072,794.3923054070112,28.472052457346575,552.6368282087709,146.1300779887467,52.39565489836387,8.158730158730158,189.359710550887,2.0562770562770565,83.83951125127595,85.12754107490949,69.11745977086886,7.438672438672439,66.48061093390041,191.6478475228475,42.766884531590414,1084.602218284702,1492.6409663705956,92.61437908496731,96.23574555819138,745.5265475265475,196.05676691225693,1931.4960543957086,572.2340794897683,241.8621166890568,200.63117251303524,75.32665482665482,8.214285714285714,298.8028322440087,121.33336119075283,2372.5914682443913,1943.0415915779859,1503.8356183511737,20.788690476190474,101.72904995331466,10.183261183261182,197.54866334645746,197.60393399784155,157.3344499415928,205.72127967348555,128.48244348244347,126.59798516661262,35.462184873949575,30.626422597010833,4.7031746031746025,1295.2460048121811,21.25218572277396,90.3321158008658,18.86796536796537,283.51183091933865,265.71783732836366,1064.109788891819,30896.65313156771,655.0010746753615,386.9852496660546,92.49070537305832,3925.243574945889,937.1026139910031,10487.376495518438,3180.680993889303,253.0586973989725,1337.5187635621398,12869.698494735367,304.9806112503481,832.9810429852025,5112.720830182389,3066.2169736850224,111.17681117124394,269.43511263734905,5578.961603486894,123.4613516113516,54.22294372294372,342.3988216543041,5.952380952380952,0.6301106301106301,5.333333333333333,143.11665192171145,251.50918145035791,124.51669381530061,17.510745323770536,0.0,143.09477831536654,13.408564814814815,21.328883105198894,309.54211272641015,4.927631578947368,3.4215051517683093,495.57086328728514,19.436118892001243,28.43976393976394,325.26821518217287,42.12481962481962,32.37791573505859,1.1833505331957344,50.60983267668661,62.95129162776222,78.62770562770562,94.97619047619047,187.16272847522848,257.95209233490965,241.1287928769021,200.40806178476237,319.6591289973643,7.674868990658464,34.037051184110005,25.190234601999308,7.507330882911377,143.3457662659933,100.94369764222705,128.30001746619394,113.3532861413306,82.69919622860799,13.518170426065163,1569.1405866307182,144.78655372405373,966.0766965427673,64.73099415204678,78.22745098039215,10.047619047619047,75.37870876686667,1189.4431195440593,0.8421052631578947,0.0,3.8929093567251463,39.52143105432579,94.05494864612511,2.8588896483633324,153.2032067877656,7.679653679653679,55.66581289081289,2.4,9.527910685805422,31.525337407690348,37.59962722462722,4.5,3.6309523809523805,73.79025372775372,31.07186727960722,14.68859649122807,33.87862872421696,0.0,6.111111111111111,2957.670609870439,34.57915758896151,0.8333333333333333,2.8257575757575757,10.928030303030301,2.6785714285714284,96.05781201369436,0.0,0.0
12.247598697598697,250.14682818308577,1124.1391127391128,71.83119658119658,322.9542287466657,66.96642246642246,49.86202686202686,11.716666666666667,2444.2255325943406,195.95277777777778,796.1608262108261,8.166666666666666,1690.8302196739871,115.36773504273503,231.24192104192105,42.56944444444444,66.96861471861472,359.67742729942216,7.678571428571429,821.9451698628169,18.519418979713098,388.3567376523259,114.42814946491417,57.863445378151255,8.396533613445378,299.39876373626373,117.85970695970695,404.20427959839725,249.60826008319614,14.563492063492063,8.878205128205128,2.1764346764346763,51.75213675213675,43.14343173166702,773.0670878504212,55.19017094017094,123.44281045751633,467.595737587084,3050.1932776663753,133.29559329559328,1118.3587187125472,1114.5561693323302,535.686979278891,261.9499868323398,14.528069153069152,14.971360339007397,17.127492877492877,5.344254510921178,5.833333333333333,56.301587301587304,36.2077093657976,2.445054945054945,30.357142857142858,148.21314960982144,2.6923076923076925,5.0,6.98109243697479,179.4419191919192,0.8795518207282913,15.237179487179487,19.288964303670184,19.55128205128205,9.429487179487179,24.65995115995116,37.08611111111111,257.5875395029807,134.46933668840362,60.52777777777778,2.6666666666666665,0.625,9.766339869281046,51.328601953601954,46.29187016687017,25.773809523809522,29.99188034188034,13.541666666666666,12.833333333333332,52.4017094017094,14.75050875050875,181.08072224616342,478.62396638142434,127.85855050522233,13.61111111111111,12.833333333333332,0.5,64.47985347985347,42.709706959706956,5.476190476190476,60.97679419346086,5.961538461538462,24.497252747252748,0.5555555555555556,6.192242114236999,18.4992673992674,77.06727483043272,16.549450549450547,11.362565539036126,31.106837606837605,53.40064102564102,90.81535947712418,140.54305046805047,5234.275864158695,48.7627097847686,35.61531279178338,2.8846153846153846,1515.2995599497358,250.1946255928454,510.32058771838183,500.92326191013774,39.97995642701525,904.926645213329,1936.9120908632813,128.07987382987383,363.48273939205313,1815.4012334233437,1386.2625293509748,23.669871794871796,13.071942110177403,844.1572938499409,5.779202279202279,10.051510989010989,26.924325674325672,0.6666666666666666,25.765567765567763,0.0,16.22222222222222,26.625942684766212,36.49149159663865,2.4799011558646447,9.533333333333333,19.283333333333335,27.944677871148457,1.0,33.506253713606654,0.0,1.3333333333333333,15.260504201680671,5.4907407407407405,0.0,20.478279773447838,5.465616246498599,43.90561224489796,11.25,1.3333333333333333,0.0,6.372189901601666,4621.435970218865,13.46031746031746,18.997049247049247,82.7225320543779,62.275757575757574,7.583333333333334,2.0,2.5,3.6698717948717947,15.923076923076923,50.52223239723239,7.708333333333333,4.044117647058823,8.833333333333334,36.71572218631042,2.0,50.80393217893218,0.0,15.88777562306974,0.0,62.604166666666664,0.0,10.5,0.0,4.898109243697479,23.995726495726494,0.0,2.6666666666666665,12.055555555555555,0.0,7.3809523809523805,0.0,10.799999999999999,2.5,6.5,0.0,2.8571428571428568,15.936507936507937,4.75,1.7521367521367521,7.013888888888888,0.5333333333333333,0.0,6.666666666666666,2.0,20.035714285714285,1.7948717948717947,802.6144527986634,0.0,45.199999999999996,0.0,155.71153846153845,23.11111111111111,16.92982456140351
44.21913732894908,98.23978629596442,1195.0977285407698,85.07248764880343,1327.5415155389956,203.21716898653443,175.7050646555211,65.86168406756642,1251.5766075924278,119.01989147548358,1040.275039547676,16.759852552131964,4575.604561749505,317.1613320744798,272.28257844804585,56.28659708347208,35.720238095238095,476.51092857098683,8.063988095238095,962.5846233937556,27.292152174337225,179.06643262699936,284.1365753917357,34.4234943977591,109.33993487202042,393.55697003201146,273.8747865092406,848.1744742476876,1096.800753011523,29.102624383086567,38.62531405141699,34.73526077097505,176.9050047175047,175.84833365549392,673.0286502482496,136.22203742608153,273.0281774779324,802.0649729481878,4880.890715195256,238.87712242858333,1024.8868525012447,1394.397446469586,523.2869891682993,1078.2386859511635,257.9528062487621,67.30412145918973,2.9947916666666665,17.308064892623715,24.66266934124077,17.124393738977073,64.09628674702203,38.82208994708994,108.96759870031929,76.50875315237738,8.210673941443172,1.6646825396825395,163.59246719244138,16.86904761904762,13.877594627594627,40.94970599575863,57.744529208989995,28.61111111111111,9.076830732292917,169.30308161276204,22.862103174603174,145.96509615158882,199.12936842455983,151.16364387635394,14.832264957264957,79.47457673720942,30.912640056022408,505.48364683274264,71.68337069676355,23.44989903591959,84.55771175096832,40.41254578754579,16.6994825708061,268.80780840113823,335.34210244866927,352.51281454899873,270.86631313742936,353.10902530204,0.8653846153846154,27.166065416065415,3.239583333333333,9.744485294117647,80.09693206761705,26.194616004296453,189.8443113968075,11.465919701213819,53.542457134368895,24.9769536019536,2.5925925925925926,10.476785714285715,1804.5991522960835,11.263652390780873,27.81216931216931,11.254960317460318,1.1616161616161618,45.152806956115775,1400.658946286572,7844.049098570019,226.25130982186764,51.56297670583385,12.805857949240302,1097.7116347327558,267.0263518430318,3072.6778101273,1455.7780246270695,35.87589778601499,915.0880514313988,2310.3031031575642,275.52495852806834,1016.6325302110647,2428.684299077061,2485.1771763034267,21.139377847098434,175.59156934703705,1191.360478967258,23.153769841269842,78.38690476190476,95.15932624020859,11.417432702746169,36.76587301587301,3.2766203703703702,49.78618113912231,21.04777167277167,22.034912802840434,0.0,1.183673469387755,139.5534157310943,19.48587061087061,2.0416666666666665,53.008018295702115,15.445560574043546,21.311125034809244,111.35943607724539,9.158573517126149,17.834821428571427,23.324404761904763,36.381397306397304,83.99598488743226,15.729766265480551,19.463980463980466,7.164743887985816,32.273664343786294,206.8813492063492,22.674486461251167,72.85860456622841,94.95165755696218,193.67783029878618,186.9637628460509,0.0,123.11158610432551,43.910301999587716,3.923941798941799,113.53920766649739,28.77978577794754,11.212447478991596,8.735119047619047,46.38862670625441,1.25,523.7464988115129,1.5555555555555556,117.56359286138698,20.595950868128288,40.248231383196554,5.0396825396825395,9.581388110799875,4.653850535429482,0.0,4.0,10.150375939849624,0.0,11.890574650912995,2.48015873015873,1.4285714285714284,6.501400560224089,76.42142383565702,1.0476190476190474,0.0,3.7738095238095237,19.756613756613756,3.4772727272727275,1.4955357142857142,14.200046685340803,15.516917293233082,12.218253968253968,38.57732259570495,5.448863636363636,1.6666666666666665,542.011397284918,5.411931818181818,8.333333333333334,0.0,4.800000000000001,0.0,10.407738095238095,0.0,0.8333333333333333
160.9636228045535,555.2656458020668,5648.542993087233,279.0753548742934,5382.826497959729,553.25824563136,981.5075308450525,128.58171139906753,7044.549974512267,518.4792834961746,3643.3295256279007,68.06205510423177,14674.237727027374,1815.7456773670083,1627.9146835638303,76.63491823829479,513.3103380436019,2066.0560414402007,93.73470074550197,4633.636628925653,122.47931700060417,1059.3724411966168,701.5745570668921,162.29837899740036,479.21178009121473,1555.4638612312883,576.0128031916892,2549.6288798525266,3931.8067276667434,556.8315581210584,198.04789476124492,150.09296311997568,264.5090570677538,273.5210753652402,2015.6864551067226,457.97466172268827,1567.5144120361006,3728.2750862268963,13822.355909499332,1048.4079845725576,5238.741341543166,5047.061569891783,3234.0630390969077,3552.0028947434575,1007.8695411768877,293.4683542067973,125.38004101266918,72.88629275869854,52.3394787392547,183.07522429625757,128.8213111038505,72.24756829080137,260.77399042656435,323.6037696071435,45.78166544993468,13.508880825057295,318.61505017799453,74.16844233650454,84.4001353416481,268.91580537006354,230.8212253296242,63.36131266394424,44.96072006659338,474.3129278630833,90.99764902914501,347.3555234050306,918.0558209191372,434.5875711251916,78.7971122919376,331.13902459758754,145.62119664582823,2585.532415458069,647.7434585373879,86.81036828029347,192.12511346939291,65.57958243310411,37.99947134827459,1176.3046596871686,342.3767700185757,1638.0937433731492,1783.214391708082,1506.6899724390023,82.01605616605616,93.17265638419957,37.608816986390515,115.52342182111423,141.24604264557826,94.2904226842252,759.9638631894666,81.32205491815178,474.9430815433711,78.48514209290072,13.479576224429165,46.12433623308236,3968.5569381021382,62.64391855895272,54.91701875567307,107.14975366780179,20.884221117660317,255.43231771621396,6833.219468865441,29736.494708408707,1224.584383949933,137.2263560693233,96.34670896792574,4643.755346106322,1815.1077032062935,11556.910123801175,4555.436860907998,270.24856706220356,2766.188234323838,10900.851661618184,1642.4851445239517,3303.7827875245407,10242.499639885835,13191.06172852852,110.07760330496336,807.1612786151569,5660.263753992165,84.46280952900518,228.77708893118375,731.2193304924675,58.45910793426273,84.45202333499547,24.620868714618712,71.12900862099225,45.503483182352895,215.53092109399174,30.313135045031597,58.00087875087875,312.32157401411877,31.50552134197645,39.61452558879029,114.02752489005253,55.284749429783616,35.179744538010254,108.6734868265174,110.60179746121801,131.82057561461585,82.98668405143803,142.9266502846998,1026.7548782348993,41.25638698369791,116.9978021238413,47.131360726108625,63.05095227584467,321.1651223072973,49.62500912113915,89.62460365023752,598.6504655925407,1160.2386881216244,896.8017748071201,129.06305173584585,112.24726396370366,75.2966332182922,31.201948850329206,241.0003227755042,39.87397680684953,30.544548579161447,63.55469545074808,183.689221912656,5.286195286195286,5982.427571810728,28.50971227048813,480.34721760629145,67.85479782616754,194.04087114192006,13.015873015873016,33.193481875429434,285.5550630967272,8.333333333333334,17.0,136.10027027730953,109.43736750357563,47.64157404106258,4.361568986568987,47.38238083589166,15.614815623218984,218.56589233002325,1.625,5.304924242424242,48.07488685820186,96.61280252724103,20.95704948646125,9.309027777777779,50.86557872238986,4.686811726285411,61.14687950937951,126.77339300570743,34.01794871794871,11.666666666666666,1052.0470743574037,11.119002525252526,82.57991625677384,6.29346166962266,25.34090909090909,13.744791666666666,37.68654677539497,25.83057266009852,13.381419234360411
713.4365813275275,223.9720896226658,1656.8890605580207,1216.5242392783389,6388.079525473323,739.4420741229335,1985.4369326399726,721.3135698752571,7753.197914292452,541.9586262729645,1653.7062266552161,432.91950743800976,10833.340314567637,1003.8259114718487,656.5347111333692,499.62705904525757,217.28142875642874,5350.152397125049,640.7661375661376,2988.421646175331,842.6836822766851,1058.346381144663,3779.2337348458914,854.0010017005999,362.8524444892904,2772.5457295234214,2978.086122983217,4166.219034697151,4774.908145419512,163.57819198751216,274.4941868213772,562.7957330521205,1085.1043991029144,1874.5653839596466,8623.526648599605,1201.8320545769118,2120.808419634478,4581.828754817078,13560.498172100759,2338.5322639608185,6373.511551928413,10195.854926074973,4089.07472102167,5263.321620737774,1049.1661290756474,252.09109579110546,258.7589952791767,140.86860422257482,179.3813493519724,61.99563660649445,770.8714009789087,336.7992385474003,1088.8375344082342,996.3204035344593,375.3627208526457,99.3703072132622,423.74840789558095,120.57556006085417,406.48038603671597,154.14216175264937,202.4919176410759,181.93584304584306,202.02595315503208,286.6064908245636,831.1839752872952,2708.5565418689694,4230.046589053029,371.09254863786595,414.60376823925526,477.05942644222273,584.6402655735661,2911.3159658144637,936.7955521557004,761.3370960910718,1262.9648507086195,388.86990648240646,78.05083333333333,350.1273547709887,261.7216702687291,4882.726510335445,1339.8635007566531,6081.329982999446,124.22242489526468,338.9239141493559,60.888798192548194,257.67074565331427,1109.8994206254388,184.72172352153555,464.7196903295433,535.3080142853051,658.9363221673026,166.15821093394624,418.1472831055437,32.82948412698413,2107.7782826581147,110.4945758790573,666.979636497383,421.0468566618567,418.7878953018659,715.5397204797553,4375.443223206575,36921.40492311134,1612.8919920138705,1104.6385090448955,1303.871825398081,4129.097761008729,2898.073402991583,19534.174480770616,7812.577582689235,2570.7683688854213,4041.275255089202,11309.949435798251,2120.2148346103145,2033.335255251501,10699.372986448245,9443.960797600492,762.9103490120567,624.674070562822,7965.143671273824,292.7217214315063,229.31319143819144,223.01467658182366,137.02540238334,247.50524497548307,27.855324074074073,268.1445147142997,714.7355209043258,407.065284958348,66.75867442762545,28.67756087942423,175.92302144092005,69.69315999904235,112.57337454212454,1284.2918815651606,68.12194508707667,136.1432554044396,1026.5424154279942,181.97620418244588,98.54124255374255,1410.9403094090571,151.77974302298307,121.26327330077329,192.85596960229313,146.3482141396866,275.8914019277724,204.69016102793003,1107.7884472660048,126.9119090565519,576.6223387386893,1682.647700838217,186.4101696368159,430.1186688730899,85.14635642135642,530.5718007020929,170.52930267458925,204.3689683029389,1097.7099586043566,940.6851285470158,410.97706367176806,143.07079341475892,291.4857872153073,35.99981962481962,415.1410937488724,15.764590964590964,1538.9646205630536,146.1335964960965,278.6381573269925,26.626984126984127,287.4160395160395,145.37179533429534,3.6111111111111107,21.885714285714286,162.40213488380047,78.74018389018389,95.59550826710269,38.532998340690646,168.24194686032922,67.23781795546502,198.00446127946128,18.062169312169313,64.125,183.5042324995266,126.31124338624339,22.65159350453468,15.841170634920633,182.86635118293012,140.5413486324477,48.892785917785915,157.9991330343027,27.694234006734007,36.51494338994339,605.0500541252877,280.5695097159558,90.7766106442577,13.158730158730158,29.963982259570493,28.69515842953343,103.5510010142363,11.539877946127946,10.431372549019608
9.978174603174603,78.09538239538239,44.157828282828284,131.71240796240795,2001.2218300594316,127.25158730158729,232.42800030657173,95.95036676286676,1425.4488007363007,492.551601894694,1103.4386329444876,128.170547309833,2112.678336947071,125.52846132569216,229.5302429052429,95.92160576351752,110.14585137085137,518.546307636558,32.48664021164021,366.0277162380103,225.92063310431658,294.5584249084249,425.07202720119386,58.28095238095238,14.757936507936508,748.0047086227039,361.46455905205903,676.5706421192308,1408.1248450909827,36.07539682539682,3.1777777777777776,199.96336390217968,112.44217171717172,67.24273615950445,558.8852898558652,85.80959873459874,1098.645695970696,797.24654989608,1799.822232327668,943.0568305089589,596.3440952148659,1348.4007966448755,795.5037842246013,357.93996581375615,320.26136614360297,23.50595238095238,9.722222222222221,3.458333333333333,3.9166666666666665,336.3215187590188,103.0865779392565,21.355158730158728,323.2742257522019,22.35906359435771,60.812809875309874,13.005952380952381,582.4946400334558,192.482838893133,12.5625,18.585735171261486,23.98102453102453,33.6031746031746,32.907738095238095,35.95238095238095,72.84366744366744,77.9998382569811,99.49343711843711,6.6798941798941796,75.88867521367521,21.927073732718892,6.014547952047952,62.39157868275515,160.62863155363155,28.179761904761904,35.79076479076479,3.75,128.9396176497017,24.81732740943267,22.193831168831167,129.67809529651635,41.654761904761905,123.828946419078,38.072399822399824,144.3148198575618,23.243253968253967,32.30249867091972,19.221005846005845,6.909356725146198,85.88802308802309,83.68669108669108,53.075274725274724,50.26125541125541,18.26190476190476,13.718650793650792,2.9375,7.889306599832915,106.52696608946609,25.928266178266178,51.81315836940837,29.713670126170125,238.06505750410824,8879.724286445522,184.01423805239594,48.690716030001745,31.991558441558443,316.0392187881023,2651.898033574431,2457.8343196493747,722.0624639249639,216.12726673910885,1111.1271947735459,2339.901727096985,1373.3838069335045,100.43914410870933,3503.7945283656245,2102.954446884671,15.112599206349206,447.20907269279115,1238.611840485591,75.94087592301878,73.70853174603174,20.432539682539684,37.945091945091946,39.504808590102705,32.166666666666664,3.333333333333333,18.794444444444444,52.4989084989085,24.446608946608947,223.91337561074403,3.222222222222222,21.2530525030525,55.807792207792204,5.955898268398268,7.193650793650794,41.2093253968254,11.533333333333333,8.999206349206348,2.473484848484848,25.818877551020407,13.653968253968253,2.5,13.892551892551893,136.09089706589705,52.88449513449513,4.5,13.75925925925926,3.385770975056689,0.0,25.27156432748538,14.444444444444445,11.33838383838384,38.525252525252526,109.61476103261818,12.36111111111111,138.33151491365777,10.315178571428572,90.68079004329005,13.666666666666666,15.029761904761903,13.034722222222221,16.482142857142858,8.1,84.91136628965576,0.7341269841269841,19.164682539682538,6.5,21.720238095238095,45.87301587301587,27.220238095238095,27.939814814814813,17.136904761904763,20.233037795537797,5.37037037037037,24.219336219336217,9.453703703703702,8.303571428571429,11.84126984126984,7.728174603174603,11.938644688644688,30.73051023051023,13.869047619047619,0.5,61.564153439153436,15.930555555555555,0.0,2.0436507936507935,170.5456291724149,6.674603174603174,533.3836659372373,62.2962962962963,0.0,19.772727272727273,2.2222222222222223,121.89369889369888,7.123015873015873,40.27308802308802,0.0,4.330357142857142,115.95284807784807
88.37141802913861,20.479626728490366,34.06498022238287,351.71620858070304,938.3353477869061,239.2351666851667,417.3668335365275,24.53642819303698,2424.0538007371792,78.6570507517127,875.4349708811234,431.9618206296595,4098.825755852499,369.9520073449903,326.42691943429975,169.49493709517282,121.95847438042816,1997.3350571895758,27.016413744985172,1357.6934923898498,294.45805136071186,597.4323132678943,814.6211668275681,146.70167124542124,16.267541486291485,1541.8325941046505,828.247653170157,2152.1395380454674,761.5484146436357,52.912798312798316,23.722247563290345,221.66659362309517,154.0467195393994,474.01235618773524,2897.8768711746457,177.0133696550363,506.05636833916464,823.069034037594,5890.492322392773,618.7283922778748,1984.4160476408313,2784.5941646139067,1236.0493182525338,1981.9106850013318,631.237757166673,3.760425090782234,47.51019624315079,28.142811983911056,10.146480235450824,0.6327731092436975,251.00260523736057,46.81687797496621,204.22019564167243,101.97183045328589,73.8960326106359,8.752958152958152,486.64680177320366,18.556835530155688,5.142857142857143,21.593392438089406,35.208882189334126,4.386483886483886,31.114276518688282,27.886399568810635,216.35041205426268,1584.6278787132662,826.4234194007081,146.37999720348557,46.25588624338624,512.3898831524488,184.9939301427958,275.98585447970953,193.82860486198004,217.84911490186425,254.53826545087907,17.547006914653974,43.47729963780384,42.97633359625764,9.633502217392088,653.0906449215273,83.07693302068301,1217.4910091210534,22.724386724386726,84.03988837130976,7.9523809523809526,20.907647907647906,82.42123894623894,63.33616457333815,52.58779930639978,70.028131464448,22.494071603000172,17.80191866956573,100.58470464720465,15.40382672882673,43.81051780326582,7.153860028860029,272.06415258766935,21.91437728937729,394.4116741434325,76.37890328238502,258.48374709723544,19868.026637116727,420.88850464147305,89.77372779659365,54.84609440267335,1455.730261989074,3362.8208720303032,7589.197579584499,2016.9612695853289,11497.581673532817,1142.6174123714234,4039.0214748782946,2167.0907035701816,256.50905274814306,8016.6107903921275,1712.8286845522537,40.28582204688571,265.24329543737076,2116.384693025082,41.76984096904447,23.351225601883495,43.6077984185127,58.78021978021978,42.38690476190476,18.837738378179555,61.286267485228834,141.16177968258407,66.73397761395822,32.56432745387854,339.9710702288036,24.810254765385743,29.252188684838483,180.5007058384486,262.30741590925413,13.967745163333397,136.9438349999179,159.26374691484986,7.896825396825396,9.01171236171236,36.73410324147902,5.3392857142857135,1.3333333333333333,100.33960077876486,116.09009351501611,182.90812233432203,13.511904761904761,56.228702350505415,0.5047619047619047,70.21896435853202,106.31185403116349,27.806204906204904,2.501010101010101,43.169353140084844,129.80539781569192,45.87944473912853,27.524941017588077,296.7699658464078,103.41503345139708,11.470295607765006,9.90955400808342,16.872119482584598,108.4189612378115,3.8910826639485174,45.259477870402236,433.060471512344,114.99800463620886,12.019991582491581,3.6845238095238093,39.10912698412698,32.75675701110484,97.71583118299408,1.9913419913419914,45.58829220395344,13.694721944721945,3.283341658341658,90.04295685631759,44.80023888780787,48.0825533010407,6.4778363997114,22.121671901083666,16.842980562082673,92.62246557383297,1.764069264069264,68.72068233707962,22.08958633958634,3.648639758933877,17.42404200737534,12.075948522377093,32.05620305620305,3.4865079365079366,43.27498196248196,70.02027240070719,31.27705415499533,3.3476190476190477,2.063186813186813,11.533333333333333,18.855089355089355,0.576923076923077,56.02198041695121,0.8155677655677656
102.72350940110464,979.6016534012892,3424.7246321186462,766.8428599422703,12988.80395189062,1577.9260274544292,1097.4495665912432,35.375728543990796,4483.732037877692,105.64125223020814,1120.691510701312,21.72764710547532,12793.932870782617,1415.4533315280034,539.4941801196817,65.89828174660711,100.93984814649782,1831.1507333302739,101.1758441777965,2797.4970275135925,21.492426075638416,797.2034913569877,521.949886277524,100.95770206802715,496.75980582949694,1700.550392862543,845.1822682991295,1596.0512895597142,5304.260182114466,225.91820011556206,549.6686236309273,281.70478723802034,113.15320133626422,273.244326015787,1764.31195668259,463.64421359837155,1339.8619101708152,2116.8023507304665,10318.913445292563,2169.0832532575164,4851.2425129383955,4667.3758451374815,2406.1080773879867,1953.9455485724434,982.4729219791031,159.06240706524446,99.7298020877422,25.714599355071226,150.14612009133648,71.32200577200577,157.08490617394614,49.51113315076163,501.6127661073022,130.26225877872884,41.30585707028015,33.140682030387914,469.07406216612844,75.49647043546565,37.351846112145566,181.36013724661618,69.78813368031348,19.810241902347165,18.40403018034597,269.17308172741343,169.22938655860733,414.50035917865534,543.2596396916729,216.3752786204951,36.946269577712826,158.48747241952776,72.37073758507428,3268.8221284690594,462.78979791264646,51.26098822028949,115.97508045997157,32.84793135195981,14.126110267165034,992.5393037718436,99.97614203244416,1079.3772141643976,529.8371451483077,1675.0308956569515,45.73081501831502,47.941111251875775,33.76732989232989,178.77129851625696,77.10075407049091,117.13609146310039,301.88541873616737,32.85487867395762,228.55333559198343,126.43649151711197,11.80637361005008,16.474566254752013,1762.7256398422462,36.79458597797981,161.77118747382661,129.60808624537617,41.780312856266455,66.97191795567475,3154.534402505669,26561.095049228254,1710.9370390177126,114.16814538108683,108.22291602579715,4421.462401491181,3301.0867222380416,12990.081764961551,2599.8331670586176,540.275281543146,2406.1880038897016,10474.587621212195,1009.36237251964,4345.117702641925,8895.803398319007,8362.060311319732,134.88221099887767,246.10116098960464,4158.366969708305,146.40858130094665,77.68923386051335,494.225617673025,234.68597760857375,94.94953453409336,21.73093573093573,25.766928247191405,118.86067452105294,871.2814843374895,42.308198675042384,55.19985662485663,232.85666057646543,12.15494784999429,74.20170531175432,50.32872042674674,250.76175022312972,90.0027647993893,106.32713075893656,85.52417189502034,99.84578323232127,25.971475509769522,100.2370780291833,761.0005382663433,175.58142751273002,114.15937495623122,40.02007077889431,28.41627173639369,31.04359792506344,39.086224021363336,69.0005783488542,518.0494724629067,796.9785531557544,1964.2224939885593,18.245107833343127,197.74437333451692,69.66945091945092,22.637999479580312,286.6622482723102,134.33717120720164,7.863782466777022,97.99177218224405,201.37603514906147,9.636548636548635,2472.944155654676,14.473316912972084,1454.6650286877873,234.9172501723727,125.332465546288,3.571428571428571,152.88750523166107,382.7577579031006,2.083333333333333,1.8333333333333333,116.41809359893568,111.01448898549143,10.651842139908235,39.668480593480595,37.22897129346064,12.056333916628034,211.41201486278885,2.6517857142857144,11.443768206560604,20.290631678766886,77.23771102171001,16.13186654032242,15.416666666666668,22.21171250776514,24.83114984430774,115.86385281385282,14.642989971982711,2.0085470085470085,0.0,524.0162690191804,11.252525252525253,11.552745500113922,5.880402134272103,15.154220779220779,2.083333333333333,0.0,62.58983927949445,3.2606951871657754
160.70075139612953,111.77959738075342,3248.170499807556,268.5323706833799,4105.235794981139,37.585917719801095,905.9244123529415,18.739718614718615,7984.506202915282,86.30844155844156,1963.138050847369,39.39810505025246,12875.451478099347,712.1617871794654,181.67272153754766,11.434523809523808,135.24621212121212,3230.0441366798923,6.466954955963576,1742.3651916054503,123.7013479878755,193.86939879904673,576.0455634841451,281.3920383055345,79.088644294159,291.2453746588229,461.35802428754965,3212.3771973764437,2529.355611388074,85.5114431824603,84.11952702480541,32.434330550401974,32.2217587967588,173.57571949371206,1343.7984318596225,17.67557773109244,409.6780317838223,1232.8066000443862,8916.558226000092,1060.134449396808,4224.660423085701,2768.2008062611844,1422.0366372929823,2766.5136905747895,505.458365103933,56.49432591218305,286.96935626102294,59.469882091592616,35.866309141940654,7.738095238095237,75.54293349810463,36.38979076479077,136.01370749419988,32.346783662960135,1.6666666666666665,2.0518207282913163,118.72764172482024,84.61607142857143,9.719488844488843,62.84683317771553,57.19445522300554,25.36201298701299,13.96003401360544,60.35958095359356,53.09404761904762,239.21173472220852,1062.8124053694062,186.71969268515866,70.60470168928815,57.63163217487895,267.4659609628681,3698.0895144922506,126.3248075998076,68.66637522570181,132.13661758348292,143.73517740429506,16.019957983193276,366.4496483085797,152.68735813602382,422.70334894723436,149.48756084429286,596.2192564099051,2.0572916666666665,80.88357753357754,43.526810117986585,81.51173241246771,90.1248556998557,208.5559885836312,145.91940844601447,41.6907428202541,197.11078888627762,120.26888123849331,1.375,7.513888888888888,1574.7993384428707,29.056680527075265,93.14471479988721,4.143518518518518,34.166666666666664,20.87202380952381,2414.697745699018,26981.26064918845,1378.2018943282787,370.91410316923555,63.31321147987815,5765.822179126893,1222.6827611485783,5487.609353524724,1208.0272961492524,160.08304398562652,4532.454171006583,4848.9179367154065,823.7923634428934,3094.1269094966174,7121.4893230278785,4672.58299545978,203.29422998740563,184.63323423953352,4875.255458036524,7.528135406021869,28.18387127578304,242.76017520201495,6.91025641025641,7.314285714285715,0.7111111111111111,46.04507516722798,100.97890858336432,10.993253968253967,61.241684704184706,14.15151515151515,130.4068738217898,5.892857142857142,0.0,50.539776664032615,6.333333333333333,2.5,11.128123967732401,39.95384024577573,129.16706011351909,103.83508287588263,44.78489198709787,58.15276398438163,11.904761904761905,49.75498459596865,19.20226575478676,21.63690476190476,967.3919255860584,23.634353741496597,18.377836244215555,210.2199670855133,353.3820323195323,224.39294036280768,3.6111111111111107,12.018939393939394,22.397411823967122,0.0,68.01686937401223,26.812950937950937,21.248991964108242,7.413858411703239,95.59527899426155,24.86111111111111,1035.8602612667419,34.166666666666664,130.42824593952412,5.302469135802469,0.0,0.0,0.0,1.9991789819376025,1.6666666666666665,0.0,0.5555555555555556,31.992904938628623,26.517400783242714,1.722222222222222,20.557720057720058,2.267316017316017,35.83949929039215,0.0,0.0,40.12736786633845,14.941340930311519,0.8333333333333333,0.0,13.799503958946683,1.2380952380952381,0.0,31.434343434343432,13.466666666666667,2.0,140.97348655789423,0.0,131.09690799396682,0.9740259740259741,0.0,0.0,142.32344044844044,0.0,0.0
576.7226863303886,1095.152973004869,1864.149318377289,1910.1242061326848,8694.217426626265,1808.5129353188045,2845.1916834317367,1385.501528441491,15849.952297564238,4508.411882432529,7784.331366054483,2245.466043942307,47786.606239877445,2190.678215092525,6961.792178795528,2926.4495322069142,2833.8521740234896,12541.984934948208,944.9690719251128,6633.965441710774,4931.511443059047,10619.178534217534,4829.735904528767,1467.160747908018,141.06179882591954,13233.859784104317,4446.697774185676,17959.080686294645,13905.337514543988,115.27568015318015,90.59496230653144,2018.4817209083274,1525.5078808638723,931.6916712613522,5074.0199589629865,1444.5073660044538,4016.5725606608207,8736.588138653533,38850.05860787458,7064.499515543721,13988.880173907393,21148.562562003382,17876.127905420235,6863.441099207154,6585.87451559113,98.63754558278552,230.66156362260716,126.22903012020659,54.40360919037389,559.0198628985394,2471.4327362413374,252.45076311778897,2010.3871997420788,712.5090455496737,1082.67657982643,206.33538655692539,4905.47831112233,2025.347423973858,102.8328194953195,53.66592624399642,126.21900177514672,421.74511738261737,89.21608324625566,138.7978448560788,620.7709872405957,1115.3312637527263,1289.045676700014,291.11124866594395,1374.45050276567,2266.1645312205137,250.69784991144948,1106.2394616892368,1472.6161583137857,1358.5954312036924,938.5910627938805,179.61563940789173,1148.7056710886372,99.57135857101598,90.49456831438255,3201.216413063734,1961.6616619687547,1298.8599406539136,677.6721957379704,1221.924817002971,161.87017387615765,491.36838066998655,953.1467452872707,303.13476513246553,1176.2531489818166,2186.8287540967904,215.77782427330408,621.8498636911226,589.5951373152038,401.10685663852666,230.90706461998298,53.436123738948815,906.4166285893045,311.19463039682637,760.7638330167873,793.5534677183256,1217.8981785737199,208320.7372698132,3735.193406138462,1787.098555908358,207.7316067375339,12619.141999307547,70847.39214367788,37434.385636916784,7313.333183580454,46790.00156267632,6661.238257570367,37584.388886187924,8753.50988640953,1670.878612904039,49414.73255900294,17229.61284659197,300.30368228518216,5414.178353532255,14929.937224819761,295.6992663895146,2530.5499034884697,179.89874880021938,852.0893625480163,2029.0981515417436,144.00199832096382,335.22305369554346,579.3904604769313,1288.1592739004386,322.6066777085941,17685.418785712776,81.69779171143001,353.9880099474143,933.3010774965246,167.05609262734913,256.4220846944061,860.5236123827775,255.27772861442602,54.707491474043195,98.21891103787655,470.5644043361213,64.42113066628009,58.03368394058049,507.53177775383654,498.7222057655107,1315.1737494880115,9.353632478632479,1267.1598294445137,26.938740228025942,462.7962347293229,463.70713728546525,219.338754229487,86.01841485462175,620.2570465646262,1119.679974569773,875.5963114967462,929.5088411417034,972.0405046947939,485.9766338023032,183.35249744638165,81.49404622765967,80.01165761874037,1015.3718004757432,109.24679636967451,678.648252452633,503.873100271548,580.4092643565476,379.8429955610838,168.74866020055893,1334.2564880981856,773.3746929205784,2946.885332667587,330.73358474858475,567.1655952543878,77.2709408068783,58.066201151789386,792.7101238973806,245.88459550530416,472.48475170435955,121.65337752525252,368.18469248616304,414.53853050172785,132.53276386114362,41.93687996031746,1249.3550448556525,73.62864336643749,52.31227771411595,58.44577146565652,743.4202884183976,130.4251356851946,1029.5019127223807,574.440990862946,46.259872696109355,265.8909245708371,163.02190521896404,508.9283725533725,77.34745564892623,366.9809508913405,460.7531896063203,324.11917448020387,364.1174253986754
302.99953332211396,318.0058655034145,518.225238541415,258.0691049146931,2596.347531634936,507.23744453001416,802.7110775898171,125.33258066134778,3993.4064605659905,504.3377788868374,962.2619252813785,328.48450526082104,7253.973700086198,488.90331427831427,700.515866873065,204.89819297284131,418.43482832956516,2455.9443635893176,33.96475746475746,1635.1736908346402,586.8083905968547,1294.6616201458833,1582.9160355208417,291.4159026293271,145.9229856104856,2253.238370761794,897.1644132065092,2436.1014818348876,4082.394568320382,32.84199134199134,57.95238095238095,315.4099095349095,216.6268078326902,815.5570678833836,3600.091916603539,216.81588504607438,663.0809799314701,1937.5547114570431,7960.347684696537,965.5728611019292,2311.519043278608,3482.982894203598,2175.103184666588,3686.5718171911003,773.8978137291873,48.27020202020202,33.27228327228327,36.0611857278524,45.81944444444444,37.00036075036075,275.13823818080783,78.69017094017094,464.40555617423297,139.8031276106934,130.73424614601086,21.835067710067708,335.6589688361747,94.55952380952381,44.07539682539682,33.80494505494505,57.28021978021978,80.12985114300903,39.03113553113553,57.85410830999066,210.6863183113183,713.5094158887233,1021.2277851208851,197.53020419458775,201.4564047064047,416.55858382321543,197.71820751712056,339.006993006993,431.53453604683114,167.648561204219,243.1088378742944,28.849206349206348,140.31421356421356,159.0778527028527,71.11301035565741,1075.7151841689513,450.8004909187317,1571.6759057552401,39.51934176934177,264.4213337439144,46.76190476190476,36.514901764901765,221.87581862581862,65.95859213250517,209.2296376463043,240.8526048417562,109.58289378894402,83.36904761904762,57.684583934583934,16.7324016563147,134.3810125060125,19.595238095238095,357.91977717091197,89.66962861699703,200.94156170626758,134.59361471861473,1437.693555956714,28377.883354198708,717.0492451362338,290.0933474658965,256.06862581862583,1621.8282894569788,4737.220706267604,10294.330969231887,1958.7593459198795,7094.014311384525,1413.8589172845946,6250.74979081816,1547.4368755456217,1018.8928677256654,6455.755009007673,2689.917308656249,181.7384398009398,426.2953781198374,2862.6300282640527,102.88467088467088,81.7826797385621,100.32876382876383,81.93963226316167,130.42857142857142,10.90909090909091,84.76757594089717,188.12418112472037,276.93659118659116,24.215367965367964,890.8561733909957,176.94895382395381,61.80977351428171,124.65846069135543,308.2576655208234,37.74603174603175,140.56732156732156,313.86507558315384,17.713323713323714,41.33730158730159,225.81440104814718,46.239627457369394,7.5,68.32105394605395,50.502087284695975,328.59271284271284,52.15406162464986,186.1827460534357,17.805555555555554,117.24603174603175,244.36674436674437,69.10353535353535,76.19481074481074,107.48585183879301,160.74188719776956,142.1103896103896,108.57503607503608,538.9603528852755,207.9457903207903,93.56062726260095,37.672619047619044,85.88064713064713,152.24247974247973,296.96484996485,165.94434731934732,665.9817267688363,85.48726110490816,6.111111111111111,3.0,122.81859952912585,46.65079365079365,111.23860472198068,23.63095238095238,61.49982762204062,25.404761904761905,34.87337662337662,48.19003949267107,29.94973544973545,23.11111111111111,21.98748473748474,9.281135531135531,33.363095238095234,53.25815850815851,12.023809523809524,24.613478139793926,17.833333333333332,51.894888736994,24.17303067303067,54.83382140735082,56.44642857142857,75.23051948051948,55.948773448773444,126.28679653679653,54.87998112998113,49.11111111111111,28.337662337662337,9.523809523809522,36.52489177489177,37.44047619047619,40.964701964701966,25.28210678210678
8.335633475719682,355.06086498971115,408.40002643117333,340.7532997680916,1098.798181121593,61.72642544768981,89.90000963041274,9.629401569056741,1169.389415642121,127.75857319372356,272.47752722863925,90.61511469054572,3221.1982937855782,82.32282412670344,208.76941978698227,1132.2888445621177,125.34571925593961,435.72383048101455,34.02239166984336,332.9258845059577,408.8713936883385,1944.1714587682754,183.101303608659,27.583386926629828,9.990272179927352,838.8811017843024,251.60537350280958,678.5885933856589,2090.324645642975,2.0,3.793103448275862,68.86747543644096,156.7921197180929,56.82588446970281,157.70383003167905,305.75269175269176,116.2410926611707,683.947634868387,4287.485048301698,341.4208069218047,1023.4949536897828,2298.4816977572777,608.8503521969128,795.6126573496605,120.45923176266545,26.723895152466582,13.614366157469606,4.0,1.619047619047619,6.285714285714286,200.66512624816187,4.6269841269841265,180.1142598671549,61.559429618912375,6.895843573303623,7.471771331424902,196.41157028828314,55.434020360618824,1.8452380952380953,10.59752747252747,18.514414785756248,1.7692307692307692,7.351097178683385,3.3460871822940788,4.971195471195471,123.89318524004435,114.27392592757704,15.202833245936693,22.577683650959514,21.292518945081724,6.42275588396278,49.72975082561549,606.8669003569408,5.34852838732149,13.665099268547545,1.2142857142857142,12.543106969018822,11.536693191865604,3.60344137655062,161.24280504993672,46.24730244963511,108.33146492061677,30.758352758352757,24.95769356191154,5.909036028204385,74.7447286430045,62.87521491338847,5.755323689907868,73.50596269418108,48.553946462034695,9.609552154195011,9.030856595511768,26.791912110877625,17.579906204906205,16.428927701853738,2.083333333333333,37.9875428613036,44.99948279689659,36.60786865517073,36.32569952397539,100.95963850534989,17998.22933796841,218.74369580901202,15.095048536175533,22.87650519978106,1085.7698448949618,6512.145301303223,2369.769755319727,1877.950542022745,665.0650136676177,657.0596989143122,6551.392006150142,931.7724881640534,839.6323435092933,4205.8005749463,2759.0183738988217,12.828013256584684,169.0207511150895,1643.9647990635644,35.205363761398246,243.74730346174914,7.229591836734693,27.099156590535898,61.48385441718775,15.28735632183908,4.475153837222803,11.529241658349163,495.20741950245184,47.64643223785692,467.9771962977054,1.2862559188778702,8.606802721088435,74.36680449180449,5.425218938149973,2.1031746031746033,8.069487983281086,5.808702791461412,10.164203612479474,2.321988356471115,14.252846790890269,0.0,15.58151618496446,35.096720001131764,29.742907963496197,69.15555182834595,6.355311355311355,26.212560386473427,2.3492063492063493,23.505863184434613,27.840227540658574,14.969074986316365,2.142865435968884,45.13948150018377,21.094627594627593,11.917929523293507,4.115900383141763,40.46876221753069,36.425081623357485,6.019866149176494,26.284030784030783,4.93006993006993,74.6919316315868,16.159789972899727,147.68643411870013,60.750996130306476,3.886243386243386,5.753571428571428,0.7668067226890756,123.55657969433594,30.59447496947497,119.32738443125103,10.761904761904763,5.31140101728337,8.273559773559773,0.6093906093906094,62.415712065712064,7.984315652419101,1.7687074829931972,0.0,15.308080808080808,37.262515262515265,2.374039359333477,0.8333333333333333,35.593209206028185,1.5505952380952381,0.0,19.30053445335577,44.325345289631,5.038314176245211,76.42855803200631,30.817099567099568,0.5747126436781609,44.011312887022825,2.142857142857143,52.72510822510822,0.0,154.90894753394753,1.830870279146141,11.46672748106956,168.7378686969596
305.5429729707127,36.34158364466584,57.6758964719491,823.9006715608085,2053.0497166503133,35.92989417989418,385.798719647932,137.68227973007384,2872.125173427174,167.71000815387256,1413.5300051007193,635.8520818070818,4310.519271236237,1251.56372139765,461.062870549759,77.78731209266924,490.1862191512191,2253.2309049189544,13.868637110016419,773.5121899444952,1169.820942899693,569.8711924785454,1312.5778670375405,925.2009136940105,5.1123642439431904,1928.3399646607727,1324.7945987676344,4073.4027652251166,4626.427195603215,37.194761904761904,24.424574694311538,145.71866522366523,211.1038025466597,96.63086590818284,1468.693760596329,76.53551587301587,744.6016937427652,1268.6194003747576,5917.67343365525,744.0678853157424,4169.181853501355,3837.7864580233995,4654.792457693835,834.1253427516331,1113.2728294383635,23.58150183150183,16.873015873015873,19.63095238095238,15.109126984126984,34.60164835164835,2045.8668135941246,4.152777777777778,294.32490426240423,43.46611721611721,71.99825809111523,56.89574314574315,1688.6826771410454,102.18636363636364,2.2817460317460316,2.964285714285714,121.65026455026455,276.93878205128203,26.25,117.38758880008879,32.06190476190476,95.74963924963924,54.41167166167166,53.444191919191915,664.149980416409,251.63922441293968,78.54334554334554,498.4318718908657,330.8511969511969,227.0428155503987,223.61514041514042,660.0003968253968,107.7006105006105,11.091269841269842,20.051190476190477,1844.1050526193383,255.37008636788048,235.0472600656424,28.694911297852475,466.9415791696782,31.797619047619047,225.65786213786214,562.6428025678025,50.86825396825397,76.12286047286047,467.7672837583969,36.46663059163059,199.16798323369753,39.1936507936508,40.89769507726455,7.8521825396825395,4.706349206349206,295.5790060468632,159.71109802895518,567.0073809523809,61.235694860694856,154.97424922236564,24347.752018749416,2663.920045242323,374.4973593073593,50.766955266955264,4221.441936307183,7142.586079795259,3095.514641082694,3354.323048144666,952.6853220029354,3106.1649572785122,6258.233371226073,1871.677868559234,64.57979797979797,5229.968959487479,7737.512212298418,56.18983677141572,1218.7535055601597,2894.8265911115354,135.24761904761905,184.32896825396824,16.462626262626262,47.68518518518518,88.905847450368,22.869123931623932,68.44069264069265,150.05535714285713,104.0677072927073,23.17965367965368,741.5287312687312,5.469696969696969,33.57484424072659,87.24534461773106,3.5,23.448412698412696,26.656565656565654,9.775132275132275,3.1349206349206344,43.75,90.63313492063492,10.327777777777778,0.0,628.9841357755223,23.519540644540644,104.67016453045865,1.6666666666666667,17.59722222222222,14.261904761904761,56.72529921059333,17.583333333333332,21.083333333333332,9.104700854700855,33.5692499221911,99.77150992282571,179.3452380952381,125.54154995331466,166.33197007241125,17.155810855810856,9.838935574229692,1.9259259259259258,30.039455782312924,37.311438561438564,0.0,85.98965253218685,6.347222222222222,76.95238095238095,8.125,5.806277056277056,85.46375152625153,44.28058950853068,172.64649278310267,33.516666666666666,20.336774336774337,75.54563492063491,53.82440476190476,42.30879453879454,185.74563492063493,65.10039682539683,249.04818594104307,7.083333333333333,73.26551226551227,0.5555555555555556,20.30952380952381,35.81164021164021,14.696428571428571,19.90343915343915,4.761904761904762,82.34728234728234,17.990538258038256,51.87703463203463,89.1282372598162,3.0952380952380953,31.666666666666664,12.910714285714285,27.734126984126984,9.0,103.15770038042764,5.333333333333333,28.928571428571427,26.61327561327561
77.34422859748946,56.37994581176399,169.82946522076955,1119.589802305629,1022.8518968734315,213.84858542095935,560.351768835355,22.897546897546896,2280.4327031261982,109.60215712827231,1114.7911271490636,110.15885470349755,4492.535678640135,828.1171110477889,202.22047473223944,318.21588921581775,179.2402408593585,2581.989904301411,20.9562358276644,1038.6588743350114,193.02788127854086,822.2044587155758,1040.261035332025,300.0887680965937,46.868004091867725,1228.7016287139281,704.0764474017338,1196.772933694532,1983.870484510521,11.761904761904761,48.57226366453981,381.88635760647037,187.65987761478115,168.08420847114456,794.0958237113042,161.3949100697,133.12050163570407,1207.8598649848575,5048.10816927075,1324.3684953327238,2949.9887449870134,2947.715131326312,926.4795769324151,1364.3103927435438,648.4174078034258,23.796588332302615,99.94204969902067,5.081959706959706,37.687744007348165,2.7714285714285714,595.6560084317276,13.806388056388057,171.24705275484496,183.7216808634876,131.75440377275055,13.722055722055721,183.2427756990814,30.664372664372664,18.736454517704516,44.59391534391534,26.136404501583073,45.63492063492063,61.883116883116884,20.08544485817213,310.7153360055837,440.0379494489682,502.1545962710934,18.567720057720056,76.17312043747268,332.594103597636,63.1076225674352,401.04603476588767,1043.2815847635632,82.37219293818673,160.82763107893138,40.47319902319902,20.726542546843298,21.54256386540221,18.04301720688275,722.7642789990192,25.075355596784167,706.8240375498173,18.579540907271998,111.11083754092529,2.5,14.608150183150183,166.37821084144613,59.154430068425285,91.55844155844156,161.03588476338476,32.49804921968787,55.849801398980155,382.69655406875614,28.957050885622316,121.64732476974439,6.858141858141858,664.1585618785417,188.5799127772812,912.2050771648707,1206.3868121118524,308.6062027555094,16607.823284436585,1435.1678371101107,485.8608237254921,160.0697880162166,1346.4917699437144,3352.2387081541183,6377.450669862892,4012.9645191404115,3517.7139915230077,1994.4658226008626,4877.102788180994,1855.2513750381486,766.3708106473069,5991.440958981081,3454.5939401085234,138.24121931426606,109.47274020081719,2594.558890769934,30.241074357741024,54.3898772193415,27.218943358229073,182.44073023091005,35.67444037444037,4.904761904761905,82.01626502336917,198.70205686743932,279.8190212398267,128.98814586339248,211.07160431812025,38.15660667509806,7.203274710107008,143.81099485726563,55.293276168276165,59.491128976843264,415.5749686185691,157.42937346469955,20.9948371734086,32.99603174603175,29.556710198014542,10.815018315018314,2.8703703703703702,267.43916793990326,91.35006301665965,323.4972402053284,16.866522366522364,25.86292270531401,5.335569985569986,149.34199420045283,85.59918784918784,14.873015873015872,228.8249162805813,42.80657768157768,344.97546037696964,99.92651885626908,29.36384448884449,802.4721188421137,173.5752886469273,21.680555555555554,20.549340342197485,38.8139380460809,185.9463591963592,9.732453558346416,87.11202448345306,227.3322934185329,498.9350670921049,0.0,1.3571428571428572,59.50928515928516,95.15425685425686,34.41323252197865,13.09767316017316,67.98729183845255,32.68030580530581,8.92389554889555,122.29303996442154,83.00593959792742,4.070964749536178,11.142424242424243,1.0,32.137661480676186,24.170658045658044,5.243589743589744,43.55850155306952,2.738095238095238,25.994666048237477,18.313164108618654,16.109324537895965,19.917704649847508,3.9114718614718615,28.472402597402596,10.058358308358308,47.725308025308024,0.0,8.353174603174603,0.6818181818181819,31.675204425204424,9.5,10.250868529229873,23.26061753902663
231.73477144803914,999.4451349266614,3963.3473282965774,667.6025083229853,6321.319804819183,459.71949757130824,1044.0407765211464,31.118874168783424,5388.304740924617,184.95490284821045,5093.238486543568,38.045195850650366,15449.292738049515,1660.4563103180485,269.96065198605766,27.739719247613984,71.45390289298024,3117.5247319130326,42.88611981887844,2515.054122256712,90.91013433531582,488.7386197501424,738.975826384529,439.90571186557764,187.23029570371253,1699.7651501253094,1821.3653839188498,3010.2758164621805,8523.571779010961,171.05901791098736,301.5622484287173,170.77170044879404,81.97990288766151,772.1271324553082,2123.3064375081913,97.64416225328894,1073.247525913047,5089.464007614434,21288.299553456494,2040.811381332549,4532.90641784069,5012.077264799591,10532.594072360562,3668.088919766521,1889.01474818614,130.8213264190759,259.9582496579623,39.05639072506889,165.06042568192248,26.517171717171717,290.00066899900867,44.96515151515151,310.21376565499014,93.04990882487479,26.59860874056218,14.291666666666668,539.9353133686553,38.6093918707555,27.458341726988653,123.03156727317884,141.0356509996618,9.767316017316016,11.99276418026418,180.88437643387732,86.15222049475295,1235.4907616365936,1275.8395131622322,463.67197903667306,238.11118812800993,157.85657200582293,108.4630488667044,2215.5473785701884,403.179586762104,70.8000480492295,172.9587273820486,71.20710733686187,20.82501534225672,1158.710014287709,130.31318706755215,793.5222605649911,309.6388758402012,1512.6552608952675,27.541710463449594,174.78150499982996,118.1813788063788,401.91841570093277,234.99958384252642,188.34744983852127,269.42904202824803,62.501015254586676,382.03788612022674,220.38475924971905,4.696987995901039,18.259950210608103,1879.461140128843,64.94610322627564,170.747207454104,31.695178123167043,92.29792091641586,45.335815047021946,3668.2336998368523,45825.680130707995,1308.269825490278,317.585836062154,118.52584529212197,7862.141230881647,2318.5310902109336,18364.278823779412,2670.3260189365506,356.99753903810074,6739.591121345929,11111.519279889413,1187.0941042254042,9242.460725354198,7038.413314014791,6818.775330363044,138.58692410172674,307.49469850828746,5583.364345921565,69.14319695863598,61.39904284781246,519.7001778921667,21.05457145920947,30.012445887445885,14.043290043290042,79.67362717691665,154.1129831700845,154.0091724713478,7.7354642483952825,102.20767195767196,193.7501158699688,14.699484165250798,7.486147186147186,50.85492395611443,54.203490518374025,92.7083364973517,81.41655624095674,66.48516258645569,233.8292980828695,100.8682326031788,212.5430034605344,315.4170266623366,135.01387085137085,489.94705901838444,51.12852425352425,24.503684807256235,103.12999452654624,40.161651356773305,50.65337750070054,566.4496605323067,857.8087979421572,549.7586774873394,5.039528418204888,170.87497644329378,90.83132989015341,5.789873955978642,188.854887734446,175.22610978035206,46.78606777960226,89.56862031646514,88.30525955525955,2.2395382395382395,4441.995993632649,632.2235563765736,255.04762368965118,139.4193848983193,15.589790956170265,6.041666666666666,98.72038192687543,765.3735361731293,4.282407407407407,5.925925925925926,78.00824283009044,30.604836006946396,26.339659296345342,96.98097041847042,41.154451886971465,11.214424951267056,113.10512311762311,0.0,2.454352664878981,45.81662032093066,72.58066567934989,3.75,5.138888888888889,83.14390756302521,14.968253968253967,5.361652236652237,35.90250650572792,1.6,2.5,338.2899712669111,14.333333333333332,53.024170274170274,0.7142857142857144,6.196428571428571,21.25,2.166666666666667,12.167910633427875,2.0
140.06121039454374,902.6394600769601,1728.1663623413624,97.43589743589743,2610.11944028194,86.72222222222221,232.04175454175453,97.15132783882784,5205.6709530548815,105.19089706589706,1310.3165676915676,53.704415102441416,1376.702226300388,690.8889767639768,261.20207385207385,173.4598146951088,860.2233946608947,463.5081409331409,46.7539184952978,867.162693757855,242.5489600269012,2522.470741087132,393.04296808329065,125.490860990861,18.757575757575758,790.4611333655452,469.96509786509785,1917.8982183940516,2044.1331657857393,9.5,23.333333333333332,411.11284780034777,198.5716774455044,155.47301587301587,193.0600603100603,219.89063714063712,377.08354377104376,1736.479817042041,2804.0626324397995,868.7689906711646,1136.9640210446662,1248.0821563913669,1775.594332174247,1550.9762108679402,222.27836977836978,29.305555555555557,11.688034188034187,26.944444444444443,4.166666666666666,44.26282051282051,159.9765512265512,2.7972027972027975,105.11174242424242,24.47835497835498,71.56962481962482,170.14583333333334,539.5805167055167,1187.5557533863985,1.6666666666666665,21.555555555555554,53.785714285714285,12.083333333333332,19.634615384615383,15.428571428571429,172.93521756021755,150.89249639249638,109.77417027417027,22.47339466089466,31.927849927849927,35.08712121212121,6.25,243.87702550860445,97.5964590964591,71.34722222222223,81.51190476190476,54.111111111111114,94.9281413031413,27.54059829059829,9.444444444444445,303.13502619384974,1579.4930532430533,92.38807488807488,29.527777777777775,70.4447142363809,20.15343915343915,13.666666666666666,34.48447712418301,0.8333333333333333,897.8253644503644,102.56555100672747,33.492063492063494,36.387445887445885,19.51923076923077,86.6058201058201,22.0,23.85185185185185,15.333867521367521,38.333333333333336,47.99603174603175,85.13765580297839,125.68725718725719,12998.562056678427,419.5297357154942,168.01719576719577,7.1726190476190474,843.9530082428253,2810.7916516064306,2681.720628740598,914.1563714063714,376.2780982824842,3201.4217132979775,6471.639314868135,1516.2513050569503,350.20696565971684,3645.5867678846703,2754.0351617319357,10.38888888888889,217.2190883190883,1376.1892135642136,156.75557621390953,1490.6267436267435,23.474839430721783,48.194083694083695,26.397306397306394,22.333333333333332,114.12626262626263,182.80555555555554,55.06349206349206,257.938532303388,153.87174862174862,20.833333333333332,22.857142857142854,38.61344211344211,19.27777777777778,10.0,55.29184704184704,2.8846153846153846,12.666666666666666,24.333333333333332,17.886904761904763,15.416666666666666,36.72222222222222,93.27272727272727,20.0,63.65530303030303,4.444444444444445,417.3436026936027,6.428571428571429,44.41017316017316,29.21212121212121,43.888888888888886,0.0,32.5,32.5,420.0876623376623,63.09424603174603,175.3502025155251,61.59894734894735,110.74747474747474,15.726551226551226,20.006944444444443,2502.971821388488,16.666666666666664,72.76515151515152,30.492424242424242,62.939255189255185,311.9232804232804,10.666666666666666,48.33333333333333,17.36111111111111,9.75,25.555555555555557,14.155844155844157,10.0,14.222222222222221,29.333333333333332,21.666666666666664,20.27777777777778,22.416666666666664,0.641025641025641,1.976190476190476,5.2554945054945055,0.0,17.07142857142857,24.63888888888889,3.0128205128205128,0.0,305.6734126984127,29.90277777777778,42.84401709401709,18.24074074074074,0.0,132.8611693861694,47.08080808080808,269.77525252525254,11.152167277167276,54.93145743145743,12.261904761904763,13.976343101343101,1180.63297998298
611.9687535775771,1698.0509934402658,4048.4135705091553,820.4639458199753,8394.380615357364,766.0703871712695,1758.880554370544,1327.5754406704407,18552.157672855526,884.1238875013875,3246.688290066222,548.7817869615795,15027.639803859487,949.8094540776989,3080.233056036153,536.0104188098991,1652.1280224405223,4830.614821172006,324.4265873015873,2908.746649747053,2035.9706865300143,3799.1362278525835,2525.6416554646207,718.249594128281,280.03175076557426,3242.551310211016,1834.8336385367056,7447.568728392644,4717.84043112151,141.9261135860852,95.72986859273624,592.7174055130305,688.0878250873375,756.8039051893428,3007.100416408014,1236.1543518689527,2384.5187609790814,5375.41865736218,18018.04839545543,2636.476143325417,4704.224864442066,10514.065750938435,10402.239736494417,5449.177435146672,1632.0545722313175,295.02725052725054,199.3754390126939,141.72163656060715,156.8362037037037,364.6372738372738,1516.696173560785,102.08113365392776,515.8599438936413,782.9076528388383,146.38518786380132,96.95601851851852,635.7038304767237,5270.59829507765,77.56876818715054,244.34585571835572,350.21457517928104,575.0892094017094,255.69027070490483,360.37551216769754,710.1301826532218,2419.5934618658657,1118.8884290443955,653.6844974175856,538.6906295074363,439.11874745624743,347.0313852745838,1024.3053046870448,850.8196922230533,331.27141595488234,1214.6686306817435,730.3373378048378,512.7592450062093,661.1506076292841,310.7209900099606,1689.5617034031968,3493.80165710109,1293.9243124123038,209.1156349206349,981.5969178041587,88.37222222222222,496.89739412004116,907.9300538876519,161.31270216167275,2352.912844135816,586.0348683848683,389.9394351472783,178.0193333848691,363.44668763927075,135.3920741800994,551.9510164678508,236.3447039072039,524.140485511599,486.31081182045466,343.59951423032305,1164.9087960771133,2300.764429491049,43168.20237276411,1470.232757223656,561.9781204789608,180.85538060523353,8742.183469489133,6298.301946591296,12723.951401622999,4292.828397677802,3975.517602376383,5491.581987947752,16409.045534707864,3308.7413009111365,2357.2134489251725,17920.40464435956,15660.554067682637,448.274923930071,956.8890525091155,7834.534633425029,713.1466808720004,1075.309012006512,700.5869287061479,247.72187349687349,291.95753923730115,268.5257936507936,399.0082060686227,673.0453194177949,398.7758590102708,132.21272400804233,91.0342352092352,63.51527830829301,105.40953592975652,88.28653980823098,196.67665052928533,141.70555555555555,188.87752525252526,609.1271940191444,144.86781746031747,53.69345839345839,595.3029468702788,131.90339330927566,165.3893799261446,199.0267790449513,360.7406629318394,525.9610368212942,209.16690403822756,7113.062346910707,119.2527763242049,380.1866562659906,532.2157980000335,671.2779563336726,136.48058473389355,78.01785714285714,506.65267573696144,405.4661777008999,518.2555290545705,958.980260053761,703.79049666383,413.588544407662,112.46291324416325,534.9509491232391,526.8920765191598,419.64519292884614,88.52111111111111,605.7517133049447,60.02164835164835,423.8252599027599,38.37698412698413,260.053588405059,181.9292328042328,30.514285714285712,227.67011294261295,22.980723443223443,72.10639221889221,121.31935340802988,63.16311355311355,179.82908341114222,72.6686507936508,178.04405380603538,130.84462759462758,646.8235449735449,191.07617174776888,225.57220434720435,215.4980687830688,168.89262515262516,122.32354751729751,96.77267251495192,275.6485545712989,151.48931549115372,96.18702557363271,122.91642300194931,58.994913243075004,389.1579861111111,581.0882703682627,193.7478354978355,303.25784493284493,44.68783068783068,411.71676077190784,127.95868945868945,323.1406491419649
491.69607834392497,16.10185185185185,14.251700680272108,140.27075640862404,448.081696373188,223.04899838723367,421.8851874471622,23.28306878306878,3161.3015905313173,24.226190476190474,466.0920905708995,71.51471742543171,797.7441417243169,289.1848127168505,1518.082750252393,43.23015873015873,101.66391743177458,3218.5185783687734,10.833333333333332,2376.493158439096,92.29701350237065,83.03618256743256,2959.5456578306794,171.36681313939718,116.41165216086434,5123.923927499645,3047.762059923213,3158.6964686514325,515.915344494748,188.17056583317088,127.26465577813617,975.6602210814395,444.2595301523873,979.241538722797,4486.91061431985,938.7373968494417,3633.633420947475,1065.46723383665,914.4612420434374,707.4801789052839,1182.4113484160891,6935.913839815729,250.05004426984468,2023.1370159978003,827.6428166254847,38.59580498866213,64.05194805194805,99.05580262407993,65.08888127900732,8.0,1897.3697596176448,83.60469187675069,725.428824819231,93.15952479207887,492.2818766501444,6.111111111111111,151.3455359416494,16.11111111111111,2.380952380952381,74.28249464769073,29.041789106214875,97.45299837106559,125.47375111660826,168.27265300059418,71.05074555074555,5836.669475842007,5959.3595987743165,34.58754208754209,450.8147413199934,56.23719336219336,653.5328815286798,2341.9342328248317,1154.5244542650005,707.8095716919246,361.7473089410589,45.29400909547968,54.82252687399746,20.753968253968253,58.106782106782106,345.9655304040808,32.89357864357864,3957.8712055658834,163.89657564657566,131.85555838497015,94.10217420301454,78.61087920016492,567.3662192149587,180.7122830192683,297.73288583110013,400.4785784684244,72.52341492152416,67.99488420076655,802.9586023026148,20.419759570494865,26.93452380952381,17.22222222222222,328.8056758056758,28.89739229024943,30.981570512820515,34.81280716063325,750.2211704126095,17224.841676609973,1753.617971068251,82.83476926123984,454.18096207662035,3331.5064458378533,389.17570435970293,20585.34028443416,7203.154163497485,3891.8304683867777,1622.2629595920212,8131.110768182264,3244.5293412251413,140.59444918215925,8767.957138122727,1873.3235121690477,389.8386366298656,73.56005533526542,527.3617144410211,26.417245845706702,16.3289937186996,37.730625583566756,32.38095238095238,90.50780918427976,198.25814694564693,146.61640468153072,272.43041145168246,26.656474628295967,13.203703703703704,14.08040027605245,13.305555555555555,21.92956349206349,15.370670995670995,1545.0499346533484,1.8928571428571428,61.07278138528138,354.66162689823403,35.33114761055938,36.42492552576586,164.23499342238838,16.24762682850918,1.6666666666666665,30.540199451964156,18.070887445887443,118.94850288600288,70.5719954648526,22.843614718614717,22.92712127586077,102.89635854341736,2088.2839473201866,7.744708994708994,1.0416666666666665,4.523809523809524,72.00054112554112,50.21825396825397,89.60068436854151,795.458881901634,187.534867650764,75.20908421848272,63.5664069046422,99.25515509233996,16.84065934065934,1.0363247863247864,72.12698412698413,1257.344793113438,539.8641774891775,24.21825396825397,5.892857142857142,35.59810057092666,28.825757575757574,6.155015197568389,5.317460317460317,161.0653922845362,11.957070707070708,105.58083167221822,2.2916666666666665,259.4406290876879,330.5798024726596,33.88405014783691,4.748677248677248,135.59848484848484,608.2655937202782,10.78628117913832,3.1919642857142856,60.488761238761235,107.81197478991596,49.134349867893285,20.34722222222222,151.95315904139434,16.75925925925926,121.06691919191918,4.6726190476190474,0.0,0.0,10.44973544973545,3.333333333333333,26.337507730364873,3.3068783068783065,99.59385521885523,1.25
