14290.321639410855,2430.9310543610436,791.232630469598,2543.044615744511,580.8951157185003,1395.200899203995,2139.8255712875257,1399.8238460407317,1490.272436988485,1788.1392565767565,2212.3022230415086,37.31794733044733,1379.306714725249,375.4114685396705,1611.0425672366848,1982.9529917833488,118.05970418470417,657.3800693355375,917.0342407987022,415.74652866974293,978.2949571203773,3956.1813117416455,2274.8374998151166,2074.1129874040826,4097.540289806274,735.8154068556972,3339.8129664606245,2040.5517815848173,4435.66232844197,1999.0143733989232,1991.5959701518525,327.212468748183,699.8790183802088,1066.1946592759093,509.386044973545,7050.256704035005,103.32087621373336,1185.8038348840325,511.8499061143494,1961.9674497431483,1020.5387585317732,1738.6650997143731,938.5899470937912,1434.9056877290923,515.6823031135531,3095.310016042568,3285.6815182269065,897.8996624306084,12198.983925300472,170.7956349206349,368.5649329176115,5014.992432057466,3662.160897108848,145.01698734443576,281.03711566211564,50.44080086580087,30.663704351204352,98.33777657527658,313.5339618104831,760.2483307036878,18.528239905948883,313.72247104747106,203.06538661501895,179.09436327561326,1113.54361079634,245.91699243800085,4.742559523809524,87.18862665112665,212.84885253635252,256.0730635105635,55.59155148073215,86.94191919191918,1791.478000893442,1307.013079285409,213.17770159734445,122.33242683242683,455.7659260712832,71.80930261688775,51.16463675213675,10.191326530612244,19.539772727272727,418.09445154048205,80.83178048803049,55.549903799903795,20.447219447219446,87.04479949874687,47.91152597402597,84.42242281527996,14.12087912087912,178.98706848706848,130.88304296997904,165.9929155422853,2.5,48.641429539295395,88.85854192104192,104.28685489347254,44.23370181405895,129.01367382617383,513.2146738920899,17.625,15.518518518518517,573.0676231090317,487.3741997381703,122.11953762611657,77.52043095793096,23.583333333333332,374.80260017760014,4.236471861471862,976.3712653087653,99.35970626595626,102.34992784992785,65.24189791689791,9.972052845528456,144.75110075110075,242.57142857142856,98.95501709128759,45.06980519480519,30.766439909297052,178.91549516894344,103.20386557886557,9.313672438672437,438.77344031629747,5.916666666666666,72.3465909090909,10.833333333333332,37.66941824515354,94.03161075036074,2.2916666666666665,49.066378066378064,258.89530812324927,201.34764541014542,96.45372682872683,747.0057974432974,100.69083231583231,15.119588744588745,44.73944805194805,90.36558441558441,360.01542207792204,60.867259782700955,372.40460927960925,31.857337107337106,2.332521645021645,30.659060846560845,28.976433288933286,5.409722222222222,113.80822649572649,456.32538010739006,747.6599970796399,6.982323232323232,11.25,871.1771119961909,15.38095238095238,25.228535353535353,475.0237564696055,92.16170634920634,20.146413308913306,135.3350726654298,42.21109307359307,1332.5116757967396,1.9607843137254901,18.169032356532355,104.48242647875,6.777777777777778,81.40277777777777,8.151785714285714,1.1787795537795538,47.11607142857142,1.2575757575757576,15.614598364598365,13.144841269841269,70.8537851037851,61.45725108225108,53.22256415359863,3.157967032967033,0.0,7.5,201.49870268620268,110.79604423354422,9.051658163265305,3.409090909090909,2.380952380952381,10.662698412698413,3.3085317460317456,55.44431956931957,41.39087301587301,57.49623987123987,107.0810415075121,21.191558441558442,35.06691919191919,83.15265752765752,31.657312925170068,3.528138528138528,0.0,3.0235042735042734,8.486678004535147,27.52579365079365,10.118538868538868,3.506715506715507,45.575051990493165,79.89133986928104
4593.9057567432565,580.2652597402597,44.916666666666664,1280.6080586080586,347.00686813186815,91.42261904761905,580.5613553113553,468.29536435786434,679.4444444444445,130.41666666666666,263.2399267399267,40.0,209.0,95.20833333333333,170.0,335.46153846153845,380.0178571428571,838.8802447552447,882.9655677655678,163.20833333333334,305.0683261183261,1849.6202686202687,1633.7495421245421,460.1620670995671,930.4957542457543,121.70833333333333,1402.0934343434344,429.25,625.2806776556777,529.0952380952381,213.06730769230768,168.5,56.125,113.58928571428571,63.5,115.16666666666667,44.416666666666664,272.07142857142856,306.8333333333333,190.33333333333334,207.50320512820514,332.3666666666667,747.0555555555555,57.29761904761905,295.0,617.9485930735931,1816.2657967032967,399.375,1088.1779637029638,39.76190476190476,30.833333333333332,53.916666666666664,97.06746031746032,148.75,97.91666666666666,39.166666666666664,31.0,560.0897435897435,62.93055555555556,75.91666666666667,6.25,108.83333333333333,109.18055555555556,50.0,62.83333333333333,37.5,16.25,23.75,46.36666666666667,276.4166666666667,60.541666666666664,77.21428571428571,7.291666666666666,119.70833333333333,53.39285714285714,19.107142857142858,38.5,6.857142857142857,42.38095238095238,3.958333333333333,15.833333333333332,49.58333333333333,30.0,25.0,129.3452380952381,40.5,10.333333333333332,5.0,64.16666666666667,4.583333333333333,11.333333333333332,16.5,712.0575674325675,22.5,29.375,10.0,62.5,23.75,39.833333333333336,13.75,35.083333333333336,81.10576923076923,22.083333333333332,71.25,56.375,18.416666666666668,71.83333333333333,11.0,57.5,17.666666666666664,64.5,32.44444444444444,66.28787878787878,64.02380952380952,23.958333333333332,7.5,1.6071428571428572,15.0,18.333333333333332,40.58333333333333,11.875,118.33333333333333,2.5,10.833333333333332,2.25,7.5,8.333333333333332,16.0,11.666666666666666,26.666666666666664,7.5,32.75,20.125,3.5,5.0,3.75,17.5,9.5,36.0,101.875,0.8333333333333333,14.125,22.083333333333332,5.833333333333333,11.666666666666666,77.08333333333333,64.83333333333333,5.0,0.0,6.625,2.333333333333333,26.25,5.416666666666666,99.06746031746032,3.5,20.71428571428571,10.833333333333334,10.166666666666666,33.666666666666664,6.25,59.70924908424908,1.6,17.083333333333332,33.25,10.625,3.333333333333333,4.166666666666666,0.0,2.5,8.75,10.0,8.214285714285714,10.0,8.75,5.0,9.416666666666666,9.5,14.375,5.0,1.25,0.0,86.75,0.0,5.333333333333333,1.6666666666666665,4.166666666666666,15.0,0.0,11.875,0.0,16.666666666666664,0.0,16.333333333333332,116.55357142857143,6.0,35.416666666666664,36.32142857142857,13.0,6.25,3.333333333333333
16121.502717442267,1615.490169073843,234.11136480621775,1747.7874700106672,499.85449213348295,399.8733487986681,1486.4648112535867,1061.9033811917045,831.6087969025723,261.9938667978335,872.3765364258842,150.29340198751459,786.0119981378843,288.66371254099687,478.3911068162352,1281.2518573766097,214.83611500155618,2875.07951795376,788.095848780793,569.9270755197313,518.2887835256204,4901.673384142109,2111.887947771843,754.7736928326829,3807.1351869445434,245.4273889620622,4810.699799321452,1443.3551313600585,1777.228931772278,1092.1833063386052,252.7280693578294,304.2601897437092,176.13812313700808,324.3799936871193,127.97685892538834,2158.219106134194,62.64752780439364,254.0168285554315,607.3444890915868,1012.9847536728389,238.09941185160707,637.0023192551656,1025.4124919582794,571.7604869006655,105.26590307840307,1499.7205434400998,4021.6810473984624,2562.1756448376386,6345.339178631069,70.75587598675834,311.7594893366467,903.6895731434928,487.7048670628896,30.31987426941632,62.391612916069434,18.25215035509153,77.07185537773773,175.81487393987393,299.9263808597448,66.33812056291048,28.176043136392778,116.73818022255521,61.136833117289775,176.18437216378393,300.07743160139773,169.47447185750755,4.77056277056277,33.19165760709878,67.6204239230555,152.90162383523284,9.609208747601604,57.0770500741089,177.5205327080327,175.59915778665777,193.82973237405622,154.69386951422217,103.90026921290742,18.505874060150376,23.95423789173789,407.5012238908637,279.881758256286,102.82197326708052,47.56547619047619,14.01214349376114,14.734126984126984,35.148809523809526,9.765342500636617,82.41194391752427,44.59145299145299,56.900023587523584,68.4668929772866,238.196722491393,14.884448476360241,69.40257698821185,12.835464897421419,29.67366338194343,44.49569889144469,18.814869505494507,123.71966184584495,12.160063316313316,17.265873015873016,85.75789141414141,55.757143613961794,55.0715256965257,44.94071451424392,22.320381279940104,163.50388259214648,77.41681691846165,139.2922309525986,27.725028647822764,114.08277127356074,118.86965378519486,56.49106215201983,47.1367451992452,106.76308923919218,41.651011462737465,16.742923742923743,34.97650423805886,58.71960678210678,49.470427751677754,37.768136683577865,37.16065845530131,14.220592724269194,99.02955135822783,110.0524026662765,12.042941535588593,21.350930523724642,39.785634300340185,15.013095238095238,27.26877983127983,90.16893196672608,11.341746216746216,48.1270757020757,22.85098573811809,13.757575757575758,26.786329683388505,20.057844932844933,94.0223394381676,53.70172146681435,24.77063908313908,40.68817918192918,1.1597222222222223,8.062160062160062,29.03255772005772,29.4278948176007,29.135124135124133,42.918569233197715,74.20649059934773,99.33501221001221,4.228583916083916,103.1671016891605,11.839285714285714,58.56248137415417,70.31718832131007,3.2869674185463658,53.9066639787228,19.768724925867783,69.75750056187363,401.91802470599737,21.678444581734055,9.099183006535947,25.28306878306878,13.735247624726235,146.01058468105683,47.96555718246895,14.57034632034632,28.71217671217671,31.516648385727333,6.43073593073593,112.61873000188217,74.46813385416327,14.03377259994907,18.0437675070028,97.17637509549274,129.97624727965638,189.3651389460213,6.734848484848484,0.9098124098124099,6.052102659245516,17.22603785103785,33.98504270926871,132.00711200778926,29.392857142857142,16.23753829016987,20.327772445419505,13.081439393939394,15.263870116811294,52.62135461216344,16.23057253204312,23.476190476190474,8.583163265306123,18.550324675324674,1.3571428571428572,1.4545454545454546,12.192808358774744,5.208333333333333,157.64662176059235,110.18892895038717,6.208333333333333,14.26700124494242
1612.813674552142,345.4904964903804,7.5,396.9706711632021,18.23830409356725,18.092261904761905,247.9112984667551,45.53192640692641,119.09894630366766,27.135119047619046,44.1391223155929,15.138888888888888,77.60514705882352,15.777777777777777,54.40862573099415,84.70138888888889,168.34778233462444,77.74300334168755,305.7515339150014,27.291666666666664,44.103070175438596,373.4512819009336,490.34280492898915,138.50413448207564,451.1236657821023,16.11904761904762,376.66643385424345,95.26984126984127,282.58972241209085,40.6875,23.139880952380953,32.333333333333336,4.166666666666666,120.80473644003055,2.770833333333333,31.726495726495724,58.416666666666664,81.46944444444445,109.58333333333333,12.928571428571429,26.333333333333332,76.62797619047619,65.03987972381935,55.33991228070175,361.08101702219346,152.6125116713352,220.6314223057644,20.76973684210526,237.41430097680097,78.30701754385964,7.613304093567251,71.59722222222221,25.17989417989418,3.694444444444444,80.26587301587301,18.897058823529413,41.58333333333333,317.09980158730156,13.645658263305322,0.8690476190476191,3.111111111111111,3.5,6.833333333333333,65.79201680672269,9.083333333333332,3.75,10.996562261268144,0.8333333333333333,12.5,23.257936507936506,0.0,6.311507936507937,15.114943553178847,33.875,18.47037037037037,6.080882352941177,1.6666666666666665,20.25,14.305555555555555,0.0,213.44761904761904,0.0,11.416666666666666,10.916666666666668,690.2332032003085,13.944444444444445,18.311403508771928,113.94607843137254,1.9444444444444442,1.4473684210526314,145.08333333333334,0.8125,25.97222222222222,39.66150793650794,0.0,2.5,1.3166666666666667,4.333333333333333,5.3125,22.391666666666666,6.041666666666666,1.8333333333333333,1.25,0.0,21.666666666666664,2.5,1.6666666666666667,1.4285714285714284,11.555555555555555,23.098039215686274,0.0,0.0,117.64910130718954,4.166666666666667,21.79201680672269,16.583333333333332,4.791666666666666,0.0,12.166666666666666,2.4833333333333334,66.83333333333333,0.0,23.053571428571427,0.0,2.0,0.0,0.0,38.75,8.19047619047619,0.0,0.0,1.6666666666666665,8.172549019607843,3.75,0.0,5.3999999999999995,0.0,3.916666666666667,1.0,0.0,11.161111111111111,37.77777777777778,4.083333333333333,1.5952380952380951,2.8571428571428568,7.5,0.0,0.0,18.25,15.735294117647058,8.0,0.0,0.8333333333333333,0.5,0.8333333333333333,0.0,6.613562091503268,0.0,5.5,9.583333333333332,25.567857142857143,1.6666666666666665,0.0,6.369047619047619,0.0,91.09444444444443,5.583333333333333,6.0,0.0,1.3888888888888888,2.5,0.0,0.0,0.0,0.0,0.0,6.666666666666666,0.0,0.0,0.0,0.75,1.25,17.5,1.25,5.0,0.0,0.0,0.0,0.6666666666666666,0.0,3.75,6.777777777777778,149.76388888888889,0.0,0.0,6.5,0.0,0.0,2.857142857142857,1.875
4700.311952788388,575.3369147454508,33.11099857887783,564.483047966589,167.88937315121527,121.48798199027495,1587.9074150071633,971.7936514970321,355.35386250328287,74.81874225275928,304.0905115447602,13.49040404040404,438.26287058487736,166.1640504029676,102.2033573896577,250.09076433776687,106.15105160577296,543.9791428915655,427.7116737663524,414.4844979222656,264.4668214314209,2029.5139903667123,1267.9350088164329,394.52611948165355,1511.5330763211796,126.67347992803359,2643.1988854160923,934.0019641991327,797.9055418155841,415.11462636150367,95.4719141969142,73.15500252671305,72.40321880605092,531.6528773694844,7.903138528138528,501.44769395646586,20.2483164983165,94.9856604330482,120.84493411522381,191.85751421774867,135.49473142526548,264.8867759247837,349.7251127939201,279.089010554671,39.19221436458279,681.3598222383052,999.743609779961,398.6224421054414,2093.768121659993,60.6841722819664,87.18560284785406,286.9143382974332,157.57928792501644,16.977214671293616,18.063914843326607,22.721027909998497,14.950903263403264,377.91208093162425,178.4596862168118,21.94122054416172,2.9556466924887976,60.39616137538931,47.143562320032906,175.14272771002646,73.2122634847093,75.32918689497637,8.049990944727787,13.859727772227773,2.4545454545454546,30.804797979797982,11.116442585192585,11.205065359477125,57.065856393062276,430.09387638505285,31.96696195960902,39.06246259187436,26.933450536391714,10.895340629620549,38.30461634598631,36.50414862914863,25.554195804195803,49.71707803290621,19.097977022977023,9.0930361777885,7.470959595959596,23.624624451056338,2.900252525252525,97.18091855055815,14.49973418394471,5.077330320751373,8.33479755538579,31.501662384886068,3.984126984126984,22.719164414017357,8.028124844504156,9.579365079365079,17.2360808695948,27.215817577030812,35.26803751803752,4.001068376068376,2.890494309611957,45.079006702361966,27.90501859251859,23.165584386946616,2.7232142857142856,8.468031968031967,40.38332232056877,15.353535353535353,100.6088669840508,24.09818580542265,22.878688197767143,272.28345431389647,50.250203653664755,27.638090504266977,17.741670910788557,4.726551226551226,5.75058275058275,5.9004329004329,31.61741440104443,24.58981622952211,22.259334233018443,17.92972027972028,5.872294372294372,36.508850483308684,25.21721681096681,8.335714285714285,0.7142857142857142,279.9856622221947,23.61977088099379,5.159717733247145,4.597222222222222,8.475187969924812,3.4057216905901115,37.743628849739395,4.753750878750878,10.507244144744144,5.6631890770048665,50.63780554018891,5.535885167464115,1.7929292929292928,208.76783449393744,8.013257575757576,15.44959901209901,4.0907425907425905,6.19047619047619,0.6186868686868687,6.388453500522466,8.252880891038785,134.83846045017577,5.7967032967032965,5.0,6.416666666666667,57.40587664990238,9.549782325517619,10.249982860276978,32.611682959897244,18.05169340463458,10.314194577352472,75.17249588646648,23.59159876071641,68.03154114404114,1.8666666666666665,0.5,134.9953155504626,34.443577256077255,56.94326882268059,8.878151260504202,3.274322169059011,10.007575757575758,46.760582010582006,3.8158670033670035,4.029411764705882,4.33363810518983,36.26414044892306,46.718363109474595,8.589285714285714,6.753151260504201,1.1526806526806526,6.271395271395272,2.051282051282051,7.626114081996435,5.118055555555555,0.0,6.5825840825840825,0.0,4.842844655344655,2.0156926406926408,10.579004329004329,11.014073645652593,5.246212121212121,11.333441558441558,8.834054834054834,0.0,0.8181818181818182,1.6666666666666665,9.932983682983682,21.589285714285715,49.808190777231026,4.6688311688311686,3.6963364293085657
7943.129279286667,1005.4772786122032,71.63184889872196,1002.6281947535285,876.4287500177077,267.5920826764738,2414.6871814987894,924.3009972063636,888.2058560401831,272.9715882214334,796.5758220605476,9.508838383838384,843.0303906653353,484.05412424153593,335.1734305226659,878.9806973124246,23.399534561299266,885.3514091364599,933.2882105343369,988.8600182411328,601.6238369523779,3189.3424360831104,1891.1955229467303,755.7528477673666,2507.10457213822,408.9644174612892,3772.1470846555776,1233.3384435777882,1392.3339348812258,419.7867700960429,239.7803908167656,111.49289804956729,228.40587905911693,573.0193375254477,14.828823953823953,682.3928880136891,28.320798169283016,159.3366080270492,229.06783474486556,428.1956266340381,298.99713408629174,700.3340323132893,484.91168644349085,302.64369036941923,27.951440436928053,1496.1264452409189,2046.048432397761,442.012233651793,2762.3093914059164,192.86276022738872,89.07760309122354,599.4341674823781,235.20259383325364,18.522396403523853,25.58527855586679,17.82437946040887,9.592521367521368,440.69686356024073,351.9056808448546,71.91625041625042,9.689303751803752,25.16127112266818,66.69803312156253,282.086401178371,98.46953875301398,37.88724816849817,1.916400850611377,31.42827161944809,12.834448095477507,35.71861471861472,42.15489996114996,20.183052513934868,45.93110266639678,295.10062928629105,22.359888273491215,124.41351887491594,79.03029173985055,30.465423349884755,255.26150786473988,7.738239538239538,50.91426313585404,73.2067474715114,24.50065883190883,26.340614949683577,5.666666666666667,14.944749127721263,0.625,132.14946661089868,9.664786967418546,20.820466375729534,71.21222169261385,126.62256218106322,8.345310245310246,65.08434815910306,38.79378794098621,47.486291486291485,14.175112469230116,40.372826778341484,106.85274221965398,13.59163059163059,3.2826797385620914,48.717335904835906,59.43698583447387,41.7890684163904,11.275129962629963,15.070700813347871,46.14180835241029,3.0,205.94437046704203,23.72400898321951,33.62464063714064,223.89565048706882,126.1748031289698,13.239918061241589,52.17005278218513,28.76034504710975,8.0865175129881,6.3352272727272725,65.8001163138547,50.83136966041378,4.613095238095238,100.25472922139589,0.5,316.07876516185337,16.226190476190474,7.953703703703703,14.114088689088689,276.3476105398061,21.749712814418697,46.29525784672843,6.384199134199133,47.23298334219387,4.330043859649123,64.4116472271687,18.488916176416176,38.11686369186369,6.665126394073762,40.001923026263796,21.43165236179942,5.878933566433567,127.05360587125293,2.4444444444444446,9.164099789099788,7.5858585858585865,0.6666666666666666,2.2976190476190474,17.752048642515174,43.63339754787123,165.96302952066537,0.0,8.890422077922077,11.726190476190476,20.140556604343367,41.71528825205296,9.975606121890952,66.45310740846455,13.534624318046777,22.881673881673883,96.27801396588161,19.09771428314209,123.93893899310565,57.029279407955876,5.11780685644322,39.20411233646528,22.31804006179006,71.74944826415415,3.733341821577116,1.9353402445507708,0.0,57.41526575276575,5.337148962148962,14.039037759625995,2.289272030651341,7.329517704517704,62.557251040205585,10.307088744588745,10.490279328514623,2.7956618544853837,3.75,2.236652236652237,0.0,0.5,0.0,3.2250417710944026,1.8181818181818183,6.5837267670601,13.981495356495357,50.929653679653676,11.627802752802753,12.266872016872016,39.863612313612315,0.8181818181818181,2.0238095238095237,0.0,0.0,9.760775172539878,1.0,7.9860359547859545,2.4444444444444446,13.895901741876974
3279.0479338065306,1032.0352373890298,75.81738698614241,1165.5119140691402,603.8157891306442,230.27988677988677,523.5481118192585,767.5470696834226,491.0460688113008,93.51694041252864,145.5121673039997,8.279761904761903,738.4862884412398,296.36861535382366,120.07450637597697,434.7510053671818,263.7454656737578,270.10214592830135,915.0378059252262,515.8321794215396,166.57999930177348,1281.5695922786765,1273.3952597200794,408.7188519450774,1288.389706920465,160.59543683440742,1979.2162506370576,826.4583020733852,712.3614730737125,482.11559517786696,19.133893883893883,51.39641498852025,19.384338097406278,872.793099127315,9.836484593837534,218.69367292371493,22.706709956709954,183.37931809475927,363.57804001554,172.22135515556567,273.9028886818299,493.52717298199195,377.2546755570364,184.15961531269755,285.4841514694456,386.0958305168739,1415.532737316251,82.10664632986061,1238.4555602241799,47.817258721670484,98.54656495465318,268.27125036977253,197.22939047608165,3.9583333333333335,254.0974103510868,7.46590909090909,180.5576854745088,540.5514234732287,63.72982069673246,25.922577422577422,5.623376623376624,26.476190476190474,20.17379710236853,43.78409090909091,29.014312892989363,44.35894660894661,9.448412698412698,57.01064213564213,12.26423902894491,63.939808802308804,43.56321456321456,5.781332229861642,113.9728785375844,272.570698267652,191.52854099700636,36.93551587301587,5.445985659220953,24.493849878991867,210.2589581870044,4.753830728095434,46.546736596736594,16.741450216450215,58.65899378399378,42.13511404132257,129.53664391164392,68.77994227994228,16.569047619047616,370.6029070377448,69.36147186147186,4.8809523809523805,98.70287963670316,3.774622064095748,18.976190476190474,120.35285666131254,34.62939790094962,9.49885531135531,1.8666666666666665,183.98978382068688,44.916847041847035,2.466666666666667,10.461940836940837,52.2659632034632,6.541666666666666,44.611298423798424,14.710402342755284,7.159090909090909,10.956436284022491,2.8535353535353534,10.64069264069264,25.757936507936506,21.40274064171123,8.997474747474747,99.66293510411157,19.40705931495405,26.80952380952381,7.343434343434343,66.46702317290553,7.275252525252525,84.7264418587948,9.648412698412699,16.616436925647452,96.28914141414141,2.145021645021645,7.9323373994426625,1.0,10.928571428571429,34.14067678353393,496.2686716061716,30.981143198906356,21.833333333333332,23.75595238095238,21.605158730158728,15.703078865578865,37.397643487907175,18.922619047619047,2.8937229437229437,36.383998004796325,11.939188684878339,3.758591554644186,18.94381313131313,74.59866522366522,5.166666666666666,59.33236500341763,8.809523809523808,4.404761904761904,6.430856180856181,27.329477036373586,12.050054112554113,162.66717705891134,19.583333333333332,21.238095238095237,16.242257742257742,0.0,10.677272727272728,15.794467787114844,24.03503071003071,2.821428571428571,0.0,22.6988936988937,51.593584986442124,148.62671920990886,11.205128205128204,0.8333333333333333,0.0,4.688311688311688,119.49544413919413,7.819444444444444,8.75,8.73469387755102,8.27106227106227,14.087301587301587,5.931803490627019,7.374608272427745,7.222222222222221,17.676767676767675,1.1810411810411812,7.833333333333333,5.075757575757576,3.224206349206349,4.583333333333333,1.2873931623931625,7.571428571428571,0.6072261072261071,5.4642857142857135,0.0,13.019592335768806,31.831168831168828,2.33008658008658,10.845238095238095,16.549783549783548,41.848124098124096,0.7864357864357864,7.671703296703296,0.0,0.7738095238095237,2.4166666666666665,1.507577389930331,0.0,11.894596474953618,1.25
729.1727132699172,249.79179459064326,2.013888888888889,115.29166666666667,40.763888888888886,18.95138888888889,137.903125,73.61111111111111,69.58705357142857,5.769444444444444,3.189708141321044,3.5,18.15,4.583333333333333,18.67361111111111,112.65575396825396,18.430555555555554,13.333333333333332,149.94007936507936,10.083333333333332,6.619623655913978,278.9829991645781,115.95018493815182,36.30555555555556,86.09781746031746,5.095238095238095,249.9827380952381,68.01817042606515,101.40441176470588,11.229166666666666,7.202380952380952,2.638888888888889,1.6666666666666665,47.53842592592593,0.625,14.197316207184628,16.470238095238095,5.783333333333333,2.5,6.25,45.81944444444444,32.013888888888886,30.30972222222222,10.016762335947394,10.543650793650793,36.40873015873016,151.77777777777777,13.220238095238095,70.29662698412699,3.9583333333333335,1.25,15.260416666666666,7.509920634920634,0.8333333333333333,3.9285714285714284,0.875,5.5,104.54411375661375,2.388888888888889,2.75,7.0,0.0,0.0,0.0,0.0,1.25,1.25,0.857142857142857,1.0416666666666665,1.3611111111111112,7.149122807017544,1.2321428571428572,1.307456140350877,13.494047619047619,3.2946236559139783,1.9999999999999998,0.6666666666666666,7.708333333333333,6.650375939849623,0.8333333333333333,12.52142857142857,2.5,2.5,8.162593984962406,91.91369047619047,7.5,2.5,27.0,0.0,0.0,6.666666666666666,1.5,2.5,9.216666666666667,2.75,0.0,0.0,0.8333333333333333,0.0,1.425,0.0,3.083333333333333,0.0,0.0,0.0,0.0,0.0,0.0,0.0,0.0,0.0,0.0,7.75,0.0,0.0,0.5555555555555556,2.9166666666666665,0.8333333333333333,0.0,0.6166666666666667,0.0,0.0,3.571428571428571,1.0,1.0,1.5833333333333333,0.6666666666666666,18.90277777777778,3.75,0.0,0.0,0.0,0.0,0.0,1.6666666666666665,1.8666666666666665,0.0,0.0,0.0,2.083333333333333,9.12579365079365,0.0,0.0,0.0,0.0,0.0,0.0,5.5,0.0,0.0,0.0,0.0,0.0,0.0,0.0,0.0,0.0,0.0,1.9166666666666665,0.0,17.628174603174603,0.0,0.0,0.0,0.0,4.741666666666666,2.083333333333333,0.0,0.0,0.0,0.5555555555555556,0.0,0.0,0.0,0.0,0.0,0.0,0.0,0.0,3.333333333333333,0.0,0.0,1.6666666666666667,0.0,0.0,0.0,3.333333333333333,0.0,0.0,5.4978354978354975,0.0,0.0,13.333333333333332,0.0,0.0,3.25,0.0,0.0,0.0,0.0
4686.663707759065,324.0801310551108,40.623263888888886,246.34358465608463,323.5832998020498,94.91428704081918,28.550595238095237,418.71829308663763,275.78605983708843,9.25,783.2258910411483,113.69047619047619,579.7100018037518,8.394841269841269,68.52657287796914,403.7782009476119,255.01714566297898,99.41121031746032,640.123667998668,10.74206349206349,184.55557039411204,795.266990823829,639.3322569988128,522.0855488458546,988.7091781131478,166.68030753968253,2049.0595614622434,288.03056272204554,315.62064343835175,268.0605816245413,1.0,2.6905270655270654,147.52623244810744,13.426282051282051,106.58951368847201,2.4285714285714284,102.06509289321788,10.25,314.8262536075036,62.922619047619044,137.00721789784288,132.68205868205868,412.6290920771795,2.458333333333333,17.825396825396822,550.0211640211639,1462.7915821313495,69.64847883597884,2646.144402335774,13.75,6.25,11.845238095238093,3.928571428571428,1.1458333333333333,276.27407257094757,6.041666666666666,48.11086833237568,8.797619047619047,135.78640109890108,2.833333333333333,3.9772727272727275,0.7142857142857142,3.630952380952381,3.9285714285714284,0.8333333333333333,108.76118326118325,17.458333333333332,3.2142857142857144,0.0,0.0,16.180555555555554,2.083333333333333,0.0,51.569905403238735,322.301855359147,8.886574074074074,78.81349206349206,1.8333333333333333,0.6249999999999999,24.67526455026455,28.08928571428571,411.77952070170204,3.380952380952381,0.7142857142857142,0.0,5.0,1.6666666666666667,5.625,28.749007936507933,16.791666666666664,6.25,0.5555555555555556,1.5892857142857142,0.6249999999999999,9.333333333333334,3.0104166666666665,14.996924371924372,0.0,1.6666666666666665,1.5784832451499118,103.67427248677248,0.0,2.4999999999999996,1.0,0.0,7.152777777777778,5.833333333333333,144.32527195027194,0.0,0.0,30.43740981240981,29.93716931216931,0.0,0.0,3.268849206349206,0.0,0.0,94.49968434343434,0.0,0.0,180.95180976430976,0.0,106.20391414141413,0.0,165.48277243589743,1.2499999999999998,0.8333333333333333,7.390873015873015,0.0,0.0,26.811974789915965,0.0,0.0,1.0,0.0,24.942460317460316,1.09375,3.2916666666666665,0.0,0.0,0.0,48.48115079365079,0.7142857142857142,48.69358265191598,6.041666666666666,0.0,0.0,0.0,37.9781746031746,4.833333333333333,0.0,0.0,87.7909226190476,0.0,0.5555555555555556,55.985119047619044,8.75,210.11656746031744,0.0,0.0,0.0,6.093749999999999,3.699144219977553,2.2916666666666665,0.7142857142857142,0.0,0.0,125.37907944678777,60.70295329670329,20.178571428571427,12.809183100849767,0.0,0.0,20.61111111111111,764.624200645034,8.75,0.0,0.0,74.55128205128204,28.02680826118326,29.292989417989418,5.875,0.0,0.0,0.0,0.0,0.0,6.253472222222222,0.0,12.878156565656566,0.0,126.7768412143412,0.0,42.681769619269616,0.0,0.0,0.0,5.623015873015873,0.0,0.0
4457.035486817111,841.9172020505758,70.28542013542014,1772.1454323182263,66.34809272455064,106.45413165266106,143.93452264858198,826.6632939406772,642.7665699883192,219.3907498160594,99.14034780578898,6.575757575757576,115.2082416562196,33.36607142857143,108.47455663961081,167.36526416122004,3.459038918597742,153.0510121956306,643.1651133316574,97.7064513305322,125.3856333813195,1969.4016018839548,304.41932155535096,119.95575432193078,1900.4824941379707,46.63501266453852,876.1027513650612,293.8154268457577,787.8478106452371,840.2771713580537,143.8252431993531,34.69113756613756,115.89860262286733,141.23714114832535,12.48015873015873,291.27590383472733,5.940978955684837,29.132092281356986,78.05711996336996,21.882469654528478,89.7238974261033,331.4081828438446,813.5044852952434,316.2614888782992,397.9588235838236,494.0037723170076,776.6424303139956,52.035328070622185,1266.4508129573119,6.215691236008573,147.98516200575023,242.11876031760667,177.20831232943303,10.484126984126984,51.166666666666664,1.0,1.0416666666666665,232.8825095043845,52.17314425770308,43.54978354978355,1.6098227752639518,22.009920634920633,23.220238095238095,4.166666666666666,54.3962031024531,12.805555555555555,13.738095238095237,22.847069597069595,46.47123015873016,77.47923066498917,15.316176470588236,5.1495098039215685,23.98659951159951,354.2297767047767,21.64047987616099,17.647734788359788,18.868168378462496,7.081374344609638,21.547619047619047,0.0,1.2647058823529411,57.597346716464365,11.180059523809524,9.616013071895424,6.875,11.716720779220779,8.213872470838416,150.94791666666666,5.833333333333333,4.357142857142857,17.67526455026455,64.585296239708,0.0,94.86348622782447,2.268518518518518,25.373015873015873,1.1022727272727273,3.2596153846153846,14.578853336206278,10.489583333333334,0.0,19.725859788359788,19.858630952380953,9.80952380952381,2.710164835164835,0.5024509803921569,13.648809523809524,5.0,19.448691014867485,5.153846153846153,81.72222222222221,4.5588235294117645,177.677398989899,2.561688311688312,4.583333333333333,9.78165053900348,2.5735930735930737,25.175986227824463,18.66023535851122,6.123263888888888,0.0,19.182264957264955,0.0,5.049019607843137,0.0,0.0,0.6428571428571428,462.0286511826953,6.771464646464646,25.773809523809522,5.125350140056022,9.875,22.546719362508835,11.454136125885352,7.271464646464647,0.9191176470588235,4.996031746031746,42.2390289449113,8.077380952380953,34.743416305916305,512.8960268897769,1.875,8.14520202020202,0.0,0.0,22.997700216450216,20.64726537829986,8.56547619047619,42.833694083694084,0.0,40.36524096818214,2.5416666666666665,1.25,95.86786457007045,7.089285714285714,0.0,0.0,20.178571428571427,158.05854766148883,52.69444444444444,18.188984728506785,3.365384615384615,3.3627450980392153,6.720588235294118,0.0,10.466117216117215,43.08779761904761,0.0,0.6666666666666666,363.79903846153843,1.815317035905271,20.911706349206348,17.244543742261794,0.7930672268907563,0.0,0.0,8.805555555555555,2.6587301587301586,0.0,0.0,1.7571195144724556,0.0,0.0,6.111111111111111,0.7142857142857142,3.5555555555555554,0.0,0.0,9.29524886877828,6.296296296296296,1.3333333333333333,0.0,0.0,0.0,3.32808476926124,5.520833333333333,0.0,0.7056701468466174,8.227513227513228,5.892857142857142
684.3863936988937,98.38636363636364,3.9999999999999996,349.11381673881675,106.07575757575758,8.541666666666666,43.81502525252525,15.954545454545455,50.602777777777774,6.25,30.75,5.0,61.21568627450981,7.5,4.583333333333333,37.86616161616161,39.9633658008658,44.83578431372549,214.62662337662337,48.45670995670996,7.2689393939393945,339.3225385725386,139.072601010101,91.51984126984127,247.04686606966018,1.25,260.12536075036076,111.66666666666666,144.19997086247085,23.40909090909091,21.875,12.25,6.666666666666666,7.816498316498317,1.6666666666666665,96.62520812520812,4.791666666666667,4.034090909090909,81.21125116713351,14.594696969696969,4.924242424242424,34.345238095238095,81.0734126984127,13.75,53.68696581196581,43.966071428571425,209.71547619047618,16.654761904761905,37.497571872571875,7.083333333333333,1.2708333333333333,7.121212121212121,9.75,0.0,0.0,0.6666666666666666,0.0,167.04761904761904,0.0,1.7333333333333334,1.5151515151515151,1.4583333333333333,1.5833333333333333,4.0,12.121212121212121,0.0,1.0,2.007575757575758,2.5,4.0476190476190474,5.0,0.0,8.0,2.272727272727273,0.0,0.0,0.0,0.0,1.25,10.833333333333332,4.166666666666666,0.0,0.0,0.0,671.3617216117216,1.25,0.0,2.6136363636363638,0.7142857142857142,0.0,4.333333333333333,0.0,10.555555555555555,0.0,0.9090909090909092,0.0,1.25,0.0,0.0,0.0,2.5,1.6666666666666665,4.791666666666666,14.5,0.0,0.0,0.0,0.0,0.0,5.666666666666666,0.0,0.0,28.75,1.25,1.0,0.0,0.0,1.25,1.6666666666666665,0.0,2.0,0.0,1.0,0.0,0.0,0.0,0.0,5.416666666666667,0.0,2.5,0.0,0.0,1.9607843137254901,0.0,0.7333333333333334,0.0,0.0,2.2222222222222223,0.0,6.666666666666666,0.8333333333333333,11.25,0.0,0.0,0.0,0.0,0.0,0.0,0.0,1.6666666666666665,1.25,7.5,0.0,0.0,0.0,0.0,0.0,0.0,0.0,1.9333333333333333,13.433333333333334,0.0,1.25,0.0,0.0,0.0,0.0,0.0,0.0,0.0,0.0,0.0,0.0,0.0,0.0,10.0,0.0,0.0,0.0,0.0,0.0,0.0,0.0,0.0,0.0,0.0,0.0,0.0,0.0,0.0,0.0,5.0,116.91666666666667,0.0,0.8333333333333333,0.0,0.0,0.0,0.0,0.0
2994.2296796408928,486.3063941593077,17.769607843137255,642.729939042439,249.03296254399194,91.73940712065712,416.20471472971474,363.07536797997324,410.63887864586394,124.59181096681097,101.80868926047496,14.64285714285714,279.5886890886891,95.5273199023199,180.67787074037074,251.21672077922076,92.43052503052503,109.06938848188848,407.33414918414917,338.0832119269619,139.7840617307529,1342.9949712811554,849.9800627613128,340.51229326229327,713.257985995486,85.78518934768934,1360.555637071262,364.2989586393998,463.469274013024,557.047912628021,74.0698051948052,62.56410256410256,60.95980755355755,597.7322329291079,3.2916666666666665,297.39667277167274,138.00124875124874,127.03459734709735,77.66917044595615,106.46174832112332,100.57531074733087,228.1705586080586,176.069767221083,113.79261016761016,136.97089947089947,527.4127696377697,743.7880723443224,31.768912693282438,1172.614337378308,15.812678062678062,17.9072076732791,177.55934343434342,126.68763354700855,8.206349206349206,51.84722222222222,27.8234126984127,39.5,285.4919201169201,46.117742789617786,25.832720710661885,0.0,57.35965307840308,19.51984126984127,57.81898656898657,65.58112026862027,77.28846153846153,0.8333333333333333,55.709706959706956,12.435897435897436,18.25,6.8125,10.924603174603174,60.09334415584416,247.94024586524586,112.35699665831244,30.34745115995116,2.7854090354090353,29.543014855514855,80.75864875864876,2.6428571428571423,138.34645909645909,30.375541125541126,20.89331733081733,18.587912087912088,100.21626984126983,58.9345238095238,3.6309523809523805,489.7304518398268,35.19047619047619,1.2962962962962963,35.666666666666664,0.0,13.333333333333332,41.21646062271062,5.538461538461538,10.714285714285714,6.032509157509158,18.183035714285715,40.067460317460316,1.2980769230769231,5.752747252747253,44.076388888888886,12.051816239316238,77.25869963369964,38.34920634920635,6.6494708994708995,18.147156084656082,0.0,57.33826011951012,16.169871794871796,50.85468156714286,33.76399468586968,65.89682539682539,11.322222222222223,3.6706349206349205,0.625,15.244047619047619,10.833333333333332,41.351190476190474,8.472222222222221,11.333333333333332,22.708333333333332,0.0,10.593434343434344,2.104166666666667,0.0,12.44047619047619,196.86790848040846,35.90631868131868,12.0,4.261988011988011,12.338047324192834,25.199404761904763,32.74537037037037,16.185497835497834,4.018518518518518,11.558333333333334,21.166666666666668,1.1111111111111112,22.47519841269841,140.99323593073592,51.66269841269841,56.88708513708514,3.333333333333333,18.214285714285715,8.595238095238095,30.134920634920633,14.714285714285714,116.74959476797711,7.8246336996337,29.028950216450216,7.083333333333333,7.220982142857142,62.50522138680033,2.886904761904762,7.840844671201814,14.652777777777779,6.394699147601624,99.05555555555556,89.7095238095238,65.55010683760683,9.476190476190476,0.625,14.555555555555555,6.055555555555555,33.219640313390315,8.26388888888889,5.0,4.773809523809524,4.552214452214452,0.0,8.214285714285714,2.0416666666666665,0.625,0.625,0.0,3.6805555555555554,8.583333333333332,2.75,0.0,0.0,2.8571428571428568,5.8977272727272725,2.9166666666666665,0.0,7.113095238095238,0.8452380952380951,6.428571428571429,0.7142857142857142,3.3269230769230766,1.6666666666666665,2.5,6.0,0.0,7.5,21.76282051282051,0.0,0.5555555555555556,13.093253968253968,14.797619047619047
5457.0990051603385,853.1894899807548,27.214146658477247,1405.538909506933,646.5385059772692,106.0178962986045,910.3809150076012,622.6690746126671,420.1361210321907,65.82018194975818,209.94114259881732,14.951388888888888,927.7574532200624,373.983581465036,97.80639436099962,400.62591855761536,234.32406635356668,336.75286893225166,954.3412698467928,527.2352628680678,207.86660829410957,2501.7261446746766,1942.5191313332878,411.84835830781157,1860.781849138802,159.2675240351324,2440.5310462117395,751.9932588011161,906.9412714042271,592.4798452590028,50.45077145077145,15.605169592834066,40.64447285170969,1200.3081066532036,8.980823098470157,265.64190853180514,26.233940596440597,359.88001830297,156.2620751716811,258.04750140210666,168.885016033758,598.2746908868012,502.4959685452719,233.99007293968094,217.9421881180395,729.0921142672912,1922.5174151800175,39.5208912241802,2205.7865867904006,86.73607111842405,107.22273029776531,197.93104658673266,87.92340445860182,25.66559829059829,165.34399754657107,15.457642031171442,22.18876991586108,902.4870095491439,42.67705683978904,21.369465501818443,4.202897979213769,9.317193917193917,17.56805694305694,116.43686286623593,41.063464410116886,72.30772005772006,8.910133199703633,42.45746614496614,9.691197691197692,6.2522175536881415,17.664450133200134,25.915787779758368,69.55537333144724,366.10301792628474,121.60405741080551,56.10193776131276,11.519967233202527,13.378523057402367,220.57799224073548,19.391108891108892,90.46884084053201,26.957921464500412,33.65898684648685,38.31429313740791,37.88374982860277,81.39688151975304,18.375270562770563,598.0621400887268,80.14411027568921,8.619058694716589,41.96820622188269,7.4669289044289044,35.3897872960373,136.09909215240097,16.27573001710933,23.751236263736264,4.833793820558526,72.80549030905856,17.582899739149738,10.383333333333333,4.934102934102934,41.3318598068598,24.004870129870127,83.8040103171682,31.69047619047619,0.7364907819453275,10.561237373737374,3.989583333333333,43.14899961149961,24.607152887532145,54.57900432900433,19.233991228070174,53.444714871185454,5.199176919571656,13.265522875816993,18.522727272727273,46.95917127534774,36.67062465790914,98.05142411481421,24.973213875770693,14.583577131932396,7.111706349206349,8.833333333333332,14.770833333333332,10.002632783882783,5.132539682539682,6.655416012558869,1453.7238909646996,58.05229757772327,3.7777777777777777,15.464819902319901,28.991038201564518,9.510311035427135,51.74321819960419,23.564761219172983,13.43633658008658,22.95146477803488,8.329816017316018,9.568805552957608,19.26461038961039,181.67182562807562,52.03373015873016,44.89399883885178,4.378080253080253,25.599972943722943,1.8769841269841268,16.546560005650914,3.2360588972431077,240.92775527255844,28.499328898225958,16.267195767195766,7.929137039431157,9.749909812409813,18.30183358308358,5.683096315449256,9.851776199990486,27.85000742721331,5.73968253968254,94.03691216191216,54.90971324427207,257.3383741458095,7.847335997335997,0.0,43.90644540644541,8.200126262626263,282.36349326055205,8.94047619047619,8.44486215538847,1.3426870748299318,72.97188335291783,1.0788690476190474,2.5196886446886446,14.819000226353166,2.1527777777777777,35.46461755836756,24.894966144966144,1.375,8.525641025641026,6.273899711399711,1.6666666666666665,4.031593406593407,3.7286998132586366,16.346764346764346,16.876776001776,6.25,9.774752208575737,8.595238095238095,12.355474386724387,19.24610805860806,12.0,11.034920634920635,2.2916666666666665,21.354423354423353,0.6111111111111112,5.059523809523809,18.419143356643357,2.123015873015873,2.2558968808968807,10.990504535147391,2.434941520467836
6361.614549297587,1374.0549360014022,168.02769527534565,1029.6135650905244,241.84951008442388,274.5396044237956,798.6312112404911,624.6714732355825,694.9134218877734,466.0443585167269,514.906418118918,85.75405844155844,520.4667716542716,188.13934676434675,502.00237680419565,730.4487536933965,74.92476670155241,487.9389173923713,699.8922414237055,297.2691602379102,305.51796416302994,1991.6549907849287,1564.1182668528245,580.4439578309715,1821.5379964350764,159.42026544781763,1632.5969396390938,985.8192830382084,1357.77546989422,889.670800356889,477.60542138173713,62.26350508151979,162.19106968739322,649.2973450815995,133.97631072631071,1456.1708579765645,117.29530423280423,243.05812711642542,213.30836987086985,433.45774340790786,306.9517876938736,691.2077170149538,712.3095309218266,891.8157606682242,160.14127886002885,1137.905150965633,1862.131109699995,312.75911558344876,3229.4914006990857,86.49773716279134,169.662006362374,1021.9399225295776,867.8643122645072,45.31185134310134,69.3076923076923,74.57539682539682,5.852272727272727,213.38586604395428,209.7275981303555,67.12887806637806,9.365371148459383,119.12473568098568,27.558441558441558,87.28061174936174,467.52245733350856,146.0448140639317,3.333333333333333,32.5944264069264,79.80914224664224,130.08415619038684,14.665681132592898,28.240079365079364,174.651251988752,194.73972218549423,73.50117012617012,76.67301124801125,55.56550625300625,20.721521970747975,50.97486772486772,2.946428571428571,33.891955266955264,204.27501942501942,27.919027269027268,35.45152505446623,137.4468954248366,33.698919136419136,27.610745614035086,206.02682213619713,22.38095238095238,94.3693783068783,133.6524676590466,82.4778601028601,4.583333333333333,19.471254355400696,43.92063492063492,25.93078339788866,27.834720834720834,31.068885975135974,48.972643777790836,60.24911150357578,2.8653846153846154,157.03111398405514,63.09749369782264,48.0767427017427,26.951739332096473,10.377314814814815,122.61507936507935,0.625,163.22523702719135,20.8507326007326,88.16649159663865,59.78120664058164,11.90548780487805,40.17925824175824,131.82422450843504,29.825306637806637,15.296717171717171,5.430555555555555,56.900807286583145,19.98357367107367,34.56051587301587,113.71560846560845,1.25,50.69011544011544,8.424679487179487,4.472222222222222,35.38938492063492,59.33167388167388,23.204850704850703,36.02777777777778,41.45871489621489,12.591269841269842,191.48288334472545,35.08188339438339,13.753968253968253,13.700727513227513,16.159326784326783,145.87121212121212,23.37536075036075,125.56556637806638,81.62358359233359,13.908730158730158,21.1494708994709,4.542748917748917,5.729166666666666,49.81860153735153,109.64502777672016,113.24687349687349,46.36211704961705,5.146520146520146,132.6823593073593,16.083333333333332,32.6297123015873,143.23939486439485,25.049603174603174,50.705710955710956,68.8902417027417,52.987573934002505,244.12894075378716,20.95580808080808,22.741656491656492,30.745833333333334,6.5,52.2727873977874,19.506493506493506,11.98611111111111,14.278273809523808,3.777883880825057,5.223063973063973,24.38341750841751,21.22222222222222,5.873015873015873,18.029378188860946,7.791666666666666,1.6715151515151514,9.583333333333332,6.304924242424242,12.823863636363635,12.703869047619047,1.3333333333333333,4.855442176870747,0.0,0.0,20.09722222222222,5.015151515151516,9.25828664799253,16.74359668109668,41.74147727272727,15.826118326118326,51.15243764172335,17.648629148629148,3.333333333333333,9.166666666666666,1.0476190476190474,23.83177008177008,9.940476190476192,8.407407407407407,1.7142857142857142,15.714285714285714,14.03701826495944
1453.8545119549021,296.17196959960114,6.666666666666666,247.23657245532246,284.63412937753105,75.12042124542124,348.19940476190476,288.09909534909536,82.73010738997456,100.76370851370851,98.74267181620122,35.96825396825397,114.07097055994114,20.975274725274723,96.09611222111222,112.32041202977734,40.979497354497354,397.4388619278325,20.079621344714223,8.879058441558442,185.53564480325315,424.4870245699801,465.85373202362365,140.22363029270923,421.5794389434095,65.83285391509075,389.6004840675893,106.19619756461861,241.17062078788084,74.06653662198016,21.137049225284517,12.311357623857623,110.31077576718333,23.006615825694773,1.2847222222222223,117.30646509922825,6.64047619047619,210.05257936507937,39.2409188034188,267.86528335212546,32.08884609542504,133.5103576978577,235.5538936471523,19.844611528822053,8.283730158730158,88.75730845951433,638.5961249894797,53.42719757411818,435.501930599357,3.6926937441643326,23.456349206349206,22.78030303030303,33.071555759055755,13.31016206016206,13.831349206349206,28.9745670995671,18.998015873015873,2.5,36.950119325119324,0.0,7.994949494949495,1.8849206349206349,9.45468509984639,32.339285714285715,5.466269841269841,15.658008658008658,1.25,5.270833333333333,3.6666666666666665,32.54444370988489,6.095693779904306,20.44990079365079,1.118421052631579,0.0,82.62639906389906,191.18404694720482,13.317460317460316,1.0,7.389724310776942,41.197325700615174,118.20012626262626,6.387591575091575,3.9791666666666665,6.993264411027569,4.166666666666667,5.416666666666667,5.5,0.0,6.333333333333333,2.2222222222222223,0.0,1.7392676767676767,7.218487394957983,13.148809523809524,5.378787878787879,1.1038011695906431,2.7857142857142856,2.581018518518518,45.066990392648286,0.8333333333333333,44.93927702199761,0.0,1.5297619047619047,0.0,2.9166666666666665,39.24076617826618,23.912878787878785,12.914317042606516,1.1666666666666665,0.0,4.656938044034818,16.379044566544565,17.863095238095237,0.8333333333333333,6.113053613053613,0.875,2.0416666666666665,3.333333333333333,1.5277777777777777,31.974927849927848,1.5359477124183007,25.498376623376622,0.625,4.333333333333333,11.012987012987013,3.958333333333333,3.9880952380952377,0.0,2.5,0.5,8.336843711843713,0.0,4.761904761904762,0.0,2.5,0.5555555555555556,0.0,0.0,0.625,4.513888888888888,0.0,1.125,5.375,4.4907407407407405,45.16409632034632,0.8333333333333333,0.0,5.781144781144781,2.685185185185185,106.52281746031746,0.0,2.615949596212754,4.305555555555555,0.0,0.0,2.583333333333333,4.909722222222222,9.005050505050505,0.0,1.6666666666666665,2.2222222222222223,0.0,4.984593837535014,12.588383838383837,21.51388888888889,0.0,0.7738095238095237,11.924603174603174,5.458333333333333,0.0,17.83603896103896,6.369047619047619,1.6666666666666665,4.25,4.166666666666666,9.342369776193305,0.0,0.0,0.7142857142857142,17.9890873015873,91.35588023088023,15.351190476190474,201.98162948162948,0.0,10.595238095238095,3.333333333333333,2.9404761904761907,4.595238095238095,1.3888888888888888,0.0,0.0,0.0,0.0,2.5,0.0,0.0,8.333333333333332,0.0,0.0,0.0
4822.25807257242,653.4783806013102,57.478204665704666,799.3329586975059,245.85112517207767,177.10253542615897,189.67279029969578,223.37804417804418,606.6327899830019,292.5086590288796,382.6785533423691,59.804094684125644,373.4573247133364,134.25169287022834,283.3046567373613,602.4941744869024,105.99517843267843,753.5201626937454,327.73716317093636,57.54765651015651,269.0690884067916,1224.4079464518395,469.5560535380836,302.019924125582,1085.2992122718383,275.42304931910195,1063.9556838713563,579.5953376749993,782.7269886302781,496.5654086518057,430.1165968426998,96.88085676136305,60.450289294039294,91.07807360123536,54.3444264069264,786.2183260754628,25.186743208482337,264.9655363985859,165.0566338617809,501.4524211234815,148.334943991194,270.68645842589257,224.13706987456987,177.36381118881118,16.38888888888889,851.8697497620485,2336.914176387702,3038.730424519405,2314.6608139536543,30.083741809043996,47.47286255411255,258.20821077071076,226.72015183890184,7.856249999999999,10.576971274339694,15.578546317516906,63.8280784030784,10.801587301587302,121.98384832759832,19.751225490196077,12.581491425241426,27.768328893328892,25.111326581914817,46.92155760905761,153.41215875702346,40.275183150183146,14.234848484848484,2.870879120879121,64.93087158553965,120.11417402042402,8.01722582972583,152.71450091303032,23.72387566137566,67.61489552114553,107.53484851004974,181.99817497317497,32.135912698412696,3.1474830316742084,11.241697994987469,45.41154357374365,17.129661426536426,19.717185592185594,7.701359710550887,2.013888888888889,14.285714285714285,9.422381711855396,3.6372549019607843,6.002164502164502,13.353968253968253,28.54365079365079,63.22812151616499,155.15046579405848,4.459821428571428,18.5,5.395833333333333,20.956136592166004,22.268939393939394,5.578373015873016,83.40455753826497,3.8354978354978355,14.3756105006105,70.3226461038961,21.09969649915302,47.372835497835496,12.805194805194805,2.9269307081807083,87.09737221842485,8.017857142857142,97.76422845672845,4.273809523809524,230.11922288238077,44.61799719887955,7.721861471861471,5.858225108225108,42.924384900874834,20.804671023421022,20.84480796980797,2.2010073260073257,2.7291666666666665,16.593785600364548,12.2114898989899,4.237103174603175,13.996121933621932,40.61954018204018,32.8897487316605,2.083333333333333,16.414772727272727,1.1111111111111112,1.65625,14.07335026085026,34.886273448773444,6.82010582010582,10.444742063492063,14.790130621012974,1.7648809523809523,1.8402777777777777,12.0764652014652,40.08836886797413,16.61164623578811,132.38129684325335,13.161538461538461,3.699404761904762,0.0,25.744107744107744,2.9292929292929295,1.8035714285714284,52.98330580238475,9.429824561403509,1.5,0.0,71.3015873015873,1.9861111111111112,17.781926406926406,30.691829004329,2.616628469569646,61.87504133293607,9.579899267399268,54.088109806859805,71.26437923654309,7.558429118773946,3.914285714285714,3.97281746031746,7.404722222222222,24.985177208810942,16.765873015873016,1.1111111111111112,0.0,25.755521062757904,8.093434343434344,5.0,16.60185185185185,0.0,2.529532967032967,29.248917748917748,26.460046897546896,47.29223207348207,1.605006105006105,9.136904761904761,1.5218253968253967,41.7983867983868,1.6666666666666665,32.91216748937337,1.5625,3.3854617604617605,3.982614607614608,3.6996658312447783,30.887396508720038,20.641882015043777,2.625,0.0,1.9543650793650793,1.3636363636363638,0.0,1.4285714285714284,8.392857142857142,0.0,73.7490248680466,20.585567591449944,0.0,2.0787037037037037
6653.494695704433,1242.8788185911915,22.404869031610517,1165.0541981500985,290.7699459775118,258.6821322215414,2499.2973393891143,1386.1399905283233,334.19010253474244,345.81650765564274,354.50228818391133,16.343915343915345,755.5188854289275,279.60327524045096,130.42790175866566,464.4712202639799,140.5600489422858,905.8214573532632,1290.1262201767322,1131.8516944668584,381.571096399451,2632.3777417741753,2029.433203699691,453.3325895915638,2402.657374518014,289.4321638887428,2987.013254082629,1227.0470677314258,873.328797493647,534.7992650391507,108.16368802106325,35.716602458214304,120.0965675431092,750.3632355050146,10.3125,462.09309105933573,34.493426600055386,265.95567926225823,176.9947157249328,183.7686245629885,400.10120555494655,479.40159834232685,594.0024260104315,223.77442133030368,72.40908755846836,726.4343465071793,1806.4792616503119,83.90746421478775,3376.7258428731075,16.445743145743148,75.6637491256539,325.72917298831277,134.9619607416434,18.48183277778866,75.24636243386243,3.898268398268398,31.96327948367422,845.6056812476929,154.67339242141873,28.228896103896105,7.284913186228976,12.730519480519481,4.443445905945906,301.4181599460624,41.69695789103684,80.71536796536796,1.8104757085020242,21.566437375260904,33.826983065953655,2.5045454545454544,71.14962444962445,7.186656480774128,75.89042148726746,517.7963592099621,56.94311868686869,97.29231566363919,1.2479416008827773,36.433538706053916,185.67589202085404,21.842929292929295,46.86198980015825,11.48556627339522,14.729821104821104,33.029998654473445,12.628787878787879,39.56778275903663,0.0,377.438818014606,22.937400318979268,3.706360282018177,36.844837261503926,30.52363273551354,21.11540959040959,96.67876783710118,35.706941167070475,19.112698412698414,12.514570517202097,52.97138267072716,39.59941488250312,18.543560606060606,5.568031505531506,24.842068871674133,22.408630510903237,45.07670983986773,9.895425176675175,11.775993317437168,42.836002338444864,6.410984848484849,58.95925383621462,47.47809142611774,45.518272005772005,57.64429154866461,188.96077710463675,10.265921748816485,6.272276334776334,20.917957042957042,25.83382140735082,43.41535894660895,40.78527006619112,22.63234618916437,4.673572954822955,25.760736794070127,24.245670995670995,60.02470875071494,30.218299062049063,4.875686813186813,11.251587301587302,601.5352594854788,29.714484480660953,9.720238095238095,4.421176046176046,33.142998278524594,5.61447653223969,110.2268820130282,15.406746031746032,29.91679501054501,5.500923710792132,15.152734238941136,5.31160851588399,23.687950937950937,126.41836358086358,34.83297258297258,21.99890156140156,9.79510767010767,8.561237373737374,4.151515151515151,23.311854495447527,16.078454927139138,232.22519926851012,13.25,15.44047619047619,5.6520562770562774,36.71621607559108,28.51470057720058,8.386574074074074,27.03546949082663,12.455847628307522,6.843470418470418,144.6955868205868,81.75181110976565,218.47467585208813,26.10803536060889,0.9085743801652892,94.84203065453066,22.51388195138195,196.7220715558951,10.642475171886936,2.272513670539986,2.6858766233766236,112.04801356051355,4.268356643356643,1.8332390648567118,14.226964223515948,2.960109335109335,78.43651130014766,2.594426406926407,10.194964349376114,1.3585858585858586,4.077290764790765,1.7676767676767677,0.6590909090909092,1.5555555555555556,1.3005050505050506,4.896643682827893,0.625,5.037914862914863,3.9148929773929773,39.421672077922075,12.048229548229548,21.3219696969697,25.266955266955268,11.549963924963926,4.090909090909092,1.65007215007215,0.0,6.675039013274308,0.7142857142857142,5.965973840973841,5.965909090909092,3.104764752791069
6425.900078796381,1139.9727737540238,39.07110801033951,2031.276027549614,429.6289878143013,236.3752233877234,1186.626378648566,525.8107073482073,685.3122352229497,88.03601953601954,50.447240540566014,1.3125,507.524521623013,137.80111142334707,151.30257285639019,887.1885032400097,36.29596861471861,292.2310820867862,1536.2830753388055,815.9722391536297,308.0474362239068,2343.7706825556033,1218.3606192010604,1278.7262216949716,1211.7075252156435,149.68233155733157,3550.118830663856,1012.0496972798443,706.4505181637535,792.4563269345597,75.09119352869352,26.678571428571427,40.20831945831946,697.0533080621495,8.630952380952381,362.9397255522255,5.833333333333333,109.99949841824842,25.431768423147734,261.896341811783,360.5960997335997,264.83801337551336,438.9507459044432,88.62571733821734,32.48888888888889,244.2591931216931,1652.2300384256266,36.150672448466565,1356.6895235762165,18.62121212121212,29.161034798534796,242.3680443000486,266.33644064269066,6.201479076479076,29.091666666666665,14.375,19.493055555555554,641.5097395251806,109.98728090039066,43.48412698412698,12.882575757575758,22.31060606060606,24.859076109076106,3.0661435786435787,53.55366161616161,11.35,1.75,37.778589466089464,29.9031279178338,27.256944444444443,13.5,11.193452380952381,66.36805555555556,981.2584253981313,23.752753986209868,34.302274114774114,25.529761904761905,10.919540229885058,61.936725427350424,4.511904761904762,48.833333333333336,106.3967352092352,20.62418831168831,11.9375,179.56331699346404,14.056547619047619,6.383333333333333,439.34564763048536,5.333333333333333,0.6875,0.0,7.145833333333333,5.833333333333333,62.13113553113553,29.812304075235108,66.5625,0.0,34.550595238095234,7.754082722832723,0.0,2.2291666666666665,58.71778499278499,60.625,53.60019841269841,6.25,0.8333333333333334,13.405390107976315,1.25,34.395833333333336,31.32377258158508,13.638653549862509,12.787878787878787,25.12121212121212,36.979166666666664,25.0,87.76262626262626,12.902777777777777,5.711494252873563,17.0390873015873,0.9620046620046621,1.7126984126984128,4.645833333333333,0.0,1.0,0.0,17.6125,4.833333333333333,175.36800012318304,10.152135854341736,10.119047619047619,0.0,19.041666666666668,39.25595238095238,24.60023104290346,3.4166666666666665,0.0,6.666666666666666,11.422413793103448,9.25,14.047619047619047,22.65397727272727,0.0,9.5,0.0,0.0,0.0,99.40294662234317,38.93650793650794,40.43670178799489,1.6666666666666665,16.1984126984127,10.0,2.8125,7.247916666666667,4.166666666666667,2.954545454545454,0.0,5.4772727272727275,28.948593073593074,10.270833333333332,70.52873422873422,21.416666666666664,0.0,0.0,0.0,10.951893939393939,1.6666666666666665,0.0,2.0,0.0,0.0,6.583333333333333,3.793103448275862,0.0,2.5,0.0,1.7142857142857144,2.5,0.0,0.0,0.0,0.0,3.3333333333333335,3.7499999999999996,0.0,10.13888888888889,10.625,0.0,6.035984848484849,1.7023809523809523,4.522619047619047,0.0,15.125,2.5,0.0,6.357142857142857,0.0,1.2992424242424243,4.7023809523809526,1.25
41976.47364630531,3338.8345000401423,262.42288014830723,3295.6294013414067,1588.3903442975854,513.2558271407241,2089.6646940295186,2834.777323235103,3646.137502832484,940.5951330096239,2682.151008952413,479.1864156272303,1561.557300910065,367.5416908908654,1126.7583179381397,2603.420194711143,1294.654234538046,14487.918304489764,2645.501606778883,294.04129814006944,1532.4368267298398,7256.987674976696,3640.310967789361,1284.4015493566765,8468.844572126114,1544.0856969788267,10277.098371525528,2976.069379697967,4388.619494629089,1529.5071195448274,393.71208203561145,472.9161791805334,363.87400749497004,229.88419103328158,322.67232636570213,912.4446230814967,272.5787996155542,986.8276186962332,2026.6015013834956,1898.3074112021263,730.8046017955678,1838.6720730195175,3913.6011247627393,647.4418712023378,366.1649369149369,1331.8887505389312,10918.169704858547,9458.110573725571,9037.119160371021,149.86954409208758,344.8856053007839,244.56683223226926,349.24200693921085,64.30965276195539,221.85564215559208,295.7862341906459,500.3116832697889,263.92913875769915,387.65830693037077,107.21905531832002,57.69160746589152,137.65327413067183,225.02517653173362,340.4239631540073,161.69303950682226,236.07653005207354,57.55361305361305,17.783276908276907,144.66284000797785,978.7011056428415,47.2788680617628,466.54420601661565,127.29012069801543,149.4318942190966,1158.855586619505,1061.6920894278867,185.2207561644868,15.669584500466852,25.365522196231783,4119.961107648644,1060.5831269238693,257.00118254471323,27.211073179271708,14.633192830561251,229.34857028935974,20.38443500943501,14.010360962566844,41.78769841269841,469.2960310215975,122.5006666944167,172.71881812942738,124.9313606975731,250.20407349688247,43.100940725940724,109.60521423021423,42.470840380379855,216.52554968179967,36.29282407407407,387.4048783066778,125.0544704705244,209.3672192579252,165.2944314869718,54.36494462392127,54.24163208867156,149.76165913075408,131.62633547008548,176.41709314077735,163.22570302504514,197.15467494243228,10.380332341269842,536.8305575394055,235.2602494472983,203.97177359677357,26.965015759094705,121.89321111309542,43.14859110607061,28.80568043068043,230.31392401458191,23.01007070414965,117.60217304625199,353.432775421746,100.79406704406703,77.09929653679653,142.0625100744666,166.05335116272616,30.31043956043956,51.21041295306001,22.922313797313798,20.898674242424242,90.73349077393195,231.59228965478965,20.566378066378064,75.10319632852527,11.042408054908055,11.085858585858587,40.165133477633475,17.21371336996337,45.012716450216445,33.658246845746845,354.6734445601679,19.93073593073593,97.14880952380952,10.041666666666666,286.6278162421428,149.5028305028305,18.820697577276523,63.95167539575434,46.680345117845114,19.153108465608465,90.9619893994894,71.06691919191918,15.01709133945976,148.88091252429487,50.13481657231657,4.491161616161616,72.78806517556518,30.316301753801753,247.1399879223396,151.08779622960296,13.274338209683037,44.391865079365076,15.366582491582491,115.84234244695028,191.22194613827068,118.3823667073667,13.9505772005772,3.382936507936508,274.9398715219497,107.05510114885115,181.07785095812588,66.17952549447648,12.058802308802308,23.183688860159446,228.03834217253333,409.3719492273783,2363.611465937525,1.9372294372294372,17.373505880084828,27.99088009943273,701.2384310494863,286.08395808400616,1456.8472240860951,224.17058885558885,4.967993811743812,95.87385762385762,23.522833375774553,26.31071012321012,104.84671421987598,16.259920634920633,12.393543956043956,9.38888888888889,60.68517286377193,25.416666666666664,37.265422077922075,9.865079365079364,6.408730158730158,721.2266878427714,132.20432239400893,8.359753550543024,7.333333333333333
1232.1090096151572,588.3906652171358,69.26190476190476,310.30239520071865,156.99945887445887,124.93057807402069,147.52159645909646,136.99848702542667,357.20486972318866,194.06715208077205,553.310266122766,98.27089169000934,153.35676880041635,91.82160894660895,251.3607370543846,291.1365364465633,92.39844877344878,201.39454744601804,241.57480482480483,48.39489676989677,92.56434477878443,802.831473202857,447.7009127805887,198.17973692973692,799.9035922799171,116.92071063515029,309.71753429319216,427.60123951718776,739.3962090665913,233.8287759599235,160.71466727716728,45.23616661116661,61.079365079365076,424.7872495151907,66.79563492063491,449.9729437229437,11.185897435897434,142.09208846708847,61.86526724641478,184.16522366522366,235.55968277412242,364.15422708925394,321.5286050470477,344.88620407370405,74.58333333333333,446.8125421936897,586.0423784113644,517.0979884508662,793.460122587251,38.12103174603175,96.99484600099353,325.28861416361417,284.40841364250235,20.96416083916084,15.416666666666666,56.51968864468864,19.678571428571427,18.699494949494948,44.9781746031746,68.05357142857143,5.333333333333333,47.13690476190476,53.88064713064713,102.0340909090909,48.34188034188034,20.50595238095238,0.5555555555555556,9.854166666666666,15.759667927700713,87.42099567099567,7.765567765567765,24.62121212121212,55.10335497835498,63.41378066378066,45.08147130647131,33.797619047619044,80.08531746031746,5.40079365079365,8.964285714285714,6.26984126984127,0.0,31.14044289044289,18.384157509157507,11.194139194139193,8.75,15.10562558356676,1.25,18.5,16.25,6.329365079365079,18.49621212121212,47.44444444444444,1.25,26.482142857142858,36.404761904761905,19.937629399585923,23.805555555555554,27.107142857142854,61.61706349206349,4.089285714285714,17.083333333333332,47.84722222222222,18.35900210900211,39.82738095238095,10.113636363636363,14.444444444444443,53.57885284114792,1.0,99.87139249639249,25.22222222222222,32.357142857142854,33.53083028083028,16.25,12.507936507936506,19.336850649350648,2.7976190476190474,1.883116883116883,4.166666666666666,12.647186147186147,7.287878787878787,20.0,28.595959595959595,2.4545454545454546,18.67099567099567,6.818181818181818,9.422619047619047,5.194444444444445,74.78571428571428,0.0,8.121212121212121,22.997474747474747,11.853174603174603,30.15710678210678,14.309523809523808,3.6666666666666665,13.0,8.05952380952381,39.57539682539682,10.25,38.299832651567385,17.166666666666664,3.0555555555555554,5.5,5.454545454545455,5.0,27.270833333333332,26.83928571428571,42.169372294372295,21.142857142857142,5.0,98.08333333333333,0.0,0.8333333333333333,65.08047849236374,7.7559523809523805,19.957688145188143,29.07832080200501,23.238636363636363,120.06654456654456,1.1111111111111112,0.0,3.7142857142857144,1.0,118.98989898989899,25.416666666666664,1.6666666666666665,0.0,5.833333333333333,2.875,11.666666666666666,0.0,13.627164502164502,1.9444444444444444,0.7142857142857142,6.333333333333333,7.5,4.6309523809523805,1.0,1.4545454545454546,3.125,1.0,62.12021072796935,5.0,9.011904761904761,11.398809523809524,9.742063492063492,15.337412587412588,9.075396825396826,0.0,16.09722222222222,4.053571428571429,0.0,0.0,1.25,5.743922743922743,0.8333333333333333,8.88888888888889,2.754329004329004,1.0,11.833333333333334
4505.269305782222,389.9790785904916,8.44517982017982,290.22682294557296,44.055257504352525,15.940309690309691,200.24544205794206,562.7933567264063,170.33775021275022,75.49058117808117,225.00102593484945,233.24292659954426,68.77282892228544,30.651556776556774,33.48593073593074,171.2793864485798,41.67723248973249,1744.9563584429734,225.3250276698245,234.49852026668808,89.06770184959544,847.5090543304725,712.8867228059179,136.34680893044865,1620.6876856563213,22.82852564102564,784.7158792868352,247.62797792656497,447.61472038310274,214.7264328264328,51.95976662226662,36.486734741530135,61.558888698028966,14.69223750106103,12.572977675918851,29.265723927488633,40.612280285074405,31.200193325193325,598.2765253430854,276.3666872343343,60.82776737327469,203.71324753677695,193.44258277687166,39.196969696969695,3.2767857142857144,622.8089883689714,1088.2690750501565,135.20513798866708,643.396159932771,10.92202380952381,232.12282030438138,14.742063492063492,21.21590909090909,6.527777777777778,5.902777777777778,0.0,38.24464645660298,108.3603896103896,111.73298229548229,1.6865079365079363,11.849980063795853,11.582812647710346,10.404761904761905,17.672619047619047,4.1496836496836496,117.543716006216,1.6666666666666665,1.0833333333333333,3.455128205128205,88.50499452889159,16.753205128205128,27.08121993746994,22.943181818181817,13.82159020316915,18.553696303696302,50.307359307359306,5.333333333333333,0.0,0.0,146.59453701749825,27.845208032708033,1.2142857142857142,0.6327838827838829,0.641025641025641,1.25,0.0,2.2064393939393936,0.7142857142857142,81.00378787878788,7.950757575757576,17.424783549783548,4.291514041514041,9.25915750915751,5.833333333333333,3.958333333333333,1.5845959595959598,19.16824148074148,4.010416666666666,12.628385503385504,6.237373737373737,1.0555555555555556,5.833333333333333,0.7339743589743589,4.365079365079365,3.926767676767677,0.0,4.916860916860917,34.06608669108669,2.2222222222222223,1.875,1.9583333333333333,3.8846153846153846,76.8279267029267,0.0,0.0,0.0,1.0,5.5,0.0,2.323717948717949,6.811965811965812,12.204906204906205,3.1015512265512264,0.0,28.560305435305434,2.458333333333333,2.0277777777777777,1.6666666666666665,0.0,0.0,2.9365079365079363,24.757575757575758,0.0,0.0,0.0,0.0,1.8055555555555554,0.0,1.0443722943722944,0.0,0.0,0.0,14.621212121212121,2.25,9.921536796536797,0.7142857142857142,1.4285714285714284,9.716269841269842,1.0075757575757576,0.8333333333333333,0.0,1.1111111111111112,0.0,1.6666666666666665,0.0,15.479978354978355,24.917232767232765,29.782512626262626,25.093506493506492,0.0,0.0,0.0,26.464015151515152,155.8267951303942,1.9166666666666665,2.3304473304473303,0.0,7.841829466829466,1.6666666666666665,1.9444444444444446,16.217983405483405,0.0,6.2767857142857135,15.492424242424242,11.30418192918193,40.953324453324456,0.0,0.0,0.5170122275385434,17.95975320975321,33.23685086842981,86.76554642324766,15.06041181041181,0.0,38.72943722943723,0.0,0.0,1.9337835367247131,0.0,0.0,0.0,4.555555555555555,5.0,7.222222222222221,3.630952380952381,0.0,41.79312027841439,14.958847865097864,0.0,0.7142857142857142
6200.73568206582,460.2481211813642,118.09286659108088,562.5258434158434,207.5990392015392,62.55833333333333,436.0945735364853,658.9426187274485,630.961873464881,280.2771672771673,300.7530121753032,13.79120879120879,193.59069476275357,185.48659463785512,205.16698964434258,454.55141538887665,76.01859632741986,1786.114504527407,547.7220726985432,15.117413632119515,113.0327870658753,1041.8199288456642,1676.1987563362563,446.4245916120916,1023.0032305671624,203.1952795656356,819.606486496533,794.5943221593221,699.1366583579819,94.03607503607503,6.301587301587301,322.82263107263105,61.56979131979132,34.18142968142968,42.71228036669213,335.39640230393655,31.058340760546642,96.9625933706816,101.81634337884337,288.16597126418554,404.40425943104515,276.8970596397067,595.536133007859,341.13475056689344,63.35019841269841,569.6140436944008,1191.9812754875393,227.77173638596238,678.4369342585519,15.388888888888888,37.72222222222222,14.025042087542086,16.22947422947423,20.650793650793652,10.25,31.108315295815295,56.61917748917749,24.65277777777778,138.75456284963136,36.97785714285714,2.6190476190476186,69.48708513708513,85.99282106782107,10.416666666666666,18.785714285714285,17.333333333333332,3.036796536796537,3.5,26.974206349206348,128.93262987012986,23.286507936507935,36.595238095238095,0.8055555555555556,51.430250305250304,161.65328657124323,311.9737207237207,85.19942279942279,1.6666666666666667,4.978741496598639,179.22294542059248,62.75596348096348,55.99098124098124,16.817460317460316,0.625,7.083333333333333,19.23827561327561,0.8333333333333333,2.638888888888889,35.8125,5.166666666666666,7.889159451659451,63.12328643578643,15.433823529411764,2.0,32.666666666666664,9.011904761904761,29.806372549019606,3.185185185185185,21.25,6.329598506069094,23.064285714285713,46.97741147741147,4.75,8.859848484848484,38.675,9.055555555555555,28.422619047619047,10.939517353991038,9.195075757575758,4.642857142857143,33.023809523809526,17.380135387488327,0.0,108.10595238095237,1.1666666666666665,1.0,3.6507936507936507,3.9162561576354675,1.0964912280701753,1.2626262626262628,16.583333333333332,2.5373931623931623,4.125,11.944444444444445,16.86111111111111,15.75,0.0,0.0,55.26190476190476,0.8658008658008658,13.226190476190474,6.138888888888889,9.21031746031746,0.7272727272727273,0.0,6.801587301587301,2.1242368742368742,1.8888888888888888,23.41865079365079,44.64392551892552,0.8333333333333334,1.875,3.7499999999999996,8.73917748917749,17.686507936507937,0.0,3.111111111111111,0.0,1.5384615384615383,10.767094017094017,0.0,1.25,8.092592592592592,2.609126984126984,2.9365079365079367,103.9484126984127,24.30952380952381,22.958333333333332,0.0,0.0,1.25,8.75,0.0,30.79289321789322,2.6666666666666665,0.0,0.7738095238095237,12.210317460317459,12.464285714285714,18.313725490196077,11.885154061624648,15.214285714285714,0.0,8.75,9.78452380952381,78.34006026653086,1.0,4.118284493284493,2.159090909090909,15.373809523809523,11.180555555555555,39.042192807192805,12.259134199134198,0.0,19.972307104660047,4.166666666666666,0.0,4.786643911643911,9.206349206349206,1.5476190476190474,0.0,0.8333333333333333,5.0,0.8333333333333334,0.7142857142857142,0.0,187.63234126984128,1.7676767676767677,0.8333333333333333,0.0
3195.191900928715,368.5864422132136,44.97950937950938,304.38937193410874,234.85139264473628,73.29488326216267,279.8338891442358,199.96933048702505,172.56791678537036,63.44946211196211,140.2410573588205,34.8240373280419,147.4510715117518,116.43929876166717,108.09485306360305,508.18187416361127,31.227918280549858,622.7519245874114,275.79878268040585,90.72182593235225,195.71861425611425,901.9201300223334,549.1099225756963,433.94123200061443,821.4112184555923,122.61475128328843,846.5307803342578,603.3606080981232,458.5628936000646,263.7390796029063,83.93064951188016,117.23274907711827,63.204455266955264,67.75316890998005,29.043290043290042,154.71305485808193,30.202044880643953,15.447596385096384,167.14538295788296,261.65975001305884,223.92784975907367,355.7700163255504,258.1173553918171,120.16366735116735,5.3125,475.71228646633887,771.0857651030226,568.7698429148112,1173.0248006600461,29.555503110335042,130.30002272859414,128.99969852620228,83.49546587671587,6.090817361650695,7.125,5.625,29.993939393939392,22.321756946756945,188.30730103230104,6.791694416694416,24.877811500094108,12.729344729344728,8.339598997493734,24.629576306046893,29.31715725794673,23.194648407148406,2.5058275058275057,2.4073490507314035,42.26227719648772,37.10516515218527,1.6666666666666665,15.417537433326906,17.971255596255595,24.650651140409543,30.950460054078473,27.237206080956078,14.53605130249867,3.916828269769446,1.349206349206349,66.69969592552545,32.98588626127242,54.546867356213326,2.5958142551892553,14.13888888888889,0.5263157894736842,1.9704739704739704,6.6062409812409815,2.371031746031746,23.1502109002109,56.12219904278728,207.2498321344241,64.65917224657827,4.551282051282051,10.468822843822844,1.1948529411764706,4.966364775575302,9.055555555555555,5.774276377217554,53.57313979879769,1.25,8.656015037593985,14.76605339105339,11.016550554708449,2.526315789473684,12.723124098124098,1.8782051282051282,156.6405936880681,24.1775308025308,99.3346681826945,2.4305555555555554,56.856637235313706,55.47572335072335,29.198606948606947,2.151767676767677,111.65860928573777,12.518696581196581,1.25,9.976190476190476,9.366071428571429,17.855110167610167,15.539772727272727,24.204816017316016,4.878803794244971,92.94899683649683,15.603241057188425,1.25,1.1963036963036964,4.166666666666666,0.8904761904761904,7.384615384615384,17.72222222222222,3.9404761904761902,0.9027777777777777,6.576322434875067,4.166666666666666,9.829022366522366,1.0512820512820513,14.436507936507935,27.752066152801447,2.8860930735930737,1.0606060606060606,0.0,0.7142857142857142,4.820707070707071,10.776334776334776,5.916666666666666,13.360007639419404,14.039201539201539,3.3823051948051948,4.5,4.134680134680135,0.0,16.354064318034904,12.0182316174164,6.493055555555555,44.741770729270726,32.23241758241758,63.59492345889405,38.86555361849479,2.693028024606972,0.0,7.453703703703703,3.6073232323232323,22.98183760683761,51.9676288988789,0.0,1.4166666666666665,9.070868459026354,0.0,15.791666666666666,5.937645687645688,4.875291375291376,5.404761904761905,26.05979437229437,8.523686109212424,44.24911236424394,0.5086580086580086,0.5665584415584416,4.1479076479076475,12.425438596491228,0.6666666666666666,26.220425407925408,15.190656565656566,0.0,2.0,0.0,1.4121989121989122,4.689604377104377,5.5256410256410255,9.970238095238095,2.142857142857143,4.2858187134502925,0.5,1.875,3.333333333333333,0.8333333333333334,15.464627477785372,20.45695203918888,0.0,1.1851851851851851
6072.455208252139,1316.3445184114826,44.00558195306095,1098.9352915883592,554.142734271901,266.14145414770417,1205.759447220354,1160.4949512270591,650.8992088195834,377.420174038924,191.35329361996028,2.9675925925925926,395.3865632525985,355.47251468731355,71.17619266698215,552.4712565212566,29.676012949039265,360.94424919216584,1541.7926320142517,982.4405077674686,359.27457876089886,2198.2690726055193,986.3734678211651,1257.9135447885449,1585.3140732460365,241.18297366214034,2075.2661589287923,919.1340948352088,1089.2873994522085,468.54319980087655,221.54065240315242,57.05057712349379,63.12586025086025,558.1578574874982,8.083333333333334,512.6720293264937,19.329247835497835,266.3058797927219,75.0369196895059,202.88048308903572,315.8655963045669,829.3445520001441,779.7182744250242,76.75369769119769,7.8568376068376065,339.3060508935509,1560.6933821469536,44.54234695626502,2142.8361075810744,13.616050616050616,40.828957770624434,293.98803576691506,369.629782948533,7.942886203302869,28.24749902874903,5.369047619047619,4.474042678812416,601.4905577215756,65.0995855995856,56.960220335220335,2.5961538461538463,11.940476190476192,30.03486202173177,55.078270803270804,95.30582611832612,16.68371212121212,0.0,17.933793058793057,35.64393939393939,8.125,80.73178303178304,1.4837662337662338,69.34564857334787,377.5259846634847,67.02998182373183,40.22904641654642,70.98190045248869,27.411276271621098,192.88098259764925,24.782897657897657,44.7810834998335,35.97485454360454,13.827217920967922,21.302449754830707,8.723290598290598,24.950396825396826,1.1458333333333333,344.9544823551289,6.611111111111112,1.1873196248196247,1.7171717171717173,12.96330829664163,3.1468253968253967,100.58726088726088,72.98372293415397,41.2433608058608,1.2964000911369333,51.73027390295795,38.58383190883191,7.133328972614687,4.402356902356902,32.16873623452571,28.415154290154288,95.9965798090798,18.247519841269842,1.1937557392102847,25.64613686122307,14.989583333333334,13.73037518037518,18.48022348022348,16.610460811118706,5.312604062604063,138.38224769869507,10.717905875800612,0.0,63.17919580419581,27.666666666666668,10.042385057471265,30.194709530235844,49.457251082251084,0.0,47.69483063233063,0.0,23.956349206349206,0.0,42.81018518518518,5.326923076923077,677.318769339822,6.406776094276094,14.305555555555555,5.3889721389721394,30.874458874458874,26.586302586302587,54.92478193393162,30.118522408963585,4.2356601731601735,5.275106837606838,0.0,9.134255636499796,4.2976190476190474,55.679710104710104,0.0,9.135225885225886,0.5765692640692641,0.65625,25.357142857142858,27.421021224508685,18.28551541051541,87.19708789659529,3.214285714285714,10.86111111111111,8.844488844488845,26.826874514374513,13.157617845117844,19.104166666666668,32.6104797979798,2.672714540361599,0.8712121212121213,53.40882034632035,34.932271101913955,121.9149544899545,71.40179265179265,1.0340909090909092,48.830125892625894,6.685365560365559,70.79085176341273,3.6904761904761907,2.5,1.875,113.10546457055078,1.1106150793650793,6.437347374847375,6.539676319848733,0.0,8.487657018907019,2.8178418803418803,19.59722222222222,0.0,0.0,0.0,12.323717948717949,0.0,0.8461538461538463,3.3552631578947367,0.625,7.016151132817799,11.488095238095237,20.7892316017316,2.6937645687645686,4.986259771974058,12.092592592592592,1.75,13.146853146853147,0.0,5.0,3.577755577755578,0.0,0.9595959595959597,4.697270322270322,0.0
1172.214556110019,115.35230120756437,16.462962962962962,420.42878028404346,119.70812447786132,18.88888888888889,220.32577875341033,178.1994856994857,238.76879268392426,32.607142857142854,57.94532183502772,7.027777777777778,65.51587301587301,41.12271062271062,12.18859649122807,24.137667887667888,20.204887218045112,300.1709771222929,67.36193937641306,36.73082010582011,50.15267870531028,202.39667496246443,123.34208518090097,286.5099715099715,602.015220224392,13.717948717948717,121.95773568536727,61.96434121434121,115.34732664995822,121.94444444444444,5.3809523809523805,13.809704184704184,13.462301587301587,18.0,15.514285714285714,4.624542124542124,13.291666666666666,22.375,352.4323870573871,108.78363997113998,28.162393162393162,74.94998623452571,46.63684020657705,12.578536917159209,124.40079365079364,64.55555555555556,373.91121606220287,48.560503275963804,132.84756341611603,0.5263157894736842,1.4839181286549707,3.9166666666666665,14.553571428571429,17.63888888888889,45.2281746031746,5.4226190476190474,68.94444444444444,187.39700577200577,9.446666666666665,5.9394708994709,13.166666666666666,5.972222222222222,15.817243867243867,10.75,15.833333333333332,0.8333333333333333,1.6666666666666665,0.0,10.0,18.076923076923077,1.6666666666666665,2.5,1.6666666666666665,5.8809523809523805,13.637566137566138,12.234126984126984,4.166666666666666,1.25,0.0,13.991666666666667,6.232142857142857,10.595238095238095,0.0,0.0,48.228487886382624,0.0,2.1052631578947367,0.0,53.68650793650794,1.0526315789473684,3.8888888888888884,3.1547619047619047,42.857142857142854,0.0,0.0,1.25,6.388888888888888,1.4880952380952381,15.7559280996781,0.625,2.3809523809523805,10.194444444444445,0.0,6.2168560606060606,22.555555555555554,5.523809523809524,0.0,3.1666666666666665,5.238095238095237,0.625,4.166666666666666,1.0,131.63492063492063,3.5,8.666666666666666,2.051282051282051,0.0,0.0,1.4772727272727273,0.0,0.0,4.166666666666666,2.2916666666666665,2.0,0.8333333333333333,2.25,0.0,0.0,3.75,5.5,5.208333333333333,1.25,0.0,2.5,1.25,0.0,1.6666666666666665,4.930555555555555,0.0,0.0,0.0,41.273809523809526,0.0,0.0,0.0,2.5,5.0,0.0,0.0,5.0,5.25,4.75,5.69047619047619,0.0,0.0,3.333333333333333,0.0,0.0,0.0,2.5,0.0,0.0,1.1111111111111112,3.8095238095238093,0.8333333333333333,3.0,0.0,0.5,0.0,0.0,0.0,3.5,0.0,136.5625,0.7142857142857142,34.398148148148145,0.0,3.5,0.0,5.372222222222223,3.1527777777777777,21.143037518037517,1.0,1.25,1.25,0.0,0.0,1.25,0.0,0.625,0.0,2.333333333333333,7.222222222222222,25.083333333333332,0.0,0.0,2.675438596491228,0.0,0.0,0.0
6468.302790550236,820.5471186135272,77.83688058556756,1790.681500005126,329.11193582246216,133.82431987946694,827.9319902591961,473.511103460523,871.2834936227794,146.89691558441558,342.66118270704186,20.461779448621552,301.1990146935967,86.83857709750566,224.4419191919192,507.11681556747345,396.1967940685046,657.1069772454641,905.1365927931718,330.3339595833017,269.212302974803,2074.1532854207194,1676.2685043703716,502.8694288167972,1723.5390193813182,207.9957264957265,1783.6784864215592,564.2777777777777,1024.2400308025308,571.139907059315,255.865388631836,191.5595238095238,58.473901098901095,248.00024468851868,34.975,349.18928651757597,151.07896042188804,173.00198412698413,430.06944444444446,195.109552154195,181.12434589220302,379.6425324675325,947.0445214507714,197.31021044781548,315.1315996095408,513.8926638837353,1823.2112096097999,340.2696495755706,1059.6980830927328,100.43317853457172,221.1780462184874,181.1795634920635,120.23843864468864,34.77579365079365,254.73214285714286,127.79166666666667,141.13095238095238,660.5264957264957,108.44246031746032,56.771319638966695,26.07936507936508,90.27235958485959,104.03618421052632,78.09126984126983,33.08784113060429,98.63690476190476,22.488095238095237,46.80555555555556,55.409126984126985,179.39238721804512,63.73134920634921,39.25368107769423,56.05555555555556,86.4078985760971,83.42030423280423,70.30090048840049,23.027951824004454,22.75,60.179280045351476,18.246136173767752,141.70916875522138,40.19940476190476,37.09027777777778,15.5625,979.5553989139515,33.88243894048848,35.916666666666664,56.5,120.34027777777777,19.333333333333332,106.94444444444444,40.0380291005291,595.3076923076923,67.66911764705883,13.434523809523808,11.333333333333332,21.823529411764707,25.9375,62.323412698412696,29.126984126984127,69.84046855921856,113.882326007326,27.710858585858585,42.88377192982456,39.092261904761905,46.485119047619044,67.11904761904762,4.916666666666666,71.79166666666667,55.96031746031746,38.81150793650794,28.13392857142857,239.48955415499532,86.18551587301587,35.82424812030075,27.125,13.470704948646125,5.416666666666666,33.33578431372549,20.908730158730158,35.982142857142854,27.74102564102564,19.375,2.7777777777777777,5.798687423687424,5.833333333333333,1.6666666666666665,51.98856209150327,19.751984126984127,37.33333333333333,13.883928571428571,16.916666666666668,57.76460145461693,19.871879217273953,7.5,26.23611111111111,19.208333333333332,31.86111111111111,10.521825396825397,29.286075036075033,9.136904761904761,31.711309523809522,29.986928104575163,10.333333333333332,22.888392857142854,45.75,38.69658119658119,14.154761904761905,1.0763888888888888,25.708333333333332,21.229166666666664,39.62535014005602,30.944444444444446,123.87103174603175,12.083333333333334,22.36904761904762,17.171626984126984,15.097619047619048,99.73076923076923,8.078208556149733,49.88263125763126,2.4000000000000004,1.1666666666666665,21.293650793650794,9.125,28.72467320261438,7.470238095238095,23.479166666666664,0.8333333333333334,5.231481481481481,17.5,10.041666666666666,13.333333333333332,75.45833333333333,14.022295321637426,10.942495126705653,11.333333333333332,15.029761904761905,7.5,1.1666144527986633,35.988095238095234,6.625,10.877747252747254,9.25,5.777777777777778,15.13888888888889,19.166666666666668,0.0,7.599206349206349,4.3936688311688314,12.1875,11.810881370091897,94.01388888888889,12.916666666666666,6.5,5.583333333333333,7.908573517126149,0.0,7.567460317460316,10.833333333333334
2036.847736958031,58.06487493987494,36.964285714285715,316.68977087727086,49.50381794131794,61.05366161616161,38.95238095238095,57.72688191438191,441.66777435527433,391.2911694786695,444.5260526510526,2.0238095238095237,195.68948412698413,30.987225193107545,524.5726845608812,325.49520618270617,146.13095238095238,29.66504329004329,399.67783836533835,12.490460927960928,75.13356782106781,46.353812853812855,141.13612980157097,199.82890244287302,793.123193935694,120.71262765012764,78.44958513708514,244.09046935033777,585.6128801753802,241.21329133829133,509.08534752284754,261.694989403871,78.46749777999779,90.34292328042328,80.01190476190476,437.94582024729084,51.58158508158508,267.995109995497,6.656010656010656,487.3150738150738,182.6386413151119,83.30956312206312,27.417610167610167,58.9011544011544,2.4404761904761902,477.92098906998285,637.7014143264144,337.2157022186047,2300.08025403246,22.38888888888889,84.49473443223442,773.4771062271062,595.3977136411347,4.186507936507937,64.58369408369408,0.7142857142857142,21.797292984792985,0.0,28.180555555555554,74.82213157213157,2.1666666666666665,21.602032227032225,30.930555555555554,6.992063492063492,116.82247613497613,56.20014245014245,0.7149621212121212,2.589285714285714,16.91468253968254,6.079545454545454,2.8125,2.1031746031746033,283.03347809597807,288.0658623783624,5.7142857142857135,19.303571428571427,124.07348207348207,7.396214896214896,3.75,1.0416666666666667,0.0,11.790674603174603,2.5462962962962963,9.124759499759499,0.0,1.2142857142857142,19.51984126984127,2.5,0.0,44.95685564435564,1.4285714285714284,2.5,0.0,0.7142857142857142,4.880952380952381,4.0059523809523805,2.121212121212121,4.290674603174603,147.1101652976653,17.13095238095238,4.102564102564102,40.622835497835496,57.83104150751209,3.1529581529581527,2.1726190476190474,2.9313973063973062,108.84126984126983,3.958333333333333,135.54100066600066,1.2878787878787878,1.1688311688311688,15.145021645021645,0.0,17.505774318274316,3.2321428571428568,6.714285714285714,57.41491147741148,0.0,6.050595238095237,0.0,1.7045454545454546,14.928571428571427,15.666666666666666,37.73634698634699,1.6805555555555556,7.46031746031746,0.5952380952380952,0.0,2.242063492063492,10.139880952380953,80.83446414696415,16.753663003663004,17.053571428571427,10.783068783068783,5.375,1.3392857142857142,12.73015873015873,22.023809523809522,68.91603535353535,46.55261650114591,0.0,0.8333333333333333,0.0,39.05194805194805,0.625,2.7777777777777777,89.72213570742983,32.66898148148148,0.0,0.0,284.80251692751693,3.5,0.0,40.86661255411256,9.38888888888889,0.0,4.8809523809523805,12.538690476190476,99.869227994228,0.0,1.3888888888888888,0.6944444444444444,4.5625,0.0,5.946428571428571,0.0,2.569444444444444,0.0,4.722222222222222,0.0,0.0,6.26984126984127,2.626910126910127,0.0,0.0,0.0,13.040750915750916,4.375,1.25,0.0,0.0,0.0,6.944444444444445,8.51010101010101,0.5,10.176767676767676,23.642315394443877,17.201090576090575,0.0,0.0,2.5378787878787876,0.0,0.0,1.1944444444444444,2.5,0.0,1.6666666666666665,0.0,2.013888888888889,0.0
